{
  "dataset": "replica",
  "data_name": "hotel_0_20260501_081739_516968",
  "instruction": "Look at the power outlet behind the nightstand",
  "target_2d_coord": null,
  "fov_rad": 1.0471975667402222,
  "gt_cameras": [
    {
      "label": "start",
      "pose": [
        [
          0.0036110117676814157,
          0.16720975231412016,
          -0.9859147322791482,
          3.0794770848180484
        ],
        [
          0.9999934802757535,
          -0.0006038003198889917,
          0.0035601729115362075,
          1.1480191109485927
        ],
        [
          -1.383119780143882e-17,
          -0.9859211602132415,
          -0.16721084248270426,
          0.4647915363311762
        ],
        [
          0.0,
          0.0,
          0.0,
          1.0
        ]
      ],
      "color": [
        0,
        0,
        0
      ],
      "visible": false
    },
    {
      "label": "context_0",
      "pose": [
        [
          -0.0240160571617666,
          -0.13157905893061217,
          0.9910147435023584,
          -2.3983218278517944
        ],
        [
          -0.9997115492443654,
          0.003160921940169724,
          -0.02380713322306327,
          -0.15876182910272818
        ],
        [
          3.436006383930601e-11,
          -0.9913006128896481,
          -0.1316169983913985,
          0.4647915715669899
        ],
        [
          0.0,
          0.0,
          0.0,
          1.0
        ]
      ],
      "color": [
        0,
        0,
        0
      ],
      "visible": false
    },
    {
      "label": "context_1",
      "pose": [
        [
          -0.24548344384894136,
          -0.17736495463443544,
          0.9530370059190987,
          -2.3232195868884755
        ],
        [
          -0.9694008055513696,
          0.044914507799192274,
          -0.2413396102845203,
          1.5033326837865242
        ],
        [
          5.473909034381386e-10,
          -0.9831196843839578,
          -0.18296351092632118,
          0.46479156171820957
        ],
        [
          0.0,
          0.0,
          0.0,
          1.0
        ]
      ],
      "color": [
        0,
        0,
        0
      ],
      "visible": false
    },
    {
      "label": "context_2",
      "pose": [
        [
          -0.5907744142639203,
          -0.15554633224318143,
          0.7917012462002786,
          3.2412433497726507
        ],
        [
          -0.8068367596449034,
          0.11389268656171522,
          -0.5796920964244721,
          1.06924745859602
        ],
        [
          -1.0884327605875654e-09,
          -0.9812409698022928,
          -0.19278540036890862,
          0.46479153536547335
        ],
        [
          0.0,
          0.0,
          0.0,
          1.0
        ]
      ],
      "color": [
        0,
        0,
        0
      ],
      "visible": false
    },
    {
      "label": "context_3",
      "pose": [
        [
          0.6337764367736375,
          0.2211887025432464,
          -0.741217216634672,
          2.0302827603076747
        ],
        [
          0.7735162464985278,
          -0.18122978883763838,
          0.6073124012238311,
          -0.5284564938421268
        ],
        [
          -4.882128840089095e-09,
          -0.9582438949121852,
          -0.2859522252463389,
          0.46479154405744094
        ],
        [
          0.0,
          0.0,
          0.0,
          1.0
        ]
      ],
      "color": [
        0,
        0,
        0
      ],
      "visible": false
    },
    {
      "label": "target",
      "pose": [
        [
          -0.9976611397513879,
          0.029361809482748025,
          -0.061726446040592756,
          -0.006716086226413953
        ],
        [
          0.06835400929393225,
          0.4285503868947638,
          -0.900928587733185,
          -0.1902727381081104
        ],
        [
          -1.4227675426692343e-09,
          -0.9030406427386293,
          -0.4295550654608624,
          -0.032008493536762384
        ],
        [
          0.0,
          0.0,
          0.0,
          1.0
        ]
      ],
      "color": [
        144,
        238,
        144
      ],
      "visible": true
    }
  ],
  "algorithms": [
    {
      "key": "iperceive",
      "paper_name": "I-Perceive (Ours)",
      "color": [
        255,
        102,
        31
      ],
      "pose": [
        [
          -0.9305584334951832,
          0.15494866100958143,
          -0.33174097671053654,
          0.7616256199980787
        ],
        [
          0.3661356094192689,
          0.38780218765429925,
          -0.8459043953657748,
          0.23086207030977712
        ],
        [
          -0.0024218573777257946,
          -0.9086255773890188,
          -0.41760478161545467,
          0.0670466935862466
        ],
        [
          0.0,
          0.0,
          0.0,
          1.0
        ]
      ],
      "metrics": {
        "coverage_iou": 0.39565217391304347,
        "trans_error": 0.8817683691593485,
        "rot_error": 0.3067534185589763,
        "soft_f1": 0.7468084008462769
      }
    },
    {
      "key": "nbv_l",
      "paper_name": "NBV+L",
      "color": [
        30,
        85,
        230
      ],
      "pose": [
        [
          -0.7071067811865475,
          0.18301270189221938,
          -0.7071067811865476,
          2.304720618954919
        ],
        [
          0.7071067811865475,
          0.18301270189221938,
          -0.7071067811865476,
          3.0885226095030256
        ],
        [
          0.0,
          -0.9659258262890682,
          -0.25881904510252085,
          0.3752264073792282
        ],
        [
          0.0,
          0.0,
          0.0,
          1.0
        ]
      ],
      "metrics": {
        "coverage_iou": 0.0,
        "trans_error": 4.032254808721013,
        "rot_error": 0.7214198334037185,
        "soft_f1": 0.0
      }
    },
    {
      "key": "vln",
      "paper_name": "VLN+P",
      "color": [
        20,
        107,
        58
      ],
      "pose": [
        [
          -0.9668541273366034,
          -0.10790686219054235,
          0.23140701273808922,
          1.829485234473356
        ],
        [
          -0.2553293881482797,
          0.40861021065181624,
          -0.8762674245336882,
          1.1525328756581947
        ],
        [
          0.0,
          -0.9063077870366499,
          -0.4226182617406994,
          0.4647915363311763
        ],
        [
          0.0,
          0.0,
          0.0,
          1.0
        ]
      ],
      "metrics": {
        "coverage_iou": 0.0,
        "trans_error": 2.3284270451627753,
        "rot_error": 0.3266849104019971,
        "soft_f1": 0.0
      }
    },
    {
      "key": "vlm",
      "paper_name": "VLM",
      "color": [
        0,
        200,
        209
      ],
      "pose": [
        [
          -0.8896430102315728,
          0.1858094592055806,
          -0.4171452495424529,
          2.2863884941416233
        ],
        [
          0.45665667009921757,
          0.361987675732926,
          -0.8126682030640601,
          0.7998517232593381
        ],
        [
          0.0,
          -0.9134767470971572,
          -0.4068909344195276,
          0.34923796178390537
        ],
        [
          0.0,
          0.0,
          0.0,
          1.0
        ]
      ],
      "metrics": {
        "coverage_iou": 0.11743772241992882,
        "trans_error": 2.5266626198035866,
        "rot_error": 0.4065819778012215,
        "soft_f1": 0.30225907310774613
      }
    }
  ],
  "vln_trajectory": {
    "points": [
      [
        3.0794770848180484,
        1.1480191109485927,
        0.4647915363311763
      ],
      [
        2.329481974611233,
        1.1507273697743539,
        0.4647915363311763
      ],
      [
        2.329481974611233,
        1.1507273697743539,
        0.4647915363311763
      ],
      [
        2.329481974611233,
        1.1507273697743539,
        0.4647915363311763
      ],
      [
        2.329481974611233,
        1.1507273697743539,
        0.4647915363311763
      ],
      [
        2.329481974611233,
        1.1507273697743539,
        0.4647915363311763
      ],
      [
        2.5794803446801713,
        1.1498246168324335,
        0.4647915363311763
      ],
      [
        2.5794803446801713,
        1.1498246168324335,
        0.4647915363311763
      ],
      [
        2.5794803446801713,
        1.1498246168324335,
        0.4647915363311763
      ],
      [
        2.5794803446801713,
        1.1498246168324335,
        0.4647915363311763
      ],
      [
        2.5794803446801713,
        1.1498246168324335,
        0.4647915363311763
      ],
      [
        2.5794803446801713,
        1.1498246168324335,
        0.4647915363311763
      ],
      [
        2.5794803446801713,
        1.1498246168324335,
        0.4647915363311763
      ],
      [
        1.829485234473356,
        1.1525328756581947,
        0.4647915363311763
      ],
      [
        1.829485234473356,
        1.1525328756581947,
        0.4647915363311763
      ],
      [
        1.829485234473356,
        1.1525328756581947,
        0.4647915363311763
      ],
      [
        1.829485234473356,
        1.1525328756581947,
        0.4647915363311763
      ],
      [
        1.829485234473356,
        1.1525328756581947,
        0.4647915363311763
      ]
    ],
    "color": [
      108,
      147,
      125
    ]
  },
  "images": {
    "start": "images/start.png",
    "target": "images/target.png",
    "context": [
      "images/context_0.png",
      "images/context_1.png",
      "images/context_2.png",
      "images/context_3.png"
    ],
    "renders": {
      "iperceive": "images/render_iperceive.png",
      "nbv_l": "images/render_nbv_l.png",
      "vln": "images/render_vln.png",
      "vlm": "images/render_vlm.png"
    }
  }
}