{
  "dataset": "hssd",
  "data_name": "20260504_094333_b1ae72",
  "instruction": "Check the shelf above the sink",
  "target_2d_coord": null,
  "fov_rad": 0.8726646221409238,
  "gt_cameras": [
    {
      "label": "start",
      "pose": [
        [
          -0.6571236203641598,
          0.1426635212715553,
          -0.7401592175051932,
          -3.2907614840942823
        ],
        [
          0.7537828251953606,
          0.12436946884212553,
          -0.6452469974052016,
          5.868388041980069
        ],
        [
          -3.776016178954774e-17,
          -0.9819263490294616,
          -0.18926342774469654,
          1.4078849398331539
        ],
        [
          0.0,
          0.0,
          0.0,
          1.0
        ]
      ],
      "color": [
        0,
        0,
        0
      ],
      "visible": false
    },
    {
      "label": "context_0",
      "pose": [
        [
          -0.4552960024907816,
          0.5104801833486312,
          -0.7294625183376902,
          -3.1067041483393045
        ],
        [
          0.8903401508897009,
          0.2610458389385527,
          -0.3730275142819119,
          4.961464348901477
        ],
        [
          3.9001700896657e-09,
          -0.8193076438606242,
          -0.5733541223000977,
          1.805705471576477
        ],
        [
          0.0,
          0.0,
          0.0,
          1.0
        ]
      ],
      "color": [
        0,
        0,
        0
      ],
      "visible": false
    },
    {
      "label": "context_1",
      "pose": [
        [
          -0.6966667654903813,
          0.08383247749835694,
          -0.7124798428091973,
          -3.241908734721629
        ],
        [
          0.7173948703546557,
          0.0814102572168125,
          -0.6918937512637289,
          7.381068773581928
        ],
        [
          -7.097496895758226e-11,
          -0.9931487526313392,
          -0.11685681856170774,
          1.4883076592513298
        ],
        [
          0.0,
          0.0,
          0.0,
          1.0
        ]
      ],
      "color": [
        0,
        0,
        0
      ],
      "visible": false
    },
    {
      "label": "context_2",
      "pose": [
        [
          0.27608089854451134,
          0.07492864107118506,
          -0.958209292225925,
          -3.2051747628268714
        ],
        [
          0.9611344030531765,
          -0.021522866946451905,
          0.27524066090275606,
          2.324350262864294
        ],
        [
          4.442964718354148e-09,
          -0.9969565992134867,
          -0.07795855411239593,
          1.3663714946082444
        ],
        [
          0.0,
          0.0,
          0.0,
          1.0
        ]
      ],
      "color": [
        0,
        0,
        0
      ],
      "visible": false
    },
    {
      "label": "target",
      "pose": [
        [
          -0.23118807654198692,
          0.24440230691351503,
          -0.9417109837112219,
          -4.3514239803466985
        ],
        [
          0.9729090554194908,
          0.058076246793142355,
          -0.2237746237017893,
          4.100682751317822
        ],
        [
          2.082692435179112e-09,
          -0.967933165921092,
          -0.25120776713008813,
          2.02083700582161
        ],
        [
          0.0,
          0.0,
          0.0,
          1.0
        ]
      ],
      "color": [
        144,
        238,
        144
      ],
      "visible": true
    }
  ],
  "algorithms": [
    {
      "key": "iperceive",
      "paper_name": "I-Perceive (Ours)",
      "color": [
        255,
        102,
        31
      ],
      "pose": [
        [
          -0.27712969742670446,
          -0.0032819969846263064,
          -0.9608269173277989,
          -3.667962793302113
        ],
        [
          0.9608280034588146,
          -0.0040290077860746926,
          -0.2771161998744948,
          4.34348255617194
        ],
        [
          -0.0029616916856949754,
          -0.9999864808254655,
          0.004269997274004844,
          1.6010615066491574
        ],
        [
          0.0,
          0.0,
          0.0,
          1.0
        ]
      ],
      "metrics": {
        "coverage_iou": 0.34613304488912927,
        "trans_error": 0.8380228907359875,
        "rot_error": 0.26245564586332637,
        "soft_f1": 0.7425454545454545
      }
    },
    {
      "key": "nbv_l",
      "paper_name": "NBV+L",
      "color": [
        30,
        85,
        230
      ],
      "pose": [
        [
          0.8191520442889917,
          0.2225775617711668,
          -0.5594129122455599,
          -5.069698976537922
        ],
        [
          0.573576436351046,
          -0.2397080502184877,
          0.8043903103451555,
          3.4178099622596294
        ],
        [
          0.044943455527547777,
          -0.9457928610437255,
          -0.3216456898575938,
          2.113844567460007
        ],
        [
          0.0,
          0.0,
          0.0,
          1.0
        ]
      ],
      "metrics": {
        "coverage_iou": 0.24324324324324326,
        "trans_error": 0.9954319061813214,
        "rot_error": 1.1852105202536571,
        "soft_f1": 0.4940748933480803
      }
    },
    {
      "key": "vln",
      "paper_name": "VLN+P",
      "color": [
        20,
        107,
        58
      ],
      "pose": [
        [
          0.7537828251953606,
          0.0,
          -0.6571236203641595,
          -3.667652896691963
        ],
        [
          0.6571236203641595,
          0.0,
          0.7537828251953606,
          5.539826231797989
        ],
        [
          0.0,
          -0.9999999999999999,
          0.0,
          1.407884939833154
        ],
        [
          0.0,
          0.0,
          0.0,
          1.0
        ]
      ],
      "metrics": {
        "coverage_iou": 0.0,
        "trans_error": 1.7071575886332888,
        "rot_error": 1.1134529297816673,
        "soft_f1": 0.0
      }
    },
    {
      "key": "vlm",
      "paper_name": "VLM",
      "color": [
        0,
        200,
        209
      ],
      "pose": [
        [
          -0.46477916874205016,
          -0.3780890202261515,
          -0.8006428773728508,
          -4.048079286896508
        ],
        [
          0.8854266340603546,
          -0.19846692404695437,
          -0.42027438151271074,
          5.099305032406958
        ],
        [
          0.0,
          -0.9042453056796975,
          0.4270133805353536,
          1.1795484592583547
        ],
        [
          0.0,
          0.0,
          0.0,
          1.0
        ]
      ],
      "metrics": {
        "coverage_iou": 0.2215536105032823,
        "trans_error": 1.3405337977300542,
        "rot_error": 0.7370121461519695,
        "soft_f1": 0.5940582305279923
      }
    }
  ],
  "vln_trajectory": {
    "points": [
      [
        -3.2907614840942827,
        5.86838804198007,
        1.407884939833154
      ],
      [
        -3.2907614840942827,
        5.86838804198007,
        1.407884939833154
      ],
      [
        -3.2907614840942827,
        5.86838804198007,
        1.407884939833154
      ],
      [
        -3.2907614840942827,
        5.86838804198007,
        1.407884939833154
      ],
      [
        -3.2907614840942827,
        5.86838804198007,
        1.407884939833154
      ],
      [
        -3.2907614840942827,
        5.86838804198007,
        1.407884939833154
      ],
      [
        -3.2907614840942827,
        5.86838804198007,
        1.407884939833154
      ],
      [
        -3.2907614840942827,
        5.86838804198007,
        1.407884939833154
      ],
      [
        -3.2907614840942827,
        5.86838804198007,
        1.407884939833154
      ],
      [
        -3.2907614840942827,
        5.86838804198007,
        1.407884939833154
      ],
      [
        -3.2907614840942827,
        5.86838804198007,
        1.407884939833154
      ],
      [
        -3.2907614840942827,
        5.86838804198007,
        1.407884939833154
      ],
      [
        -3.2907614840942827,
        5.86838804198007,
        1.407884939833154
      ],
      [
        -3.2907614840942827,
        5.86838804198007,
        1.407884939833154
      ],
      [
        -3.2907614840942827,
        5.86838804198007,
        1.407884939833154
      ],
      [
        -3.4792071903931228,
        5.7041071368890295,
        1.407884939833154
      ],
      [
        -3.667652896691963,
        5.539826231797989,
        1.407884939833154
      ],
      [
        -3.667652896691963,
        5.539826231797989,
        1.407884939833154
      ],
      [
        -3.667652896691963,
        5.539826231797989,
        1.407884939833154
      ],
      [
        -3.667652896691963,
        5.539826231797989,
        1.407884939833154
      ]
    ],
    "color": [
      108,
      147,
      125
    ]
  },
  "images": {
    "start": "images/start.png",
    "target": "images/target.png",
    "context": [
      "images/context_0.png",
      "images/context_1.png",
      "images/context_2.png"
    ],
    "renders": {
      "iperceive": "images/render_iperceive.png",
      "nbv_l": "images/render_nbv_l.png",
      "vln": "images/render_vln.png",
      "vlm": "images/render_vlm.png"
    }
  }
}