{
  "dataset": "replica",
  "data_name": "frl_apartment_0_20260502_110012_703046",
  "instruction": "Check the remote controls and laptop on the TV stand",
  "target_2d_coord": null,
  "fov_rad": 1.0471975667402222,
  "gt_cameras": [
    {
      "label": "start",
      "pose": [
        [
          -0.9891500419231143,
          0.009219270841899045,
          -0.14661923341992114,
          4.149375132114438
        ],
        [
          0.14690879675329732,
          0.062074173509696996,
          -0.9872003861524703,
          -1.8658677185940375
        ],
        [
          0.0,
          -0.9980289585118418,
          -0.06275506331578559,
          -0.14106273651123247
        ],
        [
          0.0,
          0.0,
          0.0,
          1.0
        ]
      ],
      "color": [
        0,
        0,
        0
      ],
      "visible": false
    },
    {
      "label": "context_0",
      "pose": [
        [
          -0.5664888010708113,
          -0.09111717577966745,
          0.8190165355473193,
          3.245198792913726
        ],
        [
          -0.8240694711363163,
          0.06263653751292939,
          -0.5630152762655358,
          -4.445448607593215
        ],
        [
          -1.307649440118741e-09,
          -0.9938683423096134,
          -0.110569775025962,
          -0.141062735296395
        ],
        [
          0.0,
          0.0,
          0.0,
          1.0
        ]
      ],
      "color": [
        0,
        0,
        0
      ],
      "visible": false
    },
    {
      "label": "context_1",
      "pose": [
        [
          0.553571000194878,
          0.11851732388273511,
          -0.8243256408852483,
          4.7594762831100415
        ],
        [
          0.8328019746052175,
          -0.07877953721542694,
          0.547936704897252,
          -8.103362190811906
        ],
        [
          -8.774497586849783e-10,
          -0.989821921311016,
          -0.14231153915587472,
          -0.14106268500416702
        ],
        [
          0.0,
          0.0,
          0.0,
          1.0
        ]
      ],
      "color": [
        0,
        0,
        0
      ],
      "visible": false
    },
    {
      "label": "context_2",
      "pose": [
        [
          -0.9988212884135961,
          -0.006138022691252862,
          0.048148817149166245,
          3.031498849043512
        ],
        [
          -0.048538495786362934,
          0.12630779109794812,
          -0.990802907793847,
          -5.0531924796267305
        ],
        [
          -4.487361576072102e-10,
          -0.9919720976083243,
          -0.1264568445662196,
          -0.1410627424221237
        ],
        [
          0.0,
          0.0,
          0.0,
          1.0
        ]
      ],
      "color": [
        0,
        0,
        0
      ],
      "visible": false
    },
    {
      "label": "context_3",
      "pose": [
        [
          0.8726711638795235,
          0.08010767350741078,
          -0.4816926177034133,
          2.1593764481155717
        ],
        [
          0.4883083593128238,
          -0.1431629493927708,
          0.8608480448227036,
          -4.842671417366462
        ],
        [
          -5.770223882040071e-10,
          -0.9864518059579023,
          -0.16405141644233764,
          -0.1410627371250518
        ],
        [
          0.0,
          0.0,
          0.0,
          1.0
        ]
      ],
      "color": [
        0,
        0,
        0
      ],
      "visible": false
    },
    {
      "label": "target",
      "pose": [
        [
          -0.9755156012550901,
          -0.12432642189907818,
          0.18141724140094928,
          4.536903217624169
        ],
        [
          -0.21993016440599658,
          0.5514585525374521,
          -0.8046888789753994,
          -7.6479386329518855
        ],
        [
          -4.390019056610406e-09,
          -0.8248857116092283,
          -0.5652995426587057,
          -0.14106278002622402
        ],
        [
          0.0,
          0.0,
          0.0,
          1.0
        ]
      ],
      "color": [
        144,
        238,
        144
      ],
      "visible": true
    }
  ],
  "algorithms": [
    {
      "key": "iperceive",
      "paper_name": "I-Perceive (Ours)",
      "color": [
        255,
        102,
        31
      ],
      "pose": [
        [
          -0.9938060521887206,
          -0.08811936001145299,
          0.0677092917735849,
          4.328970135481815
        ],
        [
          -0.09220783604292304,
          0.3137922624653462,
          -0.9450037850501002,
          -6.993124407795785
        ],
        [
          0.06202647987457715,
          -0.9453937923424068,
          -0.3199739536679966,
          -0.336128992536062
        ],
        [
          0.0,
          0.0,
          0.0,
          1.0
        ]
      ],
      "metrics": {
        "coverage_iou": 0.49571317225253314,
        "trans_error": 0.7141909858565788,
        "rot_error": 0.3058341876338673,
        "soft_f1": 0.8144164443400009
      }
    },
    {
      "key": "nbv_l",
      "paper_name": "NBV+L",
      "color": [
        30,
        85,
        230
      ],
      "pose": [
        [
          0.0,
          0.3927324844164832,
          -1.0467861270021,
          5.538594976515043
        ],
        [
          1.0,
          0.0,
          0.0,
          -8.803954719708765
        ],
        [
          0.0,
          -0.9135454576426009,
          -0.4067366430758002,
          -0.7036116227192225
        ],
        [
          0.0,
          0.0,
          0.0,
          1.0
        ]
      ],
      "metrics": {
        "coverage_iou": 0.13335755813953487,
        "trans_error": 1.6297916067191924,
        "rot_error": 1.8106719404043359,
        "soft_f1": 0.314452605474735
      }
    },
    {
      "key": "vln",
      "paper_name": "VLN+P",
      "color": [
        20,
        107,
        58
      ],
      "pose": [
        [
          -0.9934683660612991,
          -0.023724359858936787,
          0.11161433772045601,
          4.691387507112276
        ],
        [
          -0.11410786842059728,
          0.2065536877617614,
          -0.9717586986677939,
          -6.584842457385209
        ],
        [
          0.0,
          -0.9781476007338056,
          -0.20791169081775931,
          -0.14106273651123247
        ],
        [
          0.0,
          0.0,
          0.0,
          1.0
        ]
      ],
      "metrics": {
        "coverage_iou": 0.3778548713501012,
        "trans_error": 1.0742620798610696,
        "rot_error": 0.40564061043515653,
        "soft_f1": 0.696960719188941
      }
    },
    {
      "key": "vlm",
      "paper_name": "VLM",
      "color": [
        0,
        200,
        209
      ],
      "pose": [
        [
          -0.8948561366764359,
          -0.06376933822390272,
          0.4417759230141559,
          3.7323774775213936
        ],
        [
          -0.4463546736089183,
          0.12784538174557697,
          -0.8856766135073251,
          -3.4159529626268132
        ],
        [
          0.0,
          -0.989741900633096,
          -0.14286696654995795,
          -0.2783484249011516
        ],
        [
          0.0,
          0.0,
          0.0,
          1.0
        ]
      ],
      "metrics": {
        "coverage_iou": 0.08421977164048014,
        "trans_error": 4.309966622756601,
        "rot_error": 0.5160307855385579,
        "soft_f1": 0.21767721510876337
      }
    }
  ],
  "vln_trajectory": {
    "points": [
      [
        4.149375132114438,
        -1.8658677185940375,
        -0.14106273651123247
      ],
      [
        4.149375132114438,
        -1.8658677185940375,
        -0.14106273651123247
      ],
      [
        4.234956033429886,
        -2.6109689931400117,
        -0.14106273651123247
      ],
      [
        4.320536934745334,
        -3.356070267685986,
        -0.14106273651123247
      ],
      [
        4.4061178360607824,
        -4.101171542231961,
        -0.14106273651123247
      ],
      [
        4.491698737376231,
        -4.846272816777935,
        -0.14106273651123247
      ],
      [
        4.577279638691679,
        -5.591374091323909,
        -0.14106273651123247
      ],
      [
        4.662860540007127,
        -6.336475365869884,
        -0.14106273651123247
      ],
      [
        4.691387507112276,
        -6.584842457385209,
        -0.14106273651123247
      ],
      [
        4.691387507112276,
        -6.584842457385209,
        -0.14106273651123247
      ]
    ],
    "color": [
      108,
      147,
      125
    ]
  },
  "images": {
    "start": "images/start.png",
    "target": "images/target.png",
    "context": [
      "images/context_0.png",
      "images/context_1.png",
      "images/context_2.png",
      "images/context_3.png"
    ],
    "renders": {
      "iperceive": "images/render_iperceive.png",
      "nbv_l": "images/render_nbv_l.png",
      "vln": "images/render_vln.png",
      "vlm": "images/render_vlm.png"
    }
  }
}