{
  "dataset": "hssd",
  "data_name": "20260501_130922_6184ca",
  "instruction": "Look at the television screen from the front",
  "target_2d_coord": null,
  "fov_rad": 0.8726646221409238,
  "gt_cameras": [
    {
      "label": "start",
      "pose": [
        [
          0.43120919952597375,
          0.2394285883208021,
          -0.8699037747583791,
          -4.547034994206996
        ],
        [
          0.9022519749184088,
          -0.11442902069877252,
          0.4157491707481217,
          1.2654639904623088
        ],
        [
          1.4730870028369326e-17,
          -0.9641472658866111,
          -0.2653677630824292,
          1.3425828962749862
        ],
        [
          0.0,
          0.0,
          0.0,
          1.0
        ]
      ],
      "color": [
        0,
        0,
        0
      ],
      "visible": false
    },
    {
      "label": "context_0",
      "pose": [
        [
          0.4312091995259739,
          0.23942858832080205,
          -0.869903774758379,
          -3.6067013109686967
        ],
        [
          0.9022519749184087,
          -0.11442902069877274,
          0.415749170748122,
          3.553015123602374
        ],
        [
          -1.5516021862986437e-16,
          -0.9641472658866111,
          -0.2653677630824292,
          1.8439537655925513
        ],
        [
          0.0,
          0.0,
          0.0,
          1.0
        ]
      ],
      "color": [
        0,
        0,
        0
      ],
      "visible": false
    },
    {
      "label": "context_1",
      "pose": [
        [
          0.9314040291232364,
          0.125372499296776,
          -0.3417137750304344,
          -6.628651150413148
        ],
        [
          0.3639870425185126,
          -0.32081484707748503,
          0.8744091281476007,
          1.311626172472912
        ],
        [
          1.5972647926520978e-09,
          -0.9388075480125303,
          -0.3444422033369736,
          1.7807023121961525
        ],
        [
          0.0,
          0.0,
          0.0,
          1.0
        ]
      ],
      "color": [
        0,
        0,
        0
      ],
      "visible": false
    },
    {
      "label": "context_2",
      "pose": [
        [
          0.8914497098322794,
          0.27056784115000454,
          -0.36346996536802356,
          -5.337847987436188
        ],
        [
          0.4531196160266362,
          -0.5323045435036441,
          0.7150765275996844,
          2.1001918914464524
        ],
        [
          -8.163172887654113e-09,
          -0.8021501593445466,
          -0.5971223475972471,
          1.3820519338205544
        ],
        [
          0.0,
          0.0,
          0.0,
          1.0
        ]
      ],
      "color": [
        0,
        0,
        0
      ],
      "visible": false
    },
    {
      "label": "target",
      "pose": [
        [
          0.9700127071675795,
          0.02249771606383702,
          -0.2420107696746065,
          -6.10332819193213
        ],
        [
          0.24305424377134088,
          -0.08978685546689164,
          0.9658483244717097,
          3.205437121087738
        ],
        [
          -5.381733281240031e-09,
          -0.9957069002484337,
          -0.0925625546651918,
          1.6727426333671784
        ],
        [
          0.0,
          0.0,
          0.0,
          1.0
        ]
      ],
      "color": [
        144,
        238,
        144
      ],
      "visible": true
    }
  ],
  "algorithms": [
    {
      "key": "iperceive",
      "paper_name": "I-Perceive (Ours)",
      "color": [
        255,
        102,
        31
      ],
      "pose": [
        [
          0.9541170843079612,
          -0.0044865250109527854,
          -0.2994003320453913,
          -6.116257632614057
        ],
        [
          0.29873071979701554,
          -0.05422143116291253,
          0.9527958971291166,
          2.5533751262514404
        ],
        [
          -0.020508624218437854,
          -0.9985188414339574,
          -0.05039335073835624,
          1.6458131491424313
        ],
        [
          0.0,
          0.0,
          0.0,
          1.0
        ]
      ],
      "metrics": {
        "coverage_iou": 0.490063233965673,
        "trans_error": 0.652745842111367,
        "rot_error": 0.07423352867164346,
        "soft_f1": 0.7480161448663624
      }
    },
    {
      "key": "nbv_l",
      "paper_name": "NBV+L",
      "color": [
        30,
        85,
        230
      ],
      "pose": [
        [
          0.838670567945424,
          0.0,
          -0.5446390350150272,
          -5.2160715442680585
        ],
        [
          0.5446390350150272,
          0.0,
          0.838670567945424,
          4.300961479227394
        ],
        [
          0.0,
          -1.0,
          0.0,
          1.5848042404559155
        ],
        [
          0.0,
          0.0,
          0.0,
          1.0
        ]
      ],
      "metrics": {
        "coverage_iou": 0.07922272047832586,
        "trans_error": 1.4124911331801582,
        "rot_error": 0.3430863155163337,
        "soft_f1": 0.25143097201071263
      }
    },
    {
      "key": "vln",
      "paper_name": "VLN+P",
      "color": [
        20,
        107,
        58
      ],
      "pose": [
        [
          0.9969777306570087,
          -0.02010709937807092,
          -0.07504071647179723,
          -4.547034994206996
        ],
        [
          0.07768786632415825,
          0.2580368242371252,
          0.9630065382766712,
          1.265463990462309
        ],
        [
          3.469446951953614e-18,
          -0.9659258262890682,
          0.25881904510252063,
          1.3425828962749866
        ],
        [
          0.0,
          0.0,
          0.0,
          1.0
        ]
      ],
      "metrics": {
        "coverage_iou": 0.07458893871449926,
        "trans_error": 2.508894050464766,
        "rot_error": 0.3918036190745596,
        "soft_f1": 0.1773557373485936
      }
    },
    {
      "key": "vlm",
      "paper_name": "VLM",
      "color": [
        0,
        200,
        209
      ],
      "pose": [
        [
          0.8384624703601681,
          -0.04868763492578559,
          -0.5427800659593697,
          -5.311242670532494
        ],
        [
          0.5449593432518836,
          0.07490972521412419,
          0.8351094822062675,
          2.1764670004441955
        ],
        [
          -0.0,
          -0.9960010277472999,
          0.08934177481067952,
          1.1298060651322832
        ],
        [
          0.0,
          0.0,
          0.0,
          1.0
        ]
      ],
      "metrics": {
        "coverage_iou": 0.2314647377938517,
        "trans_error": 1.4074654232088286,
        "rot_error": 0.37725894007470284,
        "soft_f1": 0.46016869728209936
      }
    }
  ],
  "vln_trajectory": {
    "points": [
      [
        -4.547034994206996,
        1.265463990462309,
        1.3425828962749866
      ],
      [
        -4.547034994206996,
        1.265463990462309,
        1.3425828962749866
      ],
      [
        -4.547034994206996,
        1.265463990462309,
        1.3425828962749866
      ],
      [
        -4.547034994206996,
        1.265463990462309,
        1.3425828962749866
      ],
      [
        -4.547034994206996,
        1.265463990462309,
        1.3425828962749866
      ],
      [
        -4.547034994206996,
        1.265463990462309,
        1.3425828962749866
      ],
      [
        -4.547034994206996,
        1.265463990462309,
        1.3425828962749866
      ],
      [
        -4.547034994206996,
        1.265463990462309,
        1.3425828962749866
      ],
      [
        -4.547034994206996,
        1.265463990462309,
        1.3425828962749866
      ],
      [
        -4.547034994206996,
        1.265463990462309,
        1.3425828962749866
      ],
      [
        -4.547034994206996,
        1.265463990462309,
        1.3425828962749866
      ],
      [
        -4.547034994206996,
        1.265463990462309,
        1.3425828962749866
      ],
      [
        -4.547034994206996,
        1.265463990462309,
        1.3425828962749866
      ],
      [
        -4.547034994206996,
        1.265463990462309,
        1.3425828962749866
      ],
      [
        -4.547034994206996,
        1.265463990462309,
        1.3425828962749866
      ],
      [
        -4.547034994206996,
        1.265463990462309,
        1.3425828962749866
      ],
      [
        -4.547034994206996,
        1.265463990462309,
        1.3425828962749866
      ],
      [
        -4.547034994206996,
        1.265463990462309,
        1.3425828962749866
      ]
    ],
    "color": [
      108,
      147,
      125
    ]
  },
  "images": {
    "start": "images/start.png",
    "target": "images/target.png",
    "context": [
      "images/context_0.png",
      "images/context_1.png",
      "images/context_2.png"
    ],
    "renders": {
      "iperceive": "images/render_iperceive.png",
      "nbv_l": "images/render_nbv_l.png",
      "vln": "images/render_vln.png",
      "vlm": "images/render_vlm.png"
    }
  }
}