{
  "dataset": "replica",
  "data_name": "hotel_0_20260501_074837_332140",
  "instruction": "Prepare to slide open the wardrobe door",
  "target_2d_coord": null,
  "fov_rad": 1.0471975667402222,
  "gt_cameras": [
    {
      "label": "start",
      "pose": [
        [
          -0.011574029143158526,
          0.1415137868152597,
          -0.9898686225911995,
          4.070109104152899
        ],
        [
          0.9999330186814481,
          0.0016379944077837552,
          -0.011457535726619117,
          1.2599316226936317
        ],
        [
          0.0,
          -0.989934929738074,
          -0.14152326623023753,
          0.4647915363311764
        ],
        [
          0.0,
          0.0,
          0.0,
          1.0
        ]
      ],
      "color": [
        0,
        0,
        0
      ],
      "visible": false
    },
    {
      "label": "context_0",
      "pose": [
        [
          -0.663565153203137,
          0.17637601604033531,
          -0.727030085302119,
          2.210809857163305
        ],
        [
          0.7481184491097548,
          0.1564417781750554,
          -0.6448602365363237,
          1.1523919482005147
        ],
        [
          -2.224104234116453e-11,
          -0.9718114372893493,
          -0.23575947451136411,
          0.46479153293778375
        ],
        [
          0.0,
          0.0,
          0.0,
          1.0
        ]
      ],
      "color": [
        0,
        0,
        0
      ],
      "visible": false
    },
    {
      "label": "context_1",
      "pose": [
        [
          -0.4889041194091494,
          -0.1681739103646633,
          0.8559732878526642,
          -2.07259005049748
        ],
        [
          -0.8723375515935745,
          0.09425356101426063,
          -0.47973275091283996,
          1.4288458973434834
        ],
        [
          -5.58951676610242e-10,
          -0.9812409221114291,
          -0.19278538727704286,
          0.4647914826747205
        ],
        [
          0.0,
          0.0,
          0.0,
          1.0
        ]
      ],
      "color": [
        0,
        0,
        0
      ],
      "visible": false
    },
    {
      "label": "context_2",
      "pose": [
        [
          0.345871036201442,
          -0.1937584591423296,
          0.9180582416839094,
          -2.3928692079219838
        ],
        [
          -0.9382820483290497,
          -0.07142354453083995,
          0.33841606824723686,
          -0.2556717087676008
        ],
        [
          -4.906547799998773e-09,
          -0.9784458892160343,
          -0.20650342241241448,
          0.4647915658416579
        ],
        [
          0.0,
          0.0,
          0.0,
          1.0
        ]
      ],
      "color": [
        0,
        0,
        0
      ],
      "visible": false
    },
    {
      "label": "target",
      "pose": [
        [
          0.99650510502947,
          -0.01724963459382134,
          0.08173148030516947,
          2.4029547652724905
        ],
        [
          -0.08353193888012572,
          -0.20578171538038412,
          0.975026287280637,
          1.0035560797921668
        ],
        [
          -1.181462122579191e-09,
          -0.97844590202112,
          -0.2065034246799841,
          0.46479153436767245
        ],
        [
          0.0,
          0.0,
          0.0,
          1.0
        ]
      ],
      "color": [
        144,
        238,
        144
      ],
      "visible": true
    }
  ],
  "algorithms": [
    {
      "key": "iperceive",
      "paper_name": "I-Perceive (Ours)",
      "color": [
        255,
        102,
        31
      ],
      "pose": [
        [
          0.8063930832407525,
          0.23423692237266142,
          -0.5430131181958683,
          2.4587324351743804
        ],
        [
          0.5887766691453349,
          -0.23193425168646606,
          0.77430525459022,
          1.3524726379503123
        ],
        [
          0.0554275310591001,
          -0.9441078380762901,
          -0.3249434201582166,
          0.13631862035708125
        ],
        [
          0.0,
          0.0,
          0.0,
          1.0
        ]
      ],
      "metrics": {
        "coverage_iou": 0.1537190082644628,
        "trans_error": 0.48244002453640544,
        "rot_error": 0.7230912982967084,
        "soft_f1": 0.44951008685614147
      }
    },
    {
      "key": "nbv_l",
      "paper_name": "NBV+L",
      "color": [
        30,
        85,
        230
      ],
      "pose": [
        [
          0.0,
          0.0,
          1.0,
          1.9315824935823735
        ],
        [
          -1.0,
          0.0,
          0.0,
          1.6752170142591511
        ],
        [
          0.0,
          -1.0,
          0.0,
          -0.049330185055657116
        ],
        [
          0.0,
          0.0,
          0.0,
          1.0
        ]
      ],
      "metrics": {
        "coverage_iou": 0.01818600368324125,
        "trans_error": 0.9683188745973894,
        "rot_error": 1.4988797028800258,
        "soft_f1": 0.052544571129909595
      }
    },
    {
      "key": "vln",
      "paper_name": "VLN+P",
      "color": [
        20,
        107,
        58
      ],
      "pose": [
        [
          -0.6988753437492087,
          -0.14870748392088465,
          0.699613706358977,
          4.24891997733659
        ],
        [
          -0.7152434927347644,
          0.1453043543897408,
          -0.6836032407003022,
          1.0852127867563297
        ],
        [
          -2.7755575615628914e-17,
          -0.9781476007338056,
          -0.20791169081775931,
          0.4647915363311763
        ],
        [
          0.0,
          0.0,
          0.0,
          1.0
        ]
      ],
      "metrics": {
        "coverage_iou": 0.0,
        "trans_error": 1.84777033531125,
        "rot_error": 2.260991061064633,
        "soft_f1": 0.0
      }
    },
    {
      "key": "vlm",
      "paper_name": "VLM",
      "color": [
        0,
        200,
        209
      ],
      "pose": [
        [
          -0.048548071096499786,
          0.163858456684346,
          0.9852885318351339,
          1.8951777030830588
        ],
        [
          -0.9988208471957367,
          -0.007964403253304778,
          -0.047890327708312315,
          1.615833926583217
        ],
        [
          0.0,
          -0.9864517091342299,
          0.16405189894102704,
          0.10314490028346412
        ],
        [
          0.0,
          0.0,
          0.0,
          1.0
        ]
      ],
      "metrics": {
        "coverage_iou": 0.021811750835134605,
        "trans_error": 0.8737906306543294,
        "rot_error": 1.5712890460970779,
        "soft_f1": 0.060952708734418194
      }
    }
  ],
  "vln_trajectory": {
    "points": [
      [
        4.070109104152899,
        1.259931622693632,
        0.4647915363311763
      ],
      [
        4.070109104152899,
        1.259931622693632,
        0.4647915363311763
      ],
      [
        4.070109104152899,
        1.259931622693632,
        0.4647915363311763
      ],
      [
        4.070109104152899,
        1.259931622693632,
        0.4647915363311763
      ],
      [
        4.070109104152899,
        1.259931622693632,
        0.4647915363311763
      ],
      [
        4.070109104152899,
        1.259931622693632,
        0.4647915363311763
      ],
      [
        4.070109104152899,
        1.259931622693632,
        0.4647915363311763
      ],
      [
        4.070109104152899,
        1.259931622693632,
        0.4647915363311763
      ],
      [
        4.24891997733659,
        1.0852127867563297,
        0.4647915363311763
      ],
      [
        4.24891997733659,
        1.0852127867563297,
        0.4647915363311763
      ],
      [
        4.24891997733659,
        1.0852127867563297,
        0.4647915363311763
      ],
      [
        4.24891997733659,
        1.0852127867563297,
        0.4647915363311763
      ],
      [
        4.24891997733659,
        1.0852127867563297,
        0.4647915363311763
      ],
      [
        4.24891997733659,
        1.0852127867563297,
        0.4647915363311763
      ],
      [
        4.24891997733659,
        1.0852127867563297,
        0.4647915363311763
      ],
      [
        4.24891997733659,
        1.0852127867563297,
        0.4647915363311763
      ],
      [
        4.24891997733659,
        1.0852127867563297,
        0.4647915363311763
      ],
      [
        4.24891997733659,
        1.0852127867563297,
        0.4647915363311763
      ],
      [
        4.24891997733659,
        1.0852127867563297,
        0.4647915363311763
      ],
      [
        4.24891997733659,
        1.0852127867563297,
        0.4647915363311763
      ],
      [
        4.24891997733659,
        1.0852127867563297,
        0.4647915363311763
      ]
    ],
    "color": [
      108,
      147,
      125
    ]
  },
  "images": {
    "start": "images/start.png",
    "target": "images/target.png",
    "context": [
      "images/context_0.png",
      "images/context_1.png",
      "images/context_2.png"
    ],
    "renders": {
      "iperceive": "images/render_iperceive.png",
      "nbv_l": "images/render_nbv_l.png",
      "vln": "images/render_vln.png",
      "vlm": "images/render_vlm.png"
    }
  }
}