{
  "dataset": "replica",
  "data_name": "frl_apartment_4_20260504_075502_344648",
  "instruction": "Check the shoes on the lower tiers of the rack",
  "target_2d_coord": null,
  "fov_rad": 1.0471975667402222,
  "gt_cameras": [
    {
      "label": "start",
      "pose": [
        [
          -0.999976000237361,
          -0.0013002484083852908,
          0.006805020452966519,
          0.05834537422489176
        ],
        [
          -0.006928127401311347,
          0.18767224206731742,
          -0.9822072747684862,
          2.870509611303014
        ],
        [
          -5.0203744027833766e-20,
          -0.9822308480756968,
          -0.1876767462646806,
          -0.03185820579528997
        ],
        [
          0.0,
          0.0,
          0.0,
          1.0
        ]
      ],
      "color": [
        0,
        0,
        0
      ],
      "visible": false
    },
    {
      "label": "context_0",
      "pose": [
        [
          -0.9821790850422487,
          0.0009014557625994334,
          -0.1879451588218906,
          0.3046015994244169
        ],
        [
          0.1879473242953155,
          0.0047108336304720055,
          -0.9821677997224395,
          0.9874660542201128
        ],
        [
          1.933402507536819e-09,
          -0.999988469289503,
          -0.004796318000563793,
          -0.03185822471327737
        ],
        [
          0.0,
          0.0,
          0.0,
          1.0
        ]
      ],
      "color": [
        0,
        0,
        0
      ],
      "visible": false
    },
    {
      "label": "context_1",
      "pose": [
        [
          -0.690170415346103,
          0.0771360096174691,
          -0.7195240597380161,
          2.935554647017348
        ],
        [
          0.7236468707561696,
          0.07356763117721539,
          -0.6862382820741741,
          -1.119220556070056
        ],
        [
          -6.595281043519918e-09,
          -0.9943027037800646,
          -0.10659343223352108,
          -0.03185817651882039
        ],
        [
          0.0,
          0.0,
          0.0,
          1.0
        ]
      ],
      "color": [
        0,
        0,
        0
      ],
      "visible": false
    },
    {
      "label": "context_2",
      "pose": [
        [
          0.8685532197427747,
          0.0636545974777538,
          -0.49149102617457496,
          2.2461096812005805
        ],
        [
          0.49559594857309214,
          -0.11155742272186639,
          0.8613591384881917,
          -4.331784755159024
        ],
        [
          6.640234195831596e-09,
          -0.9917172122098719,
          -0.128440520510027,
          -0.031858302502660196
        ],
        [
          0.0,
          0.0,
          0.0,
          1.0
        ]
      ],
      "color": [
        0,
        0,
        0
      ],
      "visible": false
    },
    {
      "label": "context_3",
      "pose": [
        [
          0.9817238277970702,
          -0.019150203853549933,
          0.18934527947863286,
          3.905986968862294
        ],
        [
          -0.19031123373054462,
          -0.09878666887237009,
          0.9767409352135838,
          -5.542807312832725
        ],
        [
          -2.4890904684604642e-09,
          -0.9949243663899183,
          -0.10062572925624422,
          -0.03185822182380904
        ],
        [
          0.0,
          0.0,
          0.0,
          1.0
        ]
      ],
      "color": [
        0,
        0,
        0
      ],
      "visible": false
    },
    {
      "label": "target",
      "pose": [
        [
          -0.7893346229849894,
          0.32132745799752205,
          -0.523162989756623,
          -0.01156332063985921
        ],
        [
          0.6139632167442379,
          0.41311087876946173,
          -0.6725983596214224,
          1.3301653636490012
        ],
        [
          -7.519514205744926e-09,
          -0.8521080207969378,
          -0.523365951940836,
          -0.5288582118953347
        ],
        [
          0.0,
          0.0,
          0.0,
          1.0
        ]
      ],
      "color": [
        144,
        238,
        144
      ],
      "visible": true
    }
  ],
  "algorithms": [
    {
      "key": "iperceive",
      "paper_name": "I-Perceive (Ours)",
      "color": [
        255,
        102,
        31
      ],
      "pose": [
        [
          -0.9644786156823353,
          0.11000439828085677,
          -0.24016661728860805,
          -0.13543855345093886
        ],
        [
          0.263003424474315,
          0.4848946009690337,
          -0.8340902233901649,
          1.2568293095996153
        ],
        [
          0.024701910621885943,
          -0.8676267981418541,
          -0.496602029265306,
          -0.48623198393043443
        ],
        [
          0.0,
          0.0,
          0.0,
          1.0
        ]
      ],
      "metrics": {
        "coverage_iou": 0.23023973415618323,
        "trans_error": 0.15013410814196604,
        "rot_error": 0.39718925272634925,
        "soft_f1": 0.46682507479652974
      }
    },
    {
      "key": "nbv_l",
      "paper_name": "NBV+L",
      "color": [
        30,
        85,
        230
      ],
      "pose": [
        [
          -0.7071067811865474,
          0.08282139141036253,
          -0.725695711837091,
          -0.23057789487019714
        ],
        [
          0.7071067811865477,
          0.08282139141036249,
          -0.7256957118370906,
          1.788224100420689
        ],
        [
          0.0,
          -0.9925461516413221,
          -0.12186934340514755,
          -0.810387201254744
        ],
        [
          0.0,
          0.0,
          0.0,
          1.0
        ]
      ],
      "metrics": {
        "coverage_iou": 0.02361111111111111,
        "trans_error": 0.580554738484909,
        "rot_error": 0.4147845573906953,
        "soft_f1": 0.17252711140322052
      }
    },
    {
      "key": "vln",
      "paper_name": "VLN+P",
      "color": [
        20,
        107,
        58
      ],
      "pose": [
        [
          0.4939880657884905,
          0.4987067487604164,
          -0.712227049191029,
          0.05834537422489176
        ],
        [
          0.8694686830809639,
          -0.28333991437490846,
          0.4046513339450071,
          2.870509611303014
        ],
        [
          8.326672684688674e-17,
          -0.8191520442889916,
          -0.573576436351046,
          -0.031858205795290084
        ],
        [
          0.0,
          0.0,
          0.0,
          1.0
        ]
      ],
      "metrics": {
        "coverage_iou": 0.0,
        "trans_error": 1.6200483630131588,
        "rot_error": 1.4274374386614235,
        "soft_f1": 0.0
      }
    },
    {
      "key": "vlm",
      "paper_name": "VLM",
      "color": [
        0,
        200,
        209
      ],
      "pose": [
        [
          0.9414735485045795,
          0.13913200821313132,
          -0.3070339423529203,
          -0.07201330927777873
        ],
        [
          0.33708686931738424,
          -0.388591539469466,
          0.8575366219506634,
          1.6856999662425272
        ],
        [
          -0.0,
          -0.9108451568424413,
          -0.4127482286535805,
          -0.2298499210862919
        ],
        [
          0.0,
          0.0,
          0.0,
          1.0
        ]
      ],
      "metrics": {
        "coverage_iou": 0.0,
        "trans_error": 0.4684709503112628,
        "rot_error": 2.1388562069320027,
        "soft_f1": 0.0
      }
    }
  ],
  "vln_trajectory": {
    "points": [
      [
        0.05834537422489176,
        2.870509611303014,
        -0.031858205795290084
      ],
      [
        0.05834537422489176,
        2.870509611303014,
        -0.031858205795290084
      ],
      [
        0.05834537422489176,
        2.870509611303014,
        -0.031858205795290084
      ],
      [
        0.05834537422489176,
        2.870509611303014,
        -0.031858205795290084
      ],
      [
        0.05834537422489176,
        2.870509611303014,
        -0.031858205795290084
      ],
      [
        0.05834537422489176,
        2.870509611303014,
        -0.031858205795290084
      ],
      [
        0.05834537422489176,
        2.870509611303014,
        -0.031858205795290084
      ],
      [
        0.05834537422489176,
        2.870509611303014,
        -0.031858205795290084
      ],
      [
        0.05834537422489176,
        2.870509611303014,
        -0.031858205795290084
      ],
      [
        0.05834537422489176,
        2.870509611303014,
        -0.031858205795290084
      ],
      [
        0.05834537422489176,
        2.870509611303014,
        -0.031858205795290084
      ],
      [
        0.05834537422489176,
        2.870509611303014,
        -0.031858205795290084
      ],
      [
        0.05834537422489176,
        2.870509611303014,
        -0.031858205795290084
      ],
      [
        0.05834537422489176,
        2.870509611303014,
        -0.031858205795290084
      ],
      [
        0.05834537422489176,
        2.870509611303014,
        -0.031858205795290084
      ],
      [
        0.05834537422489176,
        2.870509611303014,
        -0.031858205795290084
      ],
      [
        0.05834537422489176,
        2.870509611303014,
        -0.031858205795290084
      ],
      [
        0.05834537422489176,
        2.870509611303014,
        -0.031858205795290084
      ],
      [
        0.05834537422489176,
        2.870509611303014,
        -0.031858205795290084
      ],
      [
        0.05834537422489176,
        2.870509611303014,
        -0.031858205795290084
      ],
      [
        0.05834537422489176,
        2.870509611303014,
        -0.031858205795290084
      ]
    ],
    "color": [
      108,
      147,
      125
    ]
  },
  "images": {
    "start": "images/start.png",
    "target": "images/target.png",
    "context": [
      "images/context_0.png",
      "images/context_1.png",
      "images/context_2.png",
      "images/context_3.png"
    ],
    "renders": {
      "iperceive": "images/render_iperceive.png",
      "nbv_l": "images/render_nbv_l.png",
      "vln": "images/render_vln.png",
      "vlm": "images/render_vlm.png"
    }
  }
}