{
  "dataset": "hssd",
  "data_name": "20260430_100329_06bbf4",
  "instruction": "Look at the upper shelf",
  "target_2d_coord": [
    0.29041095890410956,
    0.04657534246575343
  ],
  "fov_rad": 0.8726646221409238,
  "gt_cameras": [
    {
      "label": "start",
      "pose": [
        [
          0.5864432483937682,
          0.20932156831109516,
          -0.7824760682941995,
          -0.9187967886322801
        ],
        [
          0.8099903187158259,
          -0.15155146628648,
          0.5665225826505531,
          4.547672353534453
        ],
        [
          9.390783771432914e-19,
          -0.9660313836031423,
          -0.25842477801828245,
          1.5054823246417166
        ],
        [
          0.0,
          0.0,
          0.0,
          1.0
        ]
      ],
      "color": [
        0,
        0,
        0
      ],
      "visible": false
    },
    {
      "label": "context_0",
      "pose": [
        [
          0.08423298719011524,
          0.22918117972249713,
          -0.9697323537210292,
          -0.32954368074228213
        ],
        [
          0.9964460632774469,
          -0.019373471051141213,
          0.08197477564003036,
          5.507724186683576
        ],
        [
          3.85770676514241e-09,
          -0.9731909610363234,
          -0.2299985790588734,
          1.4773981637389795
        ],
        [
          0.0,
          0.0,
          0.0,
          1.0
        ]
      ],
      "color": [
        0,
        0,
        0
      ],
      "visible": false
    },
    {
      "label": "context_1",
      "pose": [
        [
          0.7225173526361675,
          0.25557074224173426,
          -0.6423801320097712,
          -0.8017632710867363
        ],
        [
          0.6913527470229913,
          -0.26709129029228484,
          0.6713371743337001,
          4.542982793405061
        ],
        [
          -3.492478826971901e-09,
          -0.9291640383286263,
          -0.3696676416175866,
          1.904741180036071
        ],
        [
          0.0,
          0.0,
          0.0,
          1.0
        ]
      ],
      "color": [
        0,
        0,
        0
      ],
      "visible": false
    },
    {
      "label": "context_2",
      "pose": [
        [
          -0.5764206892500474,
          0.2227200844195517,
          -0.7862155881724431,
          -0.8163629240446084
        ],
        [
          0.8171531194853827,
          0.15710699199155143,
          -0.5545973405274787,
          6.17612948758369
        ],
        [
          6.728100382380475e-09,
          -0.9621398809458807,
          -0.2725561388995142,
          1.5514442203883374
        ],
        [
          0.0,
          0.0,
          0.0,
          1.0
        ]
      ],
      "color": [
        0,
        0,
        0
      ],
      "visible": false
    },
    {
      "label": "target",
      "pose": [
        [
          -0.008497845117285852,
          -0.15329242780489727,
          -0.9881443234665965,
          -2.2267046161306623
        ],
        [
          0.9999638937469848,
          -0.0013027148371606012,
          -0.008397451820806534,
          5.541323037801472
        ],
        [
          -1.4431763895039751e-08,
          -0.9881799934381825,
          0.1532979654287642,
          1.6245002488472253
        ],
        [
          0.0,
          0.0,
          0.0,
          1.0
        ]
      ],
      "color": [
        144,
        238,
        144
      ],
      "visible": true
    }
  ],
  "algorithms": [
    {
      "key": "iperceive",
      "paper_name": "I-Perceive (Ours)",
      "color": [
        255,
        102,
        31
      ],
      "pose": [
        [
          0.1711696580824144,
          -0.18771256033642061,
          -0.9671943892583911,
          -1.7295361161700535
        ],
        [
          0.9851679998612124,
          0.02061131890247958,
          0.1703503478283772,
          5.275209066166806
        ],
        [
          -0.012041770747202543,
          -0.982007748444047,
          0.1884563733170805,
          1.8196566001237575
        ],
        [
          0.0,
          0.0,
          0.0,
          1.0
        ]
      ],
      "metrics": {
        "coverage_iou": 0.2838541666666667,
        "trans_error": 0.5967236884635867,
        "rot_error": 0.18461644030873556,
        "soft_f1": 0.7202838557066825
      }
    },
    {
      "key": "nbv_l",
      "paper_name": "NBV+L",
      "color": [
        30,
        85,
        230
      ],
      "pose": [
        [
          -0.08715574274765817,
          0.39494374124061504,
          -0.9504791506754638,
          -0.865905082046067
        ],
        [
          0.9961946980917455,
          0.012129734984669321,
          -0.08630754905046058,
          5.320530680502324
        ],
        [
          -0.022557566113149834,
          -0.9206419228971761,
          -0.38975582871233777,
          2.4020017875309323
        ],
        [
          0.0,
          0.0,
          0.0,
          1.0
        ]
      ],
      "metrics": {
        "coverage_iou": 0.1091703056768559,
        "trans_error": 1.582729686759875,
        "rot_error": 0.5293329551156819,
        "soft_f1": 0.35145414247919293
      }
    },
    {
      "key": "vln",
      "paper_name": "VLN+P",
      "color": [
        20,
        107,
        58
      ],
      "pose": [
        [
          0.5864432483937676,
          -0.16840645671022325,
          -0.7922900868694959,
          -0.9583147009670584
        ],
        [
          0.809990318715826,
          0.12192840734220749,
          0.5736280563829029,
          4.794529264729382
        ],
        [
          0.0,
          -0.9781476007338058,
          0.20791169081775934,
          1.5054823246417175
        ],
        [
          0.0,
          0.0,
          0.0,
          1.0
        ]
      ],
      "metrics": {
        "coverage_iou": 0.08249288854409102,
        "trans_error": 1.4767122916702347,
        "rot_error": 0.6375000254664034,
        "soft_f1": 0.23390899067974008
      }
    },
    {
      "key": "vlm",
      "paper_name": "VLM",
      "color": [
        0,
        200,
        209
      ],
      "pose": [
        [
          0.36019001648133236,
          -0.1028234931757002,
          -0.9271949532209094,
          -0.9966539624623835
        ],
        [
          0.932878958936891,
          0.039700751471369713,
          0.35799538866503716,
          4.604041933363596
        ],
        [
          -0.0,
          -0.993907027635762,
          0.11022168759479566,
          1.477837975520191
        ],
        [
          0.0,
          0.0,
          0.0,
          1.0
        ]
      ],
      "metrics": {
        "coverage_iou": 0.11541143654114365,
        "trans_error": 1.553393160619928,
        "rot_error": 0.3794368037198802,
        "soft_f1": 0.3296572280178838
      }
    }
  ],
  "vln_trajectory": {
    "points": [
      [
        -0.91879678863228,
        4.547672353534454,
        1.5054823246417175
      ],
      [
        -0.91879678863228,
        4.547672353534454,
        1.5054823246417175
      ],
      [
        -0.91879678863228,
        4.547672353534454,
        1.5054823246417175
      ],
      [
        -0.91879678863228,
        4.547672353534454,
        1.5054823246417175
      ],
      [
        -0.91879678863228,
        4.547672353534454,
        1.5054823246417175
      ],
      [
        -0.91879678863228,
        4.547672353534454,
        1.5054823246417175
      ],
      [
        -0.91879678863228,
        4.547672353534454,
        1.5054823246417175
      ],
      [
        -0.91879678863228,
        4.547672353534454,
        1.5054823246417175
      ],
      [
        -0.91879678863228,
        4.547672353534454,
        1.5054823246417175
      ],
      [
        -0.91879678863228,
        4.547672353534454,
        1.5054823246417175
      ],
      [
        -0.9583147009670584,
        4.794529264729382,
        1.5054823246417175
      ],
      [
        -0.9583147009670584,
        4.794529264729382,
        1.5054823246417175
      ],
      [
        -0.9583147009670584,
        4.794529264729382,
        1.5054823246417175
      ]
    ],
    "color": [
      108,
      147,
      125
    ]
  },
  "images": {
    "start": "images/start.png",
    "target": "images/target.png",
    "context": [
      "images/context_0.png",
      "images/context_1.png",
      "images/context_2.png"
    ],
    "renders": {
      "iperceive": "images/render_iperceive.png",
      "nbv_l": "images/render_nbv_l.png",
      "vln": "images/render_vln.png",
      "vlm": "images/render_vlm.png"
    }
  }
}