{
  "dataset": "hssd",
  "data_name": "20260503_084850_e99c3d",
  "instruction": "Look inside the microwave",
  "target_2d_coord": null,
  "fov_rad": 0.8726646221409238,
  "gt_cameras": [
    {
      "label": "start",
      "pose": [
        [
          -0.8390251922418437,
          0.0846480591795334,
          -0.5374676109875602,
          -4.737616011085697
        ],
        [
          0.5440925718878518,
          0.13053266630636148,
          -0.8288090831086583,
          0.6961789596174612
        ],
        [
          0.0,
          -0.9878238350556693,
          -0.15557657566584285,
          1.6979527540228323
        ],
        [
          0.0,
          0.0,
          0.0,
          1.0
        ]
      ],
      "color": [
        0,
        0,
        0
      ],
      "visible": false
    },
    {
      "label": "context_0",
      "pose": [
        [
          -0.28779984888345844,
          0.1995982094165662,
          -0.9366599024631712,
          -3.7361123851781137
        ],
        [
          0.9576905684235684,
          0.059982152083056975,
          -0.28147985062407416,
          -1.2802440522650855
        ],
        [
          1.1326209969908518e-08,
          -0.9780402093001409,
          -0.20841618021124075,
          1.584014107531422
        ],
        [
          0.0,
          0.0,
          0.0,
          1.0
        ]
      ],
      "color": [
        0,
        0,
        0
      ],
      "visible": false
    },
    {
      "label": "context_1",
      "pose": [
        [
          -0.6156828790739497,
          0.5008379574476138,
          -0.6083551371488083,
          -4.480964775360462
        ],
        [
          0.7879940560727673,
          0.3913193950940522,
          -0.47532572774209353,
          -0.6938964209325365
        ],
        [
          5.829921212452405e-09,
          -0.772030099928511,
          -0.6355859566720536,
          1.623150382185938
        ],
        [
          0.0,
          0.0,
          0.0,
          1.0
        ]
      ],
      "color": [
        0,
        0,
        0
      ],
      "visible": false
    },
    {
      "label": "target",
      "pose": [
        [
          -0.9821312498527144,
          0.048166031502687216,
          -0.18192909864586765,
          -5.5914352862371555
        ],
        [
          0.1881971260493383,
          0.2513607004599239,
          -0.9494206697986496,
          -1.328939306874889
        ],
        [
          -2.692688336192184e-09,
          -0.9666943023989392,
          -0.25593391207601346,
          1.6011637250084492
        ],
        [
          0.0,
          0.0,
          0.0,
          1.0
        ]
      ],
      "color": [
        144,
        238,
        144
      ],
      "visible": true
    }
  ],
  "algorithms": [
    {
      "key": "iperceive",
      "paper_name": "I-Perceive (Ours)",
      "color": [
        255,
        102,
        31
      ],
      "pose": [
        [
          -0.9594261379192808,
          0.04563096732249157,
          -0.278243194086627,
          -5.576500489586588
        ],
        [
          0.2814492227638974,
          0.21436282408460516,
          -0.9353260648599666,
          -1.463256062672072
        ],
        [
          0.016965166904682034,
          -0.9756876713925545,
          -0.2185080827811134,
          1.515578292665835
        ],
        [
          0.0,
          0.0,
          0.0,
          1.0
        ]
      ],
      "metrics": {
        "coverage_iou": 0.646875,
        "trans_error": 0.15996528758141446,
        "rot_error": 0.10452547569239745,
        "soft_f1": 0.9741824440619621
      }
    },
    {
      "key": "nbv_l",
      "paper_name": "NBV+L",
      "color": [
        30,
        85,
        230
      ],
      "pose": [
        [
          0.984807753012208,
          0.01815117716075269,
          -0.1726969147805622,
          -6.728317883866374
        ],
        [
          0.17364817766693033,
          -0.10294044103643694,
          0.9794128730990714,
          0.5597658550393839
        ],
        [
          0.0,
          -0.9945218953682733,
          -0.10452846326765347,
          1.5423761783569894
        ],
        [
          0.0,
          0.0,
          0.0,
          1.0
        ]
      ],
      "metrics": {
        "coverage_iou": 0.0,
        "trans_error": 2.205258582740383,
        "rot_error": 2.7788250334433457,
        "soft_f1": 0.0
      }
    },
    {
      "key": "vln",
      "paper_name": "VLN+P",
      "color": [
        20,
        107,
        58
      ],
      "pose": [
        [
          -0.9780119501956834,
          0.0,
          0.20854885584542598,
          -4.737616011085697
        ],
        [
          -0.20854885584542598,
          0.0,
          -0.9780119501956834,
          0.6961789596174615
        ],
        [
          0.0,
          -1.0,
          0.0,
          1.6979527540228323
        ],
        [
          0.0,
          0.0,
          0.0,
          1.0
        ]
      ],
      "metrics": {
        "coverage_iou": 0.008902854150301126,
        "trans_error": 2.1998817251448743,
        "rot_error": 0.47499963080607116,
        "soft_f1": 0.039589442815249266
      }
    },
    {
      "key": "vlm",
      "paper_name": "VLM",
      "color": [
        0,
        200,
        209
      ],
      "pose": [
        [
          -0.9598726593306437,
          -0.007270403674250054,
          -0.28034196813879214,
          -5.293456669404002
        ],
        [
          0.28043622781216787,
          -0.024885022037466176,
          -0.9595500288201114,
          -0.6580441885008768
        ],
        [
          0.0,
          -0.9996638819666379,
          0.02592533686168274,
          1.5124415133755464
        ],
        [
          0.0,
          0.0,
          0.0,
          1.0
        ]
      ],
      "metrics": {
        "coverage_iou": 0.27115559599636035,
        "trans_error": 0.7394343737735644,
        "rot_error": 0.300045407926202,
        "soft_f1": 0.6613885505481121
      }
    }
  ],
  "vln_trajectory": {
    "points": [
      [
        -4.737616011085697,
        0.6961789596174615,
        1.6979527540228323
      ],
      [
        -4.737616011085697,
        0.6961789596174615,
        1.6979527540228323
      ],
      [
        -4.737616011085697,
        0.6961789596174615,
        1.6979527540228323
      ],
      [
        -4.737616011085697,
        0.6961789596174615,
        1.6979527540228323
      ],
      [
        -4.737616011085697,
        0.6961789596174615,
        1.6979527540228323
      ],
      [
        -4.737616011085697,
        0.6961789596174615,
        1.6979527540228323
      ],
      [
        -4.737616011085697,
        0.6961789596174615,
        1.6979527540228323
      ],
      [
        -4.737616011085697,
        0.6961789596174615,
        1.6979527540228323
      ],
      [
        -4.737616011085697,
        0.6961789596174615,
        1.6979527540228323
      ],
      [
        -4.737616011085697,
        0.6961789596174615,
        1.6979527540228323
      ],
      [
        -4.737616011085697,
        0.6961789596174615,
        1.6979527540228323
      ],
      [
        -4.737616011085697,
        0.6961789596174615,
        1.6979527540228323
      ],
      [
        -4.737616011085697,
        0.6961789596174615,
        1.6979527540228323
      ],
      [
        -4.737616011085697,
        0.6961789596174615,
        1.6979527540228323
      ],
      [
        -4.737616011085697,
        0.6961789596174615,
        1.6979527540228323
      ],
      [
        -4.737616011085697,
        0.6961789596174615,
        1.6979527540228323
      ],
      [
        -4.737616011085697,
        0.6961789596174615,
        1.6979527540228323
      ]
    ],
    "color": [
      108,
      147,
      125
    ]
  },
  "images": {
    "start": "images/start.png",
    "target": "images/target.png",
    "context": [
      "images/context_0.png",
      "images/context_1.png"
    ],
    "renders": {
      "iperceive": "images/render_iperceive.png",
      "nbv_l": "images/render_nbv_l.png",
      "vln": "images/render_vln.png",
      "vlm": "images/render_vlm.png"
    }
  }
}