{
  "dataset": "replica",
  "data_name": "apartment_1_20260502_084813_621954",
  "instruction": "Look at the round mirror on the wall",
  "target_2d_coord": null,
  "fov_rad": 1.0471975667402222,
  "gt_cameras": [
    {
      "label": "start",
      "pose": [
        [
          0.3735158656377041,
          -0.16789703192114566,
          0.9123028470792944,
          2.8082292792887813
        ],
        [
          -0.9276237912628786,
          -0.06760521431932096,
          0.3673467529187132,
          3.1250224617737326
        ],
        [
          0.0,
          -0.9834836661932462,
          -0.1809969014405814,
          -0.30013716220855746
        ],
        [
          0.0,
          0.0,
          0.0,
          1.0
        ]
      ],
      "color": [
        0,
        0,
        0
      ],
      "visible": false
    },
    {
      "label": "context_0",
      "pose": [
        [
          -0.7586273548021104,
          -0.1383645380833486,
          0.6366630227733154,
          2.6350457348134775
        ],
        [
          -0.6515248027553475,
          0.16110995117640411,
          -0.74132245582059,
          6.24073960115518
        ],
        [
          1.1383014530963464e-09,
          -0.9771892558232611,
          -0.21237034232352986,
          -0.30013713283173693
        ],
        [
          0.0,
          0.0,
          0.0,
          1.0
        ]
      ],
      "color": [
        0,
        0,
        0
      ],
      "visible": false
    },
    {
      "label": "context_1",
      "pose": [
        [
          -0.5797232374589167,
          0.14587570188875765,
          -0.8016490890560726,
          7.110414518614801
        ],
        [
          0.8148134668744417,
          0.10378759855200145,
          -0.5703570451350761,
          6.374082532693866
        ],
        [
          -7.614734190419803e-10,
          -0.9838436929604821,
          -0.179029572396649,
          -0.30013712832835726
        ],
        [
          0.0,
          0.0,
          0.0,
          1.0
        ]
      ],
      "color": [
        0,
        0,
        0
      ],
      "visible": false
    },
    {
      "label": "target",
      "pose": [
        [
          0.06874206424735052,
          -0.015961474274500426,
          0.9975067521164322,
          6.473174714723248
        ],
        [
          -0.9976344721294875,
          -0.0010998256193709074,
          0.06873326922711398,
          4.752456464833165
        ],
        [
          -2.3329207246569617e-09,
          -0.9998720236811384,
          -0.01599931030534746,
          -0.30013713036156575
        ],
        [
          0.0,
          0.0,
          0.0,
          1.0
        ]
      ],
      "color": [
        144,
        238,
        144
      ],
      "visible": true
    }
  ],
  "algorithms": [
    {
      "key": "iperceive",
      "paper_name": "I-Perceive (Ours)",
      "color": [
        255,
        102,
        31
      ],
      "pose": [
        [
          0.25789559576023546,
          -0.06142027027521206,
          0.9642185481221023,
          5.504602405033038
        ],
        [
          -0.9656106921625255,
          -0.05042214032578366,
          0.2550560648015265,
          4.280579217850694
        ],
        [
          0.0329523502260529,
          -0.9968375259887656,
          -0.07231172542018835,
          -0.2947653177897184
        ],
        [
          0.0,
          0.0,
          0.0,
          1.0
        ]
      ],
      "metrics": {
        "coverage_iou": 0.3204143000334113,
        "trans_error": 1.0774180146686538,
        "rot_error": 0.20207903567792637,
        "soft_f1": 0.5923444976076555
      }
    },
    {
      "key": "nbv_l",
      "paper_name": "NBV+L",
      "color": [
        30,
        85,
        230
      ],
      "pose": [
        [
          0.6293203910498375,
          -0.05421096185572621,
          0.7752528729540811,
          7.132904762823516
        ],
        [
          -0.7771459614569709,
          -0.043899171334910655,
          0.6277873982067723,
          4.014566700690073
        ],
        [
          0.0,
          -0.9975640502598242,
          -0.0697564737441253,
          -0.06682890330327229
        ],
        [
          0.0,
          0.0,
          0.0,
          1.0
        ]
      ],
      "metrics": {
        "coverage_iou": 0.6525945470536499,
        "trans_error": 1.0169354107377957,
        "rot_error": 0.6141698585094515,
        "soft_f1": 0.9043213686224115
      }
    },
    {
      "key": "vln",
      "paper_name": "VLN+P",
      "color": [
        20,
        107,
        58
      ],
      "pose": [
        [
          -0.3918134717187714,
          0.31467381149498946,
          0.8645591915762038,
          3.4982627852876362
        ],
        [
          -0.9200446746651398,
          -0.1340080997541821,
          -0.36818422809863766,
          2.831162357984654
        ],
        [
          4.163336342344337e-17,
          -0.9396926207859083,
          0.3420201433256687,
          -0.30013716220855735
        ],
        [
          0.0,
          0.0,
          0.0,
          1.0
        ]
      ],
      "metrics": {
        "coverage_iou": 0.0,
        "trans_error": 3.541394197606142,
        "rot_error": 0.5941436874770538,
        "soft_f1": 0.0
      }
    },
    {
      "key": "vlm",
      "paper_name": "VLM",
      "color": [
        0,
        200,
        209
      ],
      "pose": [
        [
          0.5734774737078869,
          0.2823534924056121,
          0.7690254173146513,
          4.7300823425126675
        ],
        [
          -0.8192213297696904,
          0.19765521432759978,
          0.5383389537266374,
          3.354898482870338
        ],
        [
          0.0,
          -0.9387272881808988,
          0.34466081649142455,
          -0.644031274945662
        ],
        [
          0.0,
          0.0,
          0.0,
          1.0
        ]
      ],
      "metrics": {
        "coverage_iou": 0.12061855670103093,
        "trans_error": 2.260487333513295,
        "rot_error": 0.652461078978416,
        "soft_f1": 0.28120201012231627
      }
    }
  ],
  "vln_trajectory": {
    "points": [
      [
        2.8082292792887813,
        3.1250224617737326,
        -0.30013716220855735
      ],
      [
        2.8082292792887813,
        3.1250224617737326,
        -0.30013716220855735
      ],
      [
        2.8082292792887813,
        3.1250224617737326,
        -0.30013716220855735
      ],
      [
        2.8082292792887813,
        3.1250224617737326,
        -0.30013716220855735
      ],
      [
        2.8082292792887813,
        3.1250224617737326,
        -0.30013716220855735
      ],
      [
        2.8082292792887813,
        3.1250224617737326,
        -0.30013716220855735
      ],
      [
        2.8082292792887813,
        3.1250224617737326,
        -0.30013716220855735
      ],
      [
        2.8082292792887813,
        3.1250224617737326,
        -0.30013716220855735
      ],
      [
        2.8082292792887813,
        3.1250224617737326,
        -0.30013716220855735
      ],
      [
        2.8082292792887813,
        3.1250224617737326,
        -0.30013716220855735
      ],
      [
        3.4982627852876362,
        2.831162357984654,
        -0.30013716220855735
      ],
      [
        3.4982627852876362,
        2.831162357984654,
        -0.30013716220855735
      ]
    ],
    "color": [
      108,
      147,
      125
    ]
  },
  "images": {
    "start": "images/start.png",
    "target": "images/target.png",
    "context": [
      "images/context_0.png",
      "images/context_1.png"
    ],
    "renders": {
      "iperceive": "images/render_iperceive.png",
      "nbv_l": "images/render_nbv_l.png",
      "vln": "images/render_vln.png",
      "vlm": "images/render_vlm.png"
    }
  }
}