{
  "dataset": "hssd",
  "data_name": "20260503_120135_bf9bd8",
  "instruction": "Inspect the surface of the dining table",
  "target_2d_coord": null,
  "fov_rad": 0.8726646221409238,
  "gt_cameras": [
    {
      "label": "start",
      "pose": [
        [
          0.31110726364778074,
          -0.24323314231310697,
          0.9187218888140644,
          -8.003754547656577
        ],
        [
          -0.950374805277155,
          -0.07962289921123704,
          0.30074561246277043,
          5.213545517971706
        ],
        [
          0.0,
          -0.9666942807328949,
          -0.2559339125600806,
          1.4423430433750282
        ],
        [
          0.0,
          0.0,
          0.0,
          1.0
        ]
      ],
      "color": [
        0,
        0,
        0
      ],
      "visible": false
    },
    {
      "label": "context_0",
      "pose": [
        [
          0.5024661924670105,
          -0.24972978790493722,
          0.8277455725949338,
          -8.790948001346381
        ],
        [
          -0.8645968407990744,
          -0.14513212453469604,
          0.4810498236519008,
          4.435206194135331
        ],
        [
          1.9933504985525374e-09,
          -0.9573775387436948,
          -0.28883956302715297,
          1.568376602219095
        ],
        [
          0.0,
          0.0,
          0.0,
          1.0
        ]
      ],
      "color": [
        0,
        0,
        0
      ],
      "visible": false
    },
    {
      "label": "context_1",
      "pose": [
        [
          0.9241130645196967,
          0.18750059594547672,
          -0.33295428797450755,
          -6.350262657129562
        ],
        [
          0.38211911604469895,
          -0.4534495862983275,
          0.8052133201329814,
          3.57810754261514
        ],
        [
          3.4766775569572417e-10,
          -0.8713363445789097,
          -0.490686249291893,
          2.1808762834852837
        ],
        [
          0.0,
          0.0,
          0.0,
          1.0
        ]
      ],
      "color": [
        0,
        0,
        0
      ],
      "visible": false
    },
    {
      "label": "context_2",
      "pose": [
        [
          0.747325759925576,
          -0.3146638320136086,
          0.5852271935407436,
          -7.394091449481082
        ],
        [
          -0.6644578664320175,
          -0.35390715442210646,
          0.6582138507321462,
          3.863064460964475
        ],
        [
          2.071759583333055e-09,
          -0.8807589923660539,
          -0.47356478410903247,
          1.6875694089420676
        ],
        [
          0.0,
          0.0,
          0.0,
          1.0
        ]
      ],
      "color": [
        0,
        0,
        0
      ],
      "visible": false
    },
    {
      "label": "target",
      "pose": [
        [
          0.9740270024955835,
          -0.11589322012330505,
          0.19452546569764195,
          -7.13520220981699
        ],
        [
          -0.22643184553766862,
          -0.49853014846674193,
          0.8367773174999408,
          6.169468787931207
        ],
        [
          -4.169700806855303e-09,
          -0.8590904873423809,
          -0.5118237584632899,
          1.484158149922606
        ],
        [
          0.0,
          0.0,
          0.0,
          1.0
        ]
      ],
      "color": [
        144,
        238,
        144
      ],
      "visible": true
    }
  ],
  "algorithms": [
    {
      "key": "iperceive",
      "paper_name": "I-Perceive (Ours)",
      "color": [
        255,
        102,
        31
      ],
      "pose": [
        [
          0.9661308871105057,
          -0.07084941039784873,
          0.24813600513506517,
          -6.869408464579566
        ],
        [
          -0.25093200928134873,
          -0.4822640610405539,
          0.8393178319629337,
          6.109154278194039
        ],
        [
          0.06020192691109466,
          -0.8731561297383466,
          -0.48370860748169053,
          1.441174698977142
        ],
        [
          0.0,
          0.0,
          0.0,
          1.0
        ]
      ],
      "metrics": {
        "coverage_iou": 0.5316027088036117,
        "trans_error": 0.2759198201707742,
        "rot_error": 0.07229786720433842,
        "soft_f1": 0.823815810258013
      }
    },
    {
      "key": "nbv_l",
      "paper_name": "NBV+L",
      "color": [
        30,
        85,
        230
      ],
      "pose": [
        [
          -0.7071067811865475,
          -0.1830127018922193,
          0.7071067811865476,
          -7.215806856818411
        ],
        [
          -0.7071067811865475,
          0.1830127018922193,
          -0.7071067811865476,
          7.712354176683454
        ],
        [
          0.0,
          -0.9659258262890683,
          -0.25881904510252074,
          0.4838493940780386
        ],
        [
          0.0,
          0.0,
          0.0,
          1.0
        ]
      ],
      "metrics": {
        "coverage_iou": 0.029395604395604395,
        "trans_error": 1.8405461353986483,
        "rot_error": 2.147489751494682,
        "soft_f1": 0.14201254705144292
      }
    },
    {
      "key": "vln",
      "paper_name": "VLN+P",
      "color": [
        20,
        107,
        58
      ],
      "pose": [
        [
          0.8920025252820581,
          -0.13968507980102002,
          0.42990647049261105,
          -8.003754547656579
        ],
        [
          -0.45203041367858376,
          -0.2756439393375246,
          0.8483448142212339,
          5.213545517971706
        ],
        [
          4.163336342344337e-17,
          -0.9510565162951536,
          -0.30901699437494745,
          1.4423430433750284
        ],
        [
          0.0,
          0.0,
          0.0,
          1.0
        ]
      ],
      "metrics": {
        "coverage_iou": 0.3161452298184627,
        "trans_error": 1.292254199151086,
        "rot_error": 0.3278040212133388,
        "soft_f1": 0.6313090426264681
      }
    },
    {
      "key": "vlm",
      "paper_name": "VLM",
      "color": [
        0,
        200,
        209
      ],
      "pose": [
        [
          0.673340605216992,
          -0.2091722431078399,
          0.7091258013069681,
          -7.283670850474853
        ],
        [
          -0.7393324214222009,
          -0.19050181040065425,
          0.6458301873310494,
          6.045904892080913
        ],
        [
          0.0,
          -0.9591433849781315,
          -0.28292042530134176,
          1.2934182077245708
        ],
        [
          0.0,
          0.0,
          0.0,
          1.0
        ]
      ],
      "metrics": {
        "coverage_iou": 0.20889748549323017,
        "trans_error": 0.27146398840389296,
        "rot_error": 0.6520950391893916,
        "soft_f1": 0.4464806946240532
      }
    }
  ],
  "vln_trajectory": {
    "points": [
      [
        -8.003754547656579,
        5.213545517971706,
        1.4423430433750284
      ],
      [
        -8.003754547656579,
        5.213545517971706,
        1.4423430433750284
      ],
      [
        -8.003754547656579,
        5.213545517971706,
        1.4423430433750284
      ],
      [
        -8.003754547656579,
        5.213545517971706,
        1.4423430433750284
      ],
      [
        -8.003754547656579,
        5.213545517971706,
        1.4423430433750284
      ],
      [
        -8.003754547656579,
        5.213545517971706,
        1.4423430433750284
      ],
      [
        -8.003754547656579,
        5.213545517971706,
        1.4423430433750284
      ],
      [
        -8.003754547656579,
        5.213545517971706,
        1.4423430433750284
      ],
      [
        -8.003754547656579,
        5.213545517971706,
        1.4423430433750284
      ],
      [
        -8.003754547656579,
        5.213545517971706,
        1.4423430433750284
      ],
      [
        -8.003754547656579,
        5.213545517971706,
        1.4423430433750284
      ],
      [
        -8.003754547656579,
        5.213545517971706,
        1.4423430433750284
      ],
      [
        -8.003754547656579,
        5.213545517971706,
        1.4423430433750284
      ]
    ],
    "color": [
      108,
      147,
      125
    ]
  },
  "images": {
    "start": "images/start.png",
    "target": "images/target.png",
    "context": [
      "images/context_0.png",
      "images/context_1.png",
      "images/context_2.png"
    ],
    "renders": {
      "iperceive": "images/render_iperceive.png",
      "nbv_l": "images/render_nbv_l.png",
      "vln": "images/render_vln.png",
      "vlm": "images/render_vlm.png"
    }
  }
}