{
  "dataset": "replica",
  "data_name": "apartment_0_20260501_111033_784739",
  "instruction": "Look at the bowl of fruit between the two chairs",
  "target_2d_coord": null,
  "fov_rad": 1.0471975667402222,
  "gt_cameras": [
    {
      "label": "start",
      "pose": [
        [
          0.31890689117317966,
          -0.14538280780941543,
          0.9365693962305772,
          -0.04800243751343464
        ],
        [
          -0.9477860490439061,
          -0.04891776927429824,
          0.3151327610499563,
          0.9431282730963041
        ],
        [
          1.6581921185992484e-18,
          -0.9881654168420777,
          -0.1533920107349888,
          -0.07476460933685526
        ],
        [
          0.0,
          0.0,
          0.0,
          1.0
        ]
      ],
      "color": [
        0,
        0,
        0
      ],
      "visible": false
    },
    {
      "label": "context_0",
      "pose": [
        [
          0.981962588690759,
          -0.01624044165314549,
          0.1883765443634765,
          -1.5031409692371294
        ],
        [
          -0.18907531688951718,
          -0.08434472366724297,
          0.9783335239791974,
          -2.4694435607864356
        ],
        [
          1.135120469841766e-09,
          -0.9963042744160534,
          -0.08589402611699312,
          -0.07476461897088216
        ],
        [
          0.0,
          0.0,
          0.0,
          1.0
        ]
      ],
      "color": [
        0,
        0,
        0
      ],
      "visible": false
    },
    {
      "label": "context_1",
      "pose": [
        [
          -0.9897398028250549,
          -0.011418328096282654,
          0.1424245969063007,
          0.48888704513518877
        ],
        [
          -0.142881582375554,
          0.07909475189702918,
          -0.9865743053210121,
          -0.1712134214927422
        ],
        [
          -2.803544896234911e-10,
          -0.99680167635666,
          -0.07991469405330265,
          -0.07476461620671518
        ],
        [
          0.0,
          0.0,
          0.0,
          1.0
        ]
      ],
      "color": [
        0,
        0,
        0
      ],
      "visible": false
    },
    {
      "label": "context_2",
      "pose": [
        [
          -0.9395877856371644,
          -0.05588721039798589,
          0.3377150064774457,
          2.9424914892905822
        ],
        [
          -0.34230806342985753,
          0.15340258143055885,
          -0.9269804915106352,
          2.503445670245552
        ],
        [
          -3.110787710758345e-09,
          -0.9865821414009239,
          -0.16326583068694747,
          -0.0747646023530345
        ],
        [
          0.0,
          0.0,
          0.0,
          1.0
        ]
      ],
      "color": [
        0,
        0,
        0
      ],
      "visible": false
    },
    {
      "label": "context_3",
      "pose": [
        [
          0.7227902383985906,
          0.20949943261233342,
          -0.6585470907542548,
          3.317464161786676
        ],
        [
          0.6910675053271778,
          -0.2191162935649702,
          0.6887770213513025,
          1.0998391740915578
        ],
        [
          -2.0368497999356805e-09,
          -0.9529417668385436,
          -0.30315337121943875,
          -0.0747645552121316
        ],
        [
          0.0,
          0.0,
          0.0,
          1.0
        ]
      ],
      "color": [
        0,
        0,
        0
      ],
      "visible": false
    },
    {
      "label": "target",
      "pose": [
        [
          0.9214363396210276,
          -0.12736949666496822,
          0.3670587358827822,
          2.2504696623085327
        ],
        [
          -0.3885294365368445,
          -0.30206949858890725,
          0.8705164754277416,
          2.4463161426098683
        ],
        [
          5.464903307661473e-09,
          -0.9447386357489405,
          -0.32782459958925775,
          -0.31736458950400104
        ],
        [
          0.0,
          0.0,
          0.0,
          1.0
        ]
      ],
      "color": [
        144,
        238,
        144
      ],
      "visible": true
    }
  ],
  "algorithms": [
    {
      "key": "iperceive",
      "paper_name": "I-Perceive (Ours)",
      "color": [
        255,
        102,
        31
      ],
      "pose": [
        [
          0.6707162983107174,
          -0.2802775204400802,
          0.6867198925517787,
          1.8679538083997231
        ],
        [
          -0.7415732969735702,
          -0.23536563450357129,
          0.6282293403995538,
          2.04910713657502
        ],
        [
          -0.014448296010583325,
          -0.930616789842084,
          -0.36570988103221214,
          -0.26422042844448324
        ],
        [
          0.0,
          0.0,
          0.0,
          1.0
        ]
      ],
      "metrics": {
        "coverage_iou": 0.45496323529411764,
        "trans_error": 0.5540014787489437,
        "rot_error": 0.4382753733393996,
        "soft_f1": 0.7456404240402461
      }
    },
    {
      "key": "nbv_l",
      "paper_name": "NBV+L",
      "color": [
        30,
        85,
        230
      ],
      "pose": [
        [
          0.9063077870366499,
          -0.1830127018922193,
          0.42261826174069955,
          3.5548454195967043
        ],
        [
          -0.4226182617406994,
          -0.1830127018922193,
          0.90630778703665,
          4.310229769076506
        ],
        [
          -0.08852132690137686,
          -0.9659258262890683,
          -0.24321034680169396,
          -0.47199171243945104
        ],
        [
          0.0,
          0.0,
          0.0,
          1.0
        ]
      ],
      "metrics": {
        "coverage_iou": 0.08298279158699809,
        "trans_error": 2.2802367911018164,
        "rot_error": 0.0,
        "soft_f1": 0.21281315670350953
      }
    },
    {
      "key": "vln",
      "paper_name": "VLN+P",
      "color": [
        20,
        107,
        58
      ],
      "pose": [
        [
          0.9802602414110962,
          -0.06109623057943718,
          0.18803486303779704,
          2.1205028289258734
        ],
        [
          -0.19771155532406004,
          -0.3029170735061174,
          0.9322828902590835,
          2.15066303592253
        ],
        [
          -6.938893903907228e-18,
          -0.9510565162951536,
          -0.30901699437494734,
          -0.07476460933685525
        ],
        [
          0.0,
          0.0,
          0.0,
          1.0
        ]
      ],
      "metrics": {
        "coverage_iou": 0.5103797468354431,
        "trans_error": 0.40392681920755585,
        "rot_error": 0.20099064475965872,
        "soft_f1": 0.7892529303000387
      }
    },
    {
      "key": "vlm",
      "paper_name": "VLM",
      "color": [
        0,
        200,
        209
      ],
      "pose": [
        [
          0.8084710470862901,
          -0.047636819151250134,
          0.5866048921415068,
          1.1001995024493225
        ],
        [
          -0.5885359513429896,
          -0.0654386345833046,
          0.8058183536509173,
          1.6913093397851218
        ],
        [
          0.0,
          -0.9967188763964611,
          -0.08094122209959631,
          -0.3280557477813423
        ],
        [
          0.0,
          0.0,
          0.0,
          1.0
        ]
      ],
      "metrics": {
        "coverage_iou": 0.3072944533618691,
        "trans_error": 1.3759618170744472,
        "rot_error": 0.34162571217671006,
        "soft_f1": 0.5852481382981775
      }
    }
  ],
  "vln_trajectory": {
    "points": [
      [
        -0.048002437513434686,
        0.9431282730963041,
        -0.07476460933685525
      ],
      [
        0.662837099269495,
        1.1823084414761889,
        -0.07476460933685525
      ],
      [
        0.662837099269495,
        1.1823084414761889,
        -0.07476460933685525
      ],
      [
        1.2875509834079428,
        1.5973175533817636,
        -0.07476460933685525
      ],
      [
        1.9122648675463907,
        2.0123266652873384,
        -0.07476460933685525
      ],
      [
        2.1205028289258734,
        2.15066303592253,
        -0.07476460933685525
      ],
      [
        2.1205028289258734,
        2.15066303592253,
        -0.07476460933685525
      ],
      [
        2.1205028289258734,
        2.15066303592253,
        -0.07476460933685525
      ],
      [
        2.1205028289258734,
        2.15066303592253,
        -0.07476460933685525
      ],
      [
        2.1205028289258734,
        2.15066303592253,
        -0.07476460933685525
      ]
    ],
    "color": [
      108,
      147,
      125
    ]
  },
  "images": {
    "start": "images/start.png",
    "target": "images/target.png",
    "context": [
      "images/context_0.png",
      "images/context_1.png",
      "images/context_2.png",
      "images/context_3.png"
    ],
    "renders": {
      "iperceive": "images/render_iperceive.png",
      "nbv_l": "images/render_nbv_l.png",
      "vln": "images/render_vln.png",
      "vlm": "images/render_vlm.png"
    }
  }
}