{
  "dataset": "replica",
  "data_name": "room_0_20260504_101355_014930",
  "instruction": "Look at the potted plant on the upper table",
  "target_2d_coord": null,
  "fov_rad": 1.0471975667402222,
  "gt_cameras": [
    {
      "label": "start",
      "pose": [
        [
          -0.7160253509669223,
          -0.0821817380455679,
          0.6932199208797337,
          0.287484315433845
        ],
        [
          -0.6980742774036979,
          0.08429505244915327,
          -0.7110461640146152,
          2.8523791351292105
        ],
        [
          6.5351253251477684e-18,
          -0.9930460744922182,
          -0.11772635191661993,
          -0.02736306190490745
        ],
        [
          0.0,
          0.0,
          0.0,
          1.0
        ]
      ],
      "color": [
        0,
        0,
        0
      ],
      "visible": false
    },
    {
      "label": "context_0",
      "pose": [
        [
          0.5842115038103317,
          -0.17236007456528413,
          0.793088214944368,
          0.26247578154558937
        ],
        [
          -0.8116014789885396,
          -0.12406919591288551,
          0.5708851750967867,
          -0.3584221487210293
        ],
        [
          -5.644130288140481e-09,
          -0.9771892279947278,
          -0.21237033417257076,
          -0.02736309442710566
        ],
        [
          0.0,
          0.0,
          0.0,
          1.0
        ]
      ],
      "color": [
        0,
        0,
        0
      ],
      "visible": false
    },
    {
      "label": "context_1",
      "pose": [
        [
          -0.9141883914295263,
          0.06216817249334454,
          -0.4004930763439568,
          4.9445405969460285
        ],
        [
          0.40528953193211303,
          0.14022919278233642,
          -0.9033693421725506,
          1.6607789382286742
        ],
        [
          6.1638219389648086e-09,
          -0.9881654048218118,
          -0.15339200356976232,
          -0.027363096164893186
        ],
        [
          0.0,
          0.0,
          0.0,
          1.0
        ]
      ],
      "color": [
        0,
        0,
        0
      ],
      "visible": false
    },
    {
      "label": "context_2",
      "pose": [
        [
          0.46399449118351643,
          0.1498681790486956,
          -0.8730685344494883,
          6.133953138714096
        ],
        [
          0.8858380783904394,
          -0.07849968314562665,
          0.4573059096088362,
          -0.7629798795180824
        ],
        [
          1.8245892297041877e-10,
          -0.9855847859386957,
          -0.1691823562879255,
          -0.027362982153985693
        ],
        [
          0.0,
          0.0,
          0.0,
          1.0
        ]
      ],
      "color": [
        0,
        0,
        0
      ],
      "visible": false
    },
    {
      "label": "target",
      "pose": [
        [
          -0.7707973684004426,
          -0.2987016718313805,
          0.5627154825085093,
          1.6721566753418746
        ],
        [
          -0.6370803472877367,
          0.3613962700895062,
          -0.6808240315461473,
          0.12388713064392665
        ],
        [
          4.9054335784365355e-09,
          -0.883272321159987,
          -0.4688602996544511,
          -0.31816323101753136
        ],
        [
          0.0,
          0.0,
          0.0,
          1.0
        ]
      ],
      "color": [
        144,
        238,
        144
      ],
      "visible": true
    }
  ],
  "algorithms": [
    {
      "key": "iperceive",
      "paper_name": "I-Perceive (Ours)",
      "color": [
        255,
        102,
        31
      ],
      "pose": [
        [
          -0.9437052916983704,
          -0.15604037998986758,
          0.29167050573349257,
          1.9088050205508367
        ],
        [
          -0.33021555112493794,
          0.39257639315486487,
          -0.8583947175505896,
          0.5744058084386325
        ],
        [
          0.019441295099578877,
          -0.9063858048058536,
          -0.42200340582370405,
          -0.2473605533632189
        ],
        [
          0.0,
          0.0,
          0.0,
          1.0
        ]
      ],
      "metrics": {
        "coverage_iou": 0.532197977647685,
        "trans_error": 0.5137922541318185,
        "rot_error": 0.35792153820692113,
        "soft_f1": 0.8611982729477642
      }
    },
    {
      "key": "nbv_l",
      "paper_name": "NBV+L",
      "color": [
        30,
        85,
        230
      ],
      "pose": [
        [
          0.0,
          -0.0697564737441253,
          -0.9975640502598242,
          1.6718921020876292
        ],
        [
          1.0,
          0.0,
          0.0,
          -1.0347195836803107
        ],
        [
          0.0,
          -0.9975640502598242,
          0.0697564737441253,
          -0.9793535124006996
        ],
        [
          0.0,
          0.0,
          0.0,
          1.0
        ]
      ],
      "metrics": {
        "coverage_iou": 0.0,
        "trans_error": 1.3339949698084965,
        "rot_error": 2.297737294369926,
        "soft_f1": 0.0
      }
    },
    {
      "key": "vln",
      "paper_name": "VLN+P",
      "color": [
        20,
        107,
        58
      ],
      "pose": [
        [
          -0.4889669756058553,
          0.18136184540381453,
          -0.8532403985973621,
          0.932191043547921
        ],
        [
          0.8723022966649018,
          0.1016619506522595,
          -0.4782818740269326,
          2.46916478946292
        ],
        [
          -1.3877787807814457e-17,
          -0.9781476007338058,
          -0.20791169081775931,
          -0.02736306190490745
        ],
        [
          0.0,
          0.0,
          0.0,
          1.0
        ]
      ],
      "metrics": {
        "coverage_iou": 0.0,
        "trans_error": 2.4763765053042834,
        "rot_error": 1.7667064007680673,
        "soft_f1": 0.0
      }
    },
    {
      "key": "vlm",
      "paper_name": "VLM",
      "color": [
        0,
        200,
        209
      ],
      "pose": [
        [
          -0.9778217786973789,
          -0.0469749325008288,
          0.20410273104894172,
          1.0578734060079191
        ],
        [
          -0.20943870011316928,
          0.21931530336719035,
          -0.952909349625589,
          1.4596651660241495
        ],
        [
          0.0,
          -0.9745225258686941,
          -0.22428964883493882,
          -0.24538570395606907
        ],
        [
          0.0,
          0.0,
          0.0,
          1.0
        ]
      ],
      "metrics": {
        "coverage_iou": 0.2064825930372149,
        "trans_error": 1.4720540537099758,
        "rot_error": 0.5452767064947954,
        "soft_f1": 0.45005076118900933
      }
    }
  ],
  "vln_trajectory": {
    "points": [
      [
        0.28748431543384534,
        2.852379135129211,
        -0.02736306190490745
      ],
      [
        0.28748431543384534,
        2.852379135129211,
        -0.02736306190490745
      ],
      [
        0.932191043547921,
        2.46916478946292,
        -0.02736306190490745
      ],
      [
        0.932191043547921,
        2.46916478946292,
        -0.02736306190490745
      ],
      [
        0.932191043547921,
        2.46916478946292,
        -0.02736306190490745
      ],
      [
        0.932191043547921,
        2.46916478946292,
        -0.02736306190490745
      ],
      [
        0.932191043547921,
        2.46916478946292,
        -0.02736306190490745
      ],
      [
        0.932191043547921,
        2.46916478946292,
        -0.02736306190490745
      ],
      [
        0.932191043547921,
        2.46916478946292,
        -0.02736306190490745
      ],
      [
        0.932191043547921,
        2.46916478946292,
        -0.02736306190490745
      ]
    ],
    "color": [
      108,
      147,
      125
    ]
  },
  "images": {
    "start": "images/start.png",
    "target": "images/target.png",
    "context": [
      "images/context_0.png",
      "images/context_1.png",
      "images/context_2.png"
    ],
    "renders": {
      "iperceive": "images/render_iperceive.png",
      "nbv_l": "images/render_nbv_l.png",
      "vln": "images/render_vln.png",
      "vlm": "images/render_vlm.png"
    }
  }
}