{
  "dataset": "replica",
  "data_name": "apartment_2_20260502_095529_130357",
  "instruction": "Check the window blinds",
  "target_2d_coord": null,
  "fov_rad": 1.0471975667402222,
  "gt_cameras": [
    {
      "label": "start",
      "pose": [
        [
          0.44174028369570983,
          -0.05988130307824224,
          0.8951423078494756,
          1.7470433257332116
        ],
        [
          -0.8971429773232544,
          -0.0294846913797113,
          0.44075518285530046,
          5.312946101911808
        ],
        [
          3.4617099281088986e-18,
          -0.9977699547069429,
          -0.06674666646436454,
          -0.16107261180877738
        ],
        [
          0.0,
          0.0,
          0.0,
          1.0
        ]
      ],
      "color": [
        0,
        0,
        0
      ],
      "visible": false
    },
    {
      "label": "context_0",
      "pose": [
        [
          0.947568051956722,
          -0.033426826219901805,
          0.31780089332220146,
          3.232343483461177
        ],
        [
          -0.3195540037913725,
          -0.09911999425848089,
          0.9423695863564729,
          5.818253574656619
        ],
        [
          2.6821642684637936e-09,
          -0.9945139117447684,
          -0.10460461596888335,
          -0.1610726087215661
        ],
        [
          0.0,
          0.0,
          0.0,
          1.0
        ]
      ],
      "color": [
        0,
        0,
        0
      ],
      "visible": false
    },
    {
      "label": "context_1",
      "pose": [
        [
          -0.3452099266651066,
          -0.12240597775834747,
          0.9305089671551339,
          3.4340244794728316
        ],
        [
          -0.9385254986501765,
          0.04502356028311135,
          -0.3422612750684397,
          7.774170151082782
        ],
        [
          1.4094112890661314e-09,
          -0.9914583339855285,
          -0.13042371231729052,
          -0.16107261803949705
        ],
        [
          0.0,
          0.0,
          0.0,
          1.0
        ]
      ],
      "color": [
        0,
        0,
        0
      ],
      "visible": false
    },
    {
      "label": "context_2",
      "pose": [
        [
          -0.940170405823537,
          0.06461148558268934,
          -0.3345219230254169,
          5.51939843054363
        ],
        [
          0.34070451944460867,
          0.17829470478420606,
          -0.9231096547762168,
          7.913115570229822
        ],
        [
          -2.483322041058056e-09,
          -0.9818535374761277,
          -0.18964083205609406,
          -0.16107260937058582
        ],
        [
          0.0,
          0.0,
          0.0,
          1.0
        ]
      ],
      "color": [
        0,
        0,
        0
      ],
      "visible": false
    },
    {
      "label": "target",
      "pose": [
        [
          -0.04326361327063721,
          0.11682604043025989,
          0.9922095974834823,
          4.552907167576806
        ],
        [
          -0.9990637189447915,
          -0.005059054176961925,
          -0.04296681745722919,
          7.850592333186034
        ],
        [
          1.700077606470174e-09,
          -0.9931395107699643,
          0.11693552395918048,
          -0.16107262930133467
        ],
        [
          0.0,
          0.0,
          0.0,
          1.0
        ]
      ],
      "color": [
        144,
        238,
        144
      ],
      "visible": true
    }
  ],
  "algorithms": [
    {
      "key": "iperceive",
      "paper_name": "I-Perceive (Ours)",
      "color": [
        255,
        102,
        31
      ],
      "pose": [
        [
          0.30517682998135676,
          0.07387715847053061,
          0.9494256908273169,
          4.681869371535013
        ],
        [
          -0.9521163983902405,
          0.004325335761003982,
          0.3057051001310948,
          7.033503964567596
        ],
        [
          0.018478039527095962,
          -0.9972579841599611,
          0.07165966967766525,
          0.04916512300815973
        ],
        [
          0.0,
          0.0,
          0.0,
          1.0
        ]
      ],
      "metrics": {
        "coverage_iou": 0.745609871855719,
        "trans_error": 0.8535011749713327,
        "rot_error": 0.35639589018238144,
        "soft_f1": 0.9496744092729336
      }
    },
    {
      "key": "nbv_l",
      "paper_name": "NBV+L",
      "color": [
        30,
        85,
        230
      ],
      "pose": [
        [
          0.7071067811865476,
          -0.04932527561613236,
          0.7053843046066397,
          5.4152044861995074
        ],
        [
          -0.7071067811865476,
          -0.04932527561613236,
          0.7053843046066397,
          6.305900190451319
        ],
        [
          0.0,
          -0.9975640502598242,
          -0.0697564737441253,
          0.11229670754455434
        ],
        [
          0.0,
          0.0,
          0.0,
          1.0
        ]
      ],
      "metrics": {
        "coverage_iou": 0.5821638750565867,
        "trans_error": 1.7900727504303429,
        "rot_error": 0.848323150989881,
        "soft_f1": 0.8683190172127438
      }
    },
    {
      "key": "vln",
      "paper_name": "VLN+P",
      "color": [
        20,
        107,
        58
      ],
      "pose": [
        [
          -0.32201833283465686,
          0.0,
          0.9467334330836681,
          3.3170435360489057
        ],
        [
          -0.9467334330836681,
          0.0,
          -0.32201833283465686,
          6.085991598379298
        ],
        [
          0.0,
          -1.0,
          0.0,
          -0.1610726118087773
        ],
        [
          0.0,
          0.0,
          0.0,
          1.0
        ]
      ],
      "metrics": {
        "coverage_iou": 0.0,
        "trans_error": 2.154338556380591,
        "rot_error": 0.30762249185997453,
        "soft_f1": 0.006550947624742757
      }
    },
    {
      "key": "vlm",
      "paper_name": "VLM",
      "color": [
        0,
        200,
        209
      ],
      "pose": [
        [
          0.48054278139281253,
          0.19407075821702816,
          0.8552281426942914,
          2.5176595469517906
        ],
        [
          -0.8769712853060011,
          0.10634248065269528,
          0.4686284685733161,
          5.761889100468113
        ],
        [
          0.0,
          -0.9752065512565524,
          0.2212965937069549,
          -0.3455741682789007
        ],
        [
          0.0,
          0.0,
          0.0,
          1.0
        ]
      ],
      "metrics": {
        "coverage_iou": 0.20168409615645796,
        "trans_error": 2.9221490479843726,
        "rot_error": 0.5545087706534615,
        "soft_f1": 0.4029997879311193
      }
    }
  ],
  "vln_trajectory": {
    "points": [
      [
        1.7470433257332108,
        5.312946101911809,
        -0.1610726118087773
      ],
      [
        1.9713290700640245,
        5.423381172835736,
        -0.1610726118087773
      ],
      [
        2.195614814394838,
        5.533816243759663,
        -0.1610726118087773
      ],
      [
        2.4199005587256517,
        5.64425131468359,
        -0.1610726118087773
      ],
      [
        2.644186303056465,
        5.754686385607517,
        -0.1610726118087773
      ],
      [
        2.8684720473872787,
        5.865121456531444,
        -0.1610726118087773
      ],
      [
        3.092757791718092,
        5.975556527455371,
        -0.1610726118087773
      ],
      [
        3.3170435360489057,
        6.085991598379298,
        -0.1610726118087773
      ],
      [
        3.3170435360489057,
        6.085991598379298,
        -0.1610726118087773
      ],
      [
        3.3170435360489057,
        6.085991598379298,
        -0.1610726118087773
      ],
      [
        3.3170435360489057,
        6.085991598379298,
        -0.1610726118087773
      ],
      [
        3.3170435360489057,
        6.085991598379298,
        -0.1610726118087773
      ],
      [
        3.3170435360489057,
        6.085991598379298,
        -0.1610726118087773
      ],
      [
        3.3170435360489057,
        6.085991598379298,
        -0.1610726118087773
      ],
      [
        3.3170435360489057,
        6.085991598379298,
        -0.1610726118087773
      ],
      [
        3.3170435360489057,
        6.085991598379298,
        -0.1610726118087773
      ],
      [
        3.3170435360489057,
        6.085991598379298,
        -0.1610726118087773
      ],
      [
        3.3170435360489057,
        6.085991598379298,
        -0.1610726118087773
      ],
      [
        3.3170435360489057,
        6.085991598379298,
        -0.1610726118087773
      ],
      [
        3.3170435360489057,
        6.085991598379298,
        -0.1610726118087773
      ]
    ],
    "color": [
      108,
      147,
      125
    ]
  },
  "images": {
    "start": "images/start.png",
    "target": "images/target.png",
    "context": [
      "images/context_0.png",
      "images/context_1.png",
      "images/context_2.png"
    ],
    "renders": {
      "iperceive": "images/render_iperceive.png",
      "nbv_l": "images/render_nbv_l.png",
      "vln": "images/render_vln.png",
      "vlm": "images/render_vlm.png"
    }
  }
}