{
  "dataset": "replica",
  "data_name": "apartment_2_20260502_100834_176206",
  "instruction": "Prepare to grab the pillow on the armchair",
  "target_2d_coord": null,
  "fov_rad": 1.0471975667402222,
  "gt_cameras": [
    {
      "label": "start",
      "pose": [
        [
          -0.5547744350177914,
          -0.0969538549022244,
          0.8263324247966362,
          1.2330430477840497
        ],
        [
          -0.8320007970252732,
          0.06464839969924287,
          -0.5509947895993543,
          1.543498569004712
        ],
        [
          6.8916196311224006e-18,
          -0.993187059136357,
          -0.11653096397127526,
          -0.16107261180877733
        ],
        [
          0.0,
          0.0,
          0.0,
          1.0
        ]
      ],
      "color": [
        0,
        0,
        0
      ],
      "visible": false
    },
    {
      "label": "context_0",
      "pose": [
        [
          0.3371689747596044,
          -0.17668716782423202,
          0.9247154486848441,
          0.8780756426627704
        ],
        [
          -0.941444122774066,
          -0.06327877044731847,
          0.33117777509650714,
          -0.3334472441304812
        ],
        [
          -5.2799952604543066e-09,
          -0.9822308310327608,
          -0.18767673412446909,
          -0.16107261945961032
        ],
        [
          0.0,
          0.0,
          0.0,
          1.0
        ]
      ],
      "color": [
        0,
        0,
        0
      ],
      "visible": false
    },
    {
      "label": "context_1",
      "pose": [
        [
          -0.6165203535737181,
          0.17550401376860414,
          -0.7675291478625121,
          6.08682198094173
        ],
        [
          0.7873389507381687,
          0.1374272087628011,
          -0.6010084167799925,
          0.9353717247459032
        ],
        [
          6.262229040876477e-09,
          -0.9748395141397908,
          -0.2229078145328457,
          -0.16107264464624582
        ],
        [
          0.0,
          0.0,
          0.0,
          1.0
        ]
      ],
      "color": [
        0,
        0,
        0
      ],
      "visible": false
    },
    {
      "label": "target",
      "pose": [
        [
          -0.9393349415266165,
          0.2077971033867173,
          -0.27289239418509564,
          2.135687268002937
        ],
        [
          0.34300132606504863,
          0.5690680097628564,
          -0.7473363715498929,
          0.21726717221551572
        ],
        [
          -3.0005882362127423e-09,
          -0.7956016158284119,
          -0.6058201501518865,
          -0.16107260136984963
        ],
        [
          0.0,
          0.0,
          0.0,
          1.0
        ]
      ],
      "color": [
        144,
        238,
        144
      ],
      "visible": true
    }
  ],
  "algorithms": [
    {
      "key": "iperceive",
      "paper_name": "I-Perceive (Ours)",
      "color": [
        255,
        102,
        31
      ],
      "pose": [
        [
          -0.9269742993189811,
          0.08326501236454342,
          -0.36576722629497815,
          1.4598949876330283
        ],
        [
          0.3578354126771087,
          0.4888805709000397,
          -0.7955812769774402,
          1.0897057524710452
        ],
        [
          0.11257241302555211,
          -0.8683678539030639,
          -0.4829748866979719,
          -0.4673689970383114
        ],
        [
          0.0,
          0.0,
          0.0,
          1.0
        ]
      ],
      "metrics": {
        "coverage_iou": 0.2445745780227351,
        "trans_error": 1.1452780230146806,
        "rot_error": 0.18235525388666302,
        "soft_f1": 0.5177003789311658
      }
    },
    {
      "key": "nbv_l",
      "paper_name": "NBV+L",
      "color": [
        30,
        85,
        230
      ],
      "pose": [
        [
          0.0,
          0.18843210117272535,
          -1.0156183541839978,
          2.763066929146527
        ],
        [
          1.0,
          0.0,
          0.0,
          -0.5801185675937197
        ],
        [
          0.0,
          -0.981627183447664,
          -0.19080899537654472,
          -1.2252075458341896
        ],
        [
          0.0,
          0.0,
          0.0,
          1.0
        ]
      ],
      "metrics": {
        "coverage_iou": 0.08627946127946128,
        "trans_error": 1.470310315105466,
        "rot_error": 1.2891413347662508,
        "soft_f1": 0.3419667386699662
      }
    },
    {
      "key": "vln",
      "paper_name": "VLN+P",
      "color": [
        20,
        107,
        58
      ],
      "pose": [
        [
          -0.896449152608203,
          -0.1369398330829471,
          0.4214574698629133,
          1.2330430477840497
        ],
        [
          -0.4431466086838913,
          0.27701802274895554,
          -0.8525738081153,
          1.5434985690047123
        ],
        [
          0.0,
          -0.9510565162951534,
          -0.3090169943749473,
          -0.1610726118087773
        ],
        [
          0.0,
          0.0,
          0.0,
          1.0
        ]
      ],
      "metrics": {
        "coverage_iou": 0.18545513443472628,
        "trans_error": 1.6042619163495542,
        "rot_error": 0.8728636745656043,
        "soft_f1": 0.40844882176451885
      }
    },
    {
      "key": "vlm",
      "paper_name": "VLM",
      "color": [
        0,
        200,
        209
      ],
      "pose": [
        [
          -0.9977391955941027,
          -0.009191850832413192,
          0.06657332388808354,
          2.3012075149875946
        ],
        [
          -0.06720489249476568,
          0.13646431852066754,
          -0.9883627836960761,
          -0.36230828274073557
        ],
        [
          0.0,
          -0.990602341834989,
          -0.13677353673512846,
          -0.7381846354952357
        ],
        [
          0.0,
          0.0,
          0.0,
          1.0
        ]
      ],
      "metrics": {
        "coverage_iou": 0.18632911392405063,
        "trans_error": 0.8344836414126509,
        "rot_error": 0.6588737951006496,
        "soft_f1": 0.42548793347515385
      }
    }
  ],
  "vln_trajectory": {
    "points": [
      [
        1.2330430477840497,
        1.5434985690047123,
        -0.1610726118087773
      ],
      [
        1.2330430477840497,
        1.5434985690047123,
        -0.1610726118087773
      ],
      [
        1.2330430477840497,
        1.5434985690047123,
        -0.1610726118087773
      ],
      [
        1.2330430477840497,
        1.5434985690047123,
        -0.1610726118087773
      ],
      [
        1.2330430477840497,
        1.5434985690047123,
        -0.1610726118087773
      ],
      [
        1.2330430477840497,
        1.5434985690047123,
        -0.1610726118087773
      ],
      [
        1.2330430477840497,
        1.5434985690047123,
        -0.1610726118087773
      ],
      [
        1.2330430477840497,
        1.5434985690047123,
        -0.1610726118087773
      ]
    ],
    "color": [
      108,
      147,
      125
    ]
  },
  "images": {
    "start": "images/start.png",
    "target": "images/target.png",
    "context": [
      "images/context_0.png",
      "images/context_1.png"
    ],
    "renders": {
      "iperceive": "images/render_iperceive.png",
      "nbv_l": "images/render_nbv_l.png",
      "vln": "images/render_vln.png",
      "vlm": "images/render_vlm.png"
    }
  }
}