{
  "dataset": "replica",
  "data_name": "apartment_1_20260502_085320_130378",
  "instruction": "check the wall-mounted device closely",
  "target_2d_coord": null,
  "fov_rad": 1.0471975667402222,
  "gt_cameras": [
    {
      "label": "start",
      "pose": [
        [
          0.7943772334839999,
          -0.052656062832805925,
          0.6051381247031574,
          -0.9223946112299035
        ],
        [
          -0.6074247368376651,
          -0.06886248613622534,
          0.7913868504598947,
          -0.39677515645473665
        ],
        [
          -2.100656262392387e-18,
          -0.9962355630322006,
          -0.08668738633684966,
          -0.3001371622085573
        ],
        [
          0.0,
          0.0,
          0.0,
          1.0
        ]
      ],
      "color": [
        0,
        0,
        0
      ],
      "visible": false
    },
    {
      "label": "context_0",
      "pose": [
        [
          0.450755061624593,
          0.18608125270641346,
          -0.8730370276118542,
          1.2459691345644517
        ],
        [
          0.8926476875140001,
          -0.09396435837591546,
          0.4408523725174781,
          0.4303180499801526
        ],
        [
          4.984181123379727e-09,
          -0.9780309320665552,
          -0.20845990079862464,
          -0.30013716013765807
        ],
        [
          0.0,
          0.0,
          0.0,
          1.0
        ]
      ],
      "color": [
        0,
        0,
        0
      ],
      "visible": false
    },
    {
      "label": "context_1",
      "pose": [
        [
          -0.8779552482470931,
          0.07097258662455834,
          -0.4734526932405043,
          1.286112117598972
        ],
        [
          0.4787426585772599,
          0.13015500424595267,
          -0.8682540847372434,
          6.202076488762772
        ],
        [
          -9.428718916737466e-11,
          -0.9889502526101032,
          -0.14824787309298088,
          -0.30013712256748426
        ],
        [
          0.0,
          0.0,
          0.0,
          1.0
        ]
      ],
      "color": [
        0,
        0,
        0
      ],
      "visible": false
    },
    {
      "label": "context_2",
      "pose": [
        [
          -0.6488090984619929,
          -0.12933669811509496,
          0.7498791728722374,
          -2.2411171898142026
        ],
        [
          -0.760951227103178,
          0.1102762257678618,
          -0.6393687452934438,
          6.029609390935011
        ],
        [
          9.843675041754096e-10,
          -0.9854497102046845,
          -0.16996713628585827,
          -0.3001371985341006
        ],
        [
          0.0,
          0.0,
          0.0,
          1.0
        ]
      ],
      "color": [
        0,
        0,
        0
      ],
      "visible": false
    },
    {
      "label": "target",
      "pose": [
        [
          0.09067161752971037,
          0.04181469813778331,
          0.9950025906180012,
          1.239604665819558
        ],
        [
          -0.995880844717334,
          0.0038070893689204632,
          0.09059169275735746,
          1.2213950202487949
        ],
        [
          9.473326983977515e-10,
          -0.9991181391311229,
          0.04198765183373792,
          -0.300137167356032
        ],
        [
          0.0,
          0.0,
          0.0,
          1.0
        ]
      ],
      "color": [
        144,
        238,
        144
      ],
      "visible": true
    }
  ],
  "algorithms": [
    {
      "key": "iperceive",
      "paper_name": "I-Perceive (Ours)",
      "color": [
        255,
        102,
        31
      ],
      "pose": [
        [
          0.4777570565538767,
          0.08327596399602488,
          0.8745360797871142,
          0.7690847965428974
        ],
        [
          -0.8762774130138082,
          -0.0254671567108838,
          0.4811333727010645,
          1.0985731340671891
        ],
        [
          0.06233878687272663,
          -0.9962010695374844,
          0.060805748622729125,
          -0.274718573448948
        ],
        [
          0.0,
          0.0,
          0.0,
          1.0
        ]
      ],
      "metrics": {
        "coverage_iou": 0.17794486215538846,
        "trans_error": 0.4869499526464631,
        "rot_error": 0.4140472431826218,
        "soft_f1": 0.403145758570665
      }
    },
    {
      "key": "nbv_l",
      "paper_name": "NBV+L",
      "color": [
        30,
        85,
        230
      ],
      "pose": [
        [
          0.7071067811865476,
          0.0,
          0.7071067811865476,
          1.8676473306761348
        ],
        [
          -0.7071067811865476,
          0.0,
          0.7071067811865476,
          1.0440851637877009
        ],
        [
          0.0,
          -1.0,
          0.0,
          -0.15163427240144267
        ],
        [
          0.0,
          0.0,
          0.0,
          1.0
        ]
      ],
      "metrics": {
        "coverage_iou": 0.19382022471910113,
        "trans_error": 0.6692753341745679,
        "rot_error": 0.6958190922173948,
        "soft_f1": 0.7007299270072993
      }
    },
    {
      "key": "vln",
      "paper_name": "VLN+P",
      "color": [
        20,
        107,
        58
      ],
      "pose": [
        [
          -0.12885663624649574,
          0.0,
          0.9916632328039785,
          -0.9223946112299036
        ],
        [
          -0.9916632328039785,
          0.0,
          -0.12885663624649574,
          -0.39677515645473665
        ],
        [
          0.0,
          -1.0,
          0.0,
          -0.30013716220855735
        ],
        [
          0.0,
          0.0,
          0.0,
          1.0
        ]
      ],
      "metrics": {
        "coverage_iou": 0.0,
        "trans_error": 2.700502817332215,
        "rot_error": 0.22396934158394394,
        "soft_f1": 0.01674536167523828
      }
    },
    {
      "key": "vlm",
      "paper_name": "VLM",
      "color": [
        0,
        200,
        209
      ],
      "pose": [
        [
          0.37338245580901447,
          0.12978391000449122,
          0.9185541238261226,
          0.9097873388382659
        ],
        [
          -0.9276774987537584,
          0.05223694129379327,
          0.36971037349557756,
          0.7912426828923027
        ],
        [
          0.0,
          -0.9901653592548141,
          0.13990197043567715,
          -0.3127705394048133
        ],
        [
          0.0,
          0.0,
          0.0,
          1.0
        ]
      ],
      "metrics": {
        "coverage_iou": 0.26331360946745563,
        "trans_error": 0.5421900699315297,
        "rot_error": 0.3078740171600374,
        "soft_f1": 0.5563267485317672
      }
    }
  ],
  "vln_trajectory": {
    "points": [
      [
        -0.9223946112299036,
        -0.39677515645473665,
        -0.30013716220855735
      ],
      [
        -0.9223946112299036,
        -0.39677515645473665,
        -0.30013716220855735
      ],
      [
        -0.9223946112299036,
        -0.39677515645473665,
        -0.30013716220855735
      ],
      [
        -0.9223946112299036,
        -0.39677515645473665,
        -0.30013716220855735
      ],
      [
        -0.9223946112299036,
        -0.39677515645473665,
        -0.30013716220855735
      ],
      [
        -0.9223946112299036,
        -0.39677515645473665,
        -0.30013716220855735
      ],
      [
        -0.9223946112299036,
        -0.39677515645473665,
        -0.30013716220855735
      ],
      [
        -0.9223946112299036,
        -0.39677515645473665,
        -0.30013716220855735
      ],
      [
        -0.9223946112299036,
        -0.39677515645473665,
        -0.30013716220855735
      ],
      [
        -0.9223946112299036,
        -0.39677515645473665,
        -0.30013716220855735
      ],
      [
        -0.9223946112299036,
        -0.39677515645473665,
        -0.30013716220855735
      ],
      [
        -0.9223946112299036,
        -0.39677515645473665,
        -0.30013716220855735
      ],
      [
        -0.9223946112299036,
        -0.39677515645473665,
        -0.30013716220855735
      ],
      [
        -0.9223946112299036,
        -0.39677515645473665,
        -0.30013716220855735
      ],
      [
        -0.9223946112299036,
        -0.39677515645473665,
        -0.30013716220855735
      ],
      [
        -0.9223946112299036,
        -0.39677515645473665,
        -0.30013716220855735
      ],
      [
        -0.9223946112299036,
        -0.39677515645473665,
        -0.30013716220855735
      ],
      [
        -0.9223946112299036,
        -0.39677515645473665,
        -0.30013716220855735
      ],
      [
        -0.9223946112299036,
        -0.39677515645473665,
        -0.30013716220855735
      ],
      [
        -0.9223946112299036,
        -0.39677515645473665,
        -0.30013716220855735
      ],
      [
        -0.9223946112299036,
        -0.39677515645473665,
        -0.30013716220855735
      ]
    ],
    "color": [
      108,
      147,
      125
    ]
  },
  "images": {
    "start": "images/start.png",
    "target": "images/target.png",
    "context": [
      "images/context_0.png",
      "images/context_1.png",
      "images/context_2.png"
    ],
    "renders": {
      "iperceive": "images/render_iperceive.png",
      "nbv_l": "images/render_nbv_l.png",
      "vln": "images/render_vln.png",
      "vlm": "images/render_vlm.png"
    }
  }
}