{
  "dataset": "replica",
  "data_name": "frl_apartment_3_20260504_073045_901325",
  "instruction": "Peek inside the cabinet behind the bicycle",
  "target_2d_coord": null,
  "fov_rad": 1.0471975667402222,
  "gt_cameras": [
    {
      "label": "start",
      "pose": [
        [
          0.734812789080503,
          -0.08711735734858955,
          0.672652013341468,
          0.5783959166274877
        ],
        [
          -0.6782699794357201,
          -0.09437974592933708,
          0.7287264909103974,
          -0.1220880697010194
        ],
        [
          1.3762841040699111e-17,
          -0.9917172125192302,
          -0.12844053251636758,
          0.002254486083984153
        ],
        [
          0.0,
          0.0,
          0.0,
          1.0
        ]
      ],
      "color": [
        0,
        0,
        0
      ],
      "visible": false
    },
    {
      "label": "context_0",
      "pose": [
        [
          0.9975092608326446,
          0.01031722853255796,
          -0.06977706468801881,
          4.212051468104411
        ],
        [
          0.07053567729877674,
          -0.14590534762747379,
          0.9867807693637901,
          -0.1944474426137113
        ],
        [
          -3.905362339073903e-09,
          -0.9892447347064224,
          -0.14626966442650113,
          0.002254469704225548
        ],
        [
          0.0,
          0.0,
          0.0,
          1.0
        ]
      ],
      "color": [
        0,
        0,
        0
      ],
      "visible": false
    },
    {
      "label": "context_1",
      "pose": [
        [
          -0.3640469862227459,
          -0.1177794456476143,
          0.9239035383274572,
          2.9758060701130433
        ],
        [
          -0.9313805841465885,
          0.04603623272611677,
          -0.36112446117706054,
          4.2516236381027275
        ],
        [
          1.904379431927339e-09,
          -0.9919720846400659,
          -0.1264568338113685,
          0.0022544791482250748
        ],
        [
          0.0,
          0.0,
          0.0,
          1.0
        ]
      ],
      "color": [
        0,
        0,
        0
      ],
      "visible": false
    },
    {
      "label": "context_2",
      "pose": [
        [
          0.77719887664692,
          0.1936346531248593,
          -0.5987215480890545,
          7.030941281959141
        ],
        [
          0.6292550202287159,
          -0.23916000968272283,
          0.7394867031570416,
          3.239964029691143
        ],
        [
          8.77993816539302e-10,
          -0.951476790698673,
          -0.30772046967484096,
          0.002254463615044111
        ],
        [
          0.0,
          0.0,
          0.0,
          1.0
        ]
      ],
      "color": [
        0,
        0,
        0
      ],
      "visible": false
    },
    {
      "label": "target",
      "pose": [
        [
          0.9996245008711453,
          -0.01079187409927529,
          0.02518769340255711,
          1.4534280886604594
        ],
        [
          -0.02740226548043745,
          -0.3936836416673628,
          0.9188374567023615,
          3.44339426431948
        ],
        [
          -1.3859562122964242e-08,
          -0.9191826125455673,
          -0.393831535510289,
          0.002254473814694402
        ],
        [
          0.0,
          0.0,
          0.0,
          1.0
        ]
      ],
      "color": [
        144,
        238,
        144
      ],
      "visible": true
    }
  ],
  "algorithms": [
    {
      "key": "iperceive",
      "paper_name": "I-Perceive (Ours)",
      "color": [
        255,
        102,
        31
      ],
      "pose": [
        [
          0.9997417156076456,
          0.00048228637173042266,
          -0.022721437567802816,
          1.6437507169016874
        ],
        [
          0.02138304713764788,
          -0.358617156251083,
          0.9332397929437841,
          1.7858613240043693
        ],
        [
          -0.007698215487131718,
          -0.9334846568724146,
          -0.35853485360879866,
          -0.24837837488702114
        ],
        [
          0.0,
          0.0,
          0.0,
          1.0
        ]
      ],
      "metrics": {
        "coverage_iou": 0.39648682559598497,
        "trans_error": 1.6871440528406967,
        "rot_error": 0.06225575095387393,
        "soft_f1": 0.7074145017146495
      }
    },
    {
      "key": "nbv_l",
      "paper_name": "NBV+L",
      "color": [
        30,
        85,
        230
      ],
      "pose": [
        [
          -0.8571673007021124,
          0.14663965219890807,
          -0.5265497887796823,
          2.7286848252754456
        ],
        [
          0.515038074910054,
          0.12277392384284651,
          -0.867845604973066,
          -0.3632558338543208
        ],
        [
          -0.06261399400849772,
          -0.981090893462004,
          -0.18313969127480434,
          -0.04854033290162721
        ],
        [
          0.0,
          0.0,
          0.0,
          1.0
        ]
      ],
      "metrics": {
        "coverage_iou": 0.0,
        "trans_error": 4.014902870628467,
        "rot_error": 2.6441578341941483,
        "soft_f1": 0.0
      }
    },
    {
      "key": "vln",
      "paper_name": "VLN+P",
      "color": [
        20,
        107,
        58
      ],
      "pose": [
        [
          0.9992004079956817,
          0.008312684498023692,
          -0.03910810577999705,
          0.6083822697228625
        ],
        [
          0.03998180412716667,
          -0.2077454462921772,
          0.9773654817332158,
          -0.8714883756977807
        ],
        [
          0.0,
          -0.9781476007338058,
          -0.20791169081775931,
          0.002254486083984153
        ],
        [
          0.0,
          0.0,
          0.0,
          1.0
        ]
      ],
      "metrics": {
        "coverage_iou": 0.08626444159178434,
        "trans_error": 4.396852819811429,
        "rot_error": 0.20662125036591517,
        "soft_f1": 0.2079159367923547
      }
    },
    {
      "key": "vlm",
      "paper_name": "VLM",
      "color": [
        0,
        200,
        209
      ],
      "pose": [
        [
          0.9985175149578308,
          -0.0007410596362211428,
          -0.054426309382997105,
          1.2008303281452666
        ],
        [
          0.05443135422197537,
          0.013594389428149627,
          0.9984249697667008,
          1.2672510273275002
        ],
        [
          -0.0,
          -0.9999073174083142,
          0.013614572828723734,
          -0.5339472386212969
        ],
        [
          0.0,
          0.0,
          0.0,
          1.0
        ]
      ],
      "metrics": {
        "coverage_iou": 0.18902853260869565,
        "trans_error": 2.255419553627861,
        "rot_error": 0.42622960190788267,
        "soft_f1": 0.40383971570523897
      }
    }
  ],
  "vln_trajectory": {
    "points": [
      [
        0.5783959166274877,
        -0.1220880697010194,
        0.002254486083984153
      ],
      [
        0.5783959166274877,
        -0.1220880697010194,
        0.002254486083984153
      ],
      [
        0.5783959166274877,
        -0.1220880697010194,
        0.002254486083984153
      ],
      [
        0.5783959166274877,
        -0.1220880697010194,
        0.002254486083984153
      ],
      [
        0.5783959166274877,
        -0.1220880697010194,
        0.002254486083984153
      ],
      [
        0.5783959166274877,
        -0.1220880697010194,
        0.002254486083984153
      ],
      [
        0.5783959166274877,
        -0.1220880697010194,
        0.002254486083984153
      ],
      [
        0.5783959166274877,
        -0.1220880697010194,
        0.002254486083984153
      ],
      [
        0.5783959166274877,
        -0.1220880697010194,
        0.002254486083984153
      ],
      [
        0.5783959166274877,
        -0.1220880697010194,
        0.002254486083984153
      ],
      [
        0.5783959166274877,
        -0.1220880697010194,
        0.002254486083984153
      ],
      [
        0.5783959166274877,
        -0.1220880697010194,
        0.002254486083984153
      ],
      [
        0.5783959166274877,
        -0.1220880697010194,
        0.002254486083984153
      ],
      [
        0.5783959166274877,
        -0.1220880697010194,
        0.002254486083984153
      ],
      [
        0.6083822697228625,
        -0.8714883756977807,
        0.002254486083984153
      ],
      [
        0.6083822697228625,
        -0.8714883756977807,
        0.002254486083984153
      ],
      [
        0.6083822697228625,
        -0.8714883756977807,
        0.002254486083984153
      ],
      [
        0.6083822697228625,
        -0.8714883756977807,
        0.002254486083984153
      ],
      [
        0.6083822697228625,
        -0.8714883756977807,
        0.002254486083984153
      ],
      [
        0.6083822697228625,
        -0.8714883756977807,
        0.002254486083984153
      ],
      [
        0.6083822697228625,
        -0.8714883756977807,
        0.002254486083984153
      ]
    ],
    "color": [
      108,
      147,
      125
    ]
  },
  "images": {
    "start": "images/start.png",
    "target": "images/target.png",
    "context": [
      "images/context_0.png",
      "images/context_1.png",
      "images/context_2.png"
    ],
    "renders": {
      "iperceive": "images/render_iperceive.png",
      "nbv_l": "images/render_nbv_l.png",
      "vln": "images/render_vln.png",
      "vlm": "images/render_vlm.png"
    }
  }
}