{
  "dataset": "replica",
  "data_name": "hotel_0_20260501_082150_341903",
  "instruction": "Look at the framed picture on the wooden wall",
  "target_2d_coord": null,
  "fov_rad": 1.0471975667402222,
  "gt_cameras": [
    {
      "label": "start",
      "pose": [
        [
          0.6906776602774481,
          0.11521299314791368,
          -0.7139260016301192,
          2.0419036074499073
        ],
        [
          0.723162754567511,
          -0.11003752618392629,
          0.6818558302439393,
          -0.880279210001717
        ],
        [
          0.0,
          -0.987227283375627,
          -0.15931820661424567,
          0.46479153633117626
        ],
        [
          0.0,
          0.0,
          0.0,
          1.0
        ]
      ],
      "color": [
        0,
        0,
        0
      ],
      "visible": false
    },
    {
      "label": "context_0",
      "pose": [
        [
          0.43421526223485674,
          -0.1736628394345282,
          0.8839107975947837,
          -2.604432192961243
        ],
        [
          -0.9008091150065201,
          -0.0837103652417219,
          0.42606977643902566,
          -0.33828130865917394
        ],
        [
          -1.3719300695491654e-10,
          -0.9812409496393468,
          -0.19278538219505487,
          0.4647915169738819
        ],
        [
          0.0,
          0.0,
          0.0,
          1.0
        ]
      ],
      "color": [
        0,
        0,
        0
      ],
      "visible": false
    },
    {
      "label": "context_1",
      "pose": [
        [
          -0.3735499279645272,
          -0.14961639240160535,
          0.9154645646349947,
          -1.6421268022976365
        ],
        [
          -0.9276100635920542,
          0.06025073976984516,
          -0.3686589299945685,
          1.6623486986204412
        ],
        [
          5.679908834932412e-10,
          -0.9869066610363787,
          -0.16129233376812088,
          0.46479151276832587
        ],
        [
          0.0,
          0.0,
          0.0,
          1.0
        ]
      ],
      "color": [
        0,
        0,
        0
      ],
      "visible": false
    },
    {
      "label": "context_2",
      "pose": [
        [
          -0.39195862463509684,
          0.1791643500098617,
          -0.9023683126417746,
          2.1972458877010834
        ],
        [
          0.9199828462874265,
          0.07633295558759519,
          -0.38445394030002206,
          1.360264278346658
        ],
        [
          6.922725448443856e-10,
          -0.9808534202500123,
          -0.1947474812959703,
          0.4647915293572072
        ],
        [
          0.0,
          0.0,
          0.0,
          1.0
        ]
      ],
      "color": [
        0,
        0,
        0
      ],
      "visible": false
    },
    {
      "label": "context_3",
      "pose": [
        [
          0.025237706739050014,
          0.1493905317926501,
          -0.988456121674865,
          3.9019485029774645
        ],
        [
          0.9996814864706391,
          -0.0037714758444028773,
          0.02495433294538768,
          0.948813343313251
        ],
        [
          -4.29955762659695e-09,
          -0.9887710849890378,
          -0.149438131430813,
          0.46479152245944894
        ],
        [
          0.0,
          0.0,
          0.0,
          1.0
        ]
      ],
      "color": [
        0,
        0,
        0
      ],
      "visible": false
    },
    {
      "label": "target",
      "pose": [
        [
          0.9968312340122463,
          0.009522537222091787,
          0.07897320912084443,
          1.2027329718753292
        ],
        [
          -0.07954523102449651,
          0.11933287173756246,
          0.989662692643498,
          1.0675215267679263
        ],
        [
          2.6708504990979876e-09,
          -0.9928086207617581,
          0.11971221178067201,
          0.4647915515910227
        ],
        [
          0.0,
          0.0,
          0.0,
          1.0
        ]
      ],
      "color": [
        144,
        238,
        144
      ],
      "visible": true
    }
  ],
  "algorithms": [
    {
      "key": "iperceive",
      "paper_name": "I-Perceive (Ours)",
      "color": [
        255,
        102,
        31
      ],
      "pose": [
        [
          0.9983114057590301,
          0.05083134068676551,
          0.028116786503039726,
          1.036180121756305
        ],
        [
          -0.032009816542005354,
          0.0774701931514306,
          0.9964806457436037,
          0.2379306999358014
        ],
        [
          0.04847424937281247,
          -0.995698021445798,
          0.07896647976466258,
          0.6024882717440501
        ],
        [
          0.0,
          0.0,
          0.0,
          1.0
        ]
      ],
      "metrics": {
        "coverage_iou": 0.3089675960813866,
        "trans_error": 0.8572753864991316,
        "rot_error": 0.07867110094882615,
        "soft_f1": 0.5725468269499581
      }
    },
    {
      "key": "nbv_l",
      "paper_name": "NBV+L",
      "color": [
        30,
        85,
        230
      ],
      "pose": [
        [
          0.8660254037844388,
          -0.12974590752849197,
          -0.5163909841713913,
          0.966641931887236
        ],
        [
          0.49999999999999983,
          0.09148583455398228,
          0.8804112624960292,
          1.4368481932257593
        ],
        [
          -0.06698729810778066,
          -0.986766499363083,
          0.1476637315895336,
          -0.05666297578995777
        ],
        [
          0.0,
          0.0,
          0.0,
          1.0
        ]
      ],
      "metrics": {
        "coverage_iou": 0.027549824150058615,
        "trans_error": 0.681216571864709,
        "rot_error": 0.5907315692645716,
        "soft_f1": 0.09754208468976534
      }
    },
    {
      "key": "vln",
      "paper_name": "VLN+P",
      "color": [
        20,
        107,
        58
      ],
      "pose": [
        [
          0.6906776602774476,
          0.0,
          -0.7231627545675107,
          2.030418392219913
        ],
        [
          0.7231627545675107,
          0.0,
          0.6906776602774476,
          -0.380411137575481
        ],
        [
          0.0,
          -1.0,
          0.0,
          0.4647915363311763
        ],
        [
          0.0,
          0.0,
          0.0,
          1.0
        ]
      ],
      "metrics": {
        "coverage_iou": 0.04891540130151844,
        "trans_error": 1.6678045401563442,
        "rot_error": 0.8955360711932784,
        "soft_f1": 0.1108528682787861
      }
    },
    {
      "key": "vlm",
      "paper_name": "VLM",
      "color": [
        0,
        200,
        209
      ],
      "pose": [
        [
          0.9522285189570118,
          -0.08828134392001656,
          -0.2923478270837867,
          1.0732071380951451
        ],
        [
          0.3053863907985028,
          0.27527098752726764,
          0.9115728362236486,
          0.17224233615662532
        ],
        [
          -0.0,
          -0.95730469952959,
          0.28908080575949935,
          0.2089861830008531
        ],
        [
          0.0,
          0.0,
          0.0,
          1.0
        ]
      ],
      "metrics": {
        "coverage_iou": 0.1465900182910896,
        "trans_error": 0.9400734265399988,
        "rot_error": 0.42628516078219664,
        "soft_f1": 0.29964982138777024
      }
    }
  ],
  "vln_trajectory": {
    "points": [
      [
        2.0419036074499073,
        -0.880279210001717,
        0.4647915363311763
      ],
      [
        2.0419036074499073,
        -0.880279210001717,
        0.4647915363311763
      ],
      [
        2.03616099983491,
        -0.630345173788599,
        0.4647915363311763
      ],
      [
        2.030418392219913,
        -0.380411137575481,
        0.4647915363311763
      ],
      [
        2.030418392219913,
        -0.380411137575481,
        0.4647915363311763
      ],
      [
        2.030418392219913,
        -0.380411137575481,
        0.4647915363311763
      ],
      [
        2.030418392219913,
        -0.380411137575481,
        0.4647915363311763
      ],
      [
        2.030418392219913,
        -0.380411137575481,
        0.4647915363311763
      ],
      [
        2.030418392219913,
        -0.380411137575481,
        0.4647915363311763
      ],
      [
        2.030418392219913,
        -0.380411137575481,
        0.4647915363311763
      ],
      [
        2.030418392219913,
        -0.380411137575481,
        0.4647915363311763
      ],
      [
        2.030418392219913,
        -0.380411137575481,
        0.4647915363311763
      ],
      [
        2.030418392219913,
        -0.380411137575481,
        0.4647915363311763
      ],
      [
        2.030418392219913,
        -0.380411137575481,
        0.4647915363311763
      ],
      [
        2.030418392219913,
        -0.380411137575481,
        0.4647915363311763
      ],
      [
        2.030418392219913,
        -0.380411137575481,
        0.4647915363311763
      ],
      [
        2.030418392219913,
        -0.380411137575481,
        0.4647915363311763
      ],
      [
        2.030418392219913,
        -0.380411137575481,
        0.4647915363311763
      ],
      [
        2.030418392219913,
        -0.380411137575481,
        0.4647915363311763
      ],
      [
        2.030418392219913,
        -0.380411137575481,
        0.4647915363311763
      ],
      [
        2.030418392219913,
        -0.380411137575481,
        0.4647915363311763
      ]
    ],
    "color": [
      108,
      147,
      125
    ]
  },
  "images": {
    "start": "images/start.png",
    "target": "images/target.png",
    "context": [
      "images/context_0.png",
      "images/context_1.png",
      "images/context_2.png",
      "images/context_3.png"
    ],
    "renders": {
      "iperceive": "images/render_iperceive.png",
      "nbv_l": "images/render_nbv_l.png",
      "vln": "images/render_vln.png",
      "vlm": "images/render_vlm.png"
    }
  }
}