{
  "dataset": "replica",
  "data_name": "frl_apartment_3_20260504_073817_009991",
  "instruction": "Inspect the bicycle seat",
  "target_2d_coord": null,
  "fov_rad": 1.0471975667402222,
  "gt_cameras": [
    {
      "label": "start",
      "pose": [
        [
          0.4994350487575939,
          -0.10439773486336802,
          0.8600382230040113,
          1.6514760617391526
        ],
        [
          -0.8663513329316805,
          -0.06018330649441067,
          0.49579566108115564,
          0.9566369577717122
        ],
        [
          6.888330121840242e-18,
          -0.9927129910375897,
          -0.12050276936735628,
          0.002254486083984126
        ],
        [
          0.0,
          0.0,
          0.0,
          1.0
        ]
      ],
      "color": [
        0,
        0,
        0
      ],
      "visible": false
    },
    {
      "label": "context_0",
      "pose": [
        [
          -0.10287117449644606,
          -0.07631382989285376,
          0.9917629356401736,
          1.3243246133996518
        ],
        [
          -0.9946946866223523,
          0.007892358880712855,
          -0.10256797588429162,
          4.572160527352635
        ],
        [
          3.3228409190844133e-09,
          -0.9970525866111152,
          -0.0767208646667329,
          0.00225447620857408
        ],
        [
          0.0,
          0.0,
          0.0,
          1.0
        ]
      ],
      "color": [
        0,
        0,
        0
      ],
      "visible": false
    },
    {
      "label": "context_1",
      "pose": [
        [
          -0.7139010240706861,
          -0.07464168847288111,
          0.6962570664724416,
          3.416509179769294
        ],
        [
          -0.7002465820690735,
          0.07609715591515676,
          -0.709833708980695,
          4.545374798412134
        ],
        [
          4.6517734109130515e-10,
          -0.9943026933552596,
          -0.10659343106174302,
          0.002254493304008398
        ],
        [
          0.0,
          0.0,
          0.0,
          1.0
        ]
      ],
      "color": [
        0,
        0,
        0
      ],
      "visible": false
    },
    {
      "label": "context_2",
      "pose": [
        [
          -0.9959295666541139,
          0.009428498975372651,
          -0.08964014265098824,
          4.286881750358966
        ],
        [
          0.09013460714054228,
          0.10417883283502186,
          -0.9904658211933624,
          1.6716253873015188
        ],
        [
          2.478656460636053e-09,
          -0.9945138913594538,
          -0.1046046117632432,
          0.002254478896617673
        ],
        [
          0.0,
          0.0,
          0.0,
          1.0
        ]
      ],
      "color": [
        0,
        0,
        0
      ],
      "visible": false
    },
    {
      "label": "context_3",
      "pose": [
        [
          -0.48106414897414906,
          -0.219269867405166,
          0.8488215067272911,
          1.0977139793591841
        ],
        [
          -0.8766853793179166,
          0.1203201008035351,
          -0.4657744129020739,
          0.8935625868725103
        ],
        [
          8.156048059149157e-11,
          -0.9682168291032098,
          -0.25011238200987473,
          0.0022544883449585468
        ],
        [
          0.0,
          0.0,
          0.0,
          1.0
        ]
      ],
      "color": [
        0,
        0,
        0
      ],
      "visible": false
    },
    {
      "label": "target",
      "pose": [
        [
          0.8398173047343702,
          -0.17632189327617112,
          0.5134369907541638,
          6.340449127171811
        ],
        [
          -0.5428691907267613,
          -0.2727695396785603,
          0.7942857639937719,
          4.10553341103994
        ],
        [
          2.5113832125001068e-09,
          -0.9457839949165123,
          -0.3247962967948073,
          0.0022544569275216864
        ],
        [
          0.0,
          0.0,
          0.0,
          1.0
        ]
      ],
      "color": [
        144,
        238,
        144
      ],
      "visible": true
    }
  ],
  "algorithms": [
    {
      "key": "iperceive",
      "paper_name": "I-Perceive (Ours)",
      "color": [
        255,
        102,
        31
      ],
      "pose": [
        [
          0.6334266664211041,
          -0.2671076396732823,
          0.7262397302865614,
          6.134789155716983
        ],
        [
          -0.7737435803123995,
          -0.23023422638982557,
          0.5901805061107549,
          4.277960706156491
        ],
        [
          0.009563522056539757,
          -0.9357594628549706,
          -0.35250932184549794,
          -0.32931000369053515
        ],
        [
          0.0,
          0.0,
          0.0,
          1.0
        ]
      ],
      "metrics": {
        "coverage_iou": 0.4847752537457709,
        "trans_error": 0.4265703155707562,
        "rot_error": 0.31260334236045956,
        "soft_f1": 0.7932960259296589
      }
    },
    {
      "key": "nbv_l",
      "paper_name": "NBV+L",
      "color": [
        30,
        85,
        230
      ],
      "pose": [
        [
          1.0,
          0.0,
          0.0,
          7.7805330861236035
        ],
        [
          0.0,
          -0.2588190451025207,
          1.0,
          5.344888205396853
        ],
        [
          0.0,
          -0.9659258262890682,
          -0.2588190451025207,
          -0.6227591310272803
        ],
        [
          0.0,
          0.0,
          0.0,
          1.0
        ]
      ],
      "metrics": {
        "coverage_iou": 0.01282051282051282,
        "trans_error": 2.000121045777237,
        "rot_error": 0.5526035088957778,
        "soft_f1": 0.09121621621621621
      }
    },
    {
      "key": "vln",
      "paper_name": "VLN+P",
      "color": [
        20,
        107,
        58
      ],
      "pose": [
        [
          0.4994350487575939,
          -0.18012457047204522,
          0.8474194776996579,
          5.766644893164636
        ],
        [
          -0.8663513329316805,
          -0.10383838544084142,
          0.48852119466461175,
          3.328953439370284
        ],
        [
          1.3877787807814457e-17,
          -0.9781476007338056,
          -0.2079116908177593,
          0.002254486083984153
        ],
        [
          0.0,
          0.0,
          0.0,
          1.0
        ]
      ],
      "metrics": {
        "coverage_iou": 0.2749060759165695,
        "trans_error": 0.9655711770221517,
        "rot_error": 0.4890057558989002,
        "soft_f1": 0.516138448027334
      }
    },
    {
      "key": "vlm",
      "paper_name": "VLM",
      "color": [
        0,
        200,
        209
      ],
      "pose": [
        [
          0.5110432550667803,
          -0.1430210616243954,
          0.8475728684795076,
          3.082436372367396
        ],
        [
          -0.8595549961757827,
          -0.08503231230208612,
          0.5039193530852042,
          2.2880343956507754
        ],
        [
          0.0,
          -0.9860600802164092,
          -0.16638965774232667,
          -0.07424470502512073
        ],
        [
          0.0,
          0.0,
          0.0,
          1.0
        ]
      ],
      "metrics": {
        "coverage_iou": 0.13341849407423179,
        "trans_error": 3.7314610906655927,
        "rot_error": 0.4882665975063061,
        "soft_f1": 0.3123466416796591
      }
    }
  ],
  "vln_trajectory": {
    "points": [
      [
        1.6514760617391524,
        0.9566369577717122,
        0.002254486083984153
      ],
      [
        1.8680638949720725,
        1.0814957199611106,
        0.002254486083984153
      ],
      [
        2.517827394670833,
        1.456072006529306,
        0.002254486083984153
      ],
      [
        3.167590894369593,
        1.8306482930975014,
        0.002254486083984153
      ],
      [
        3.817354394068354,
        2.205224579665697,
        0.002254486083984153
      ],
      [
        4.4671178937671145,
        2.5798008662338927,
        0.002254486083984153
      ],
      [
        5.116881393465875,
        2.9543771528020883,
        0.002254486083984153
      ],
      [
        5.766644893164636,
        3.328953439370284,
        0.002254486083984153
      ],
      [
        5.766644893164636,
        3.328953439370284,
        0.002254486083984153
      ]
    ],
    "color": [
      108,
      147,
      125
    ]
  },
  "images": {
    "start": "images/start.png",
    "target": "images/target.png",
    "context": [
      "images/context_0.png",
      "images/context_1.png",
      "images/context_2.png",
      "images/context_3.png"
    ],
    "renders": {
      "iperceive": "images/render_iperceive.png",
      "nbv_l": "images/render_nbv_l.png",
      "vln": "images/render_vln.png",
      "vlm": "images/render_vlm.png"
    }
  }
}