{
  "dataset": "replica",
  "data_name": "frl_apartment_3_20260504_073551_814894",
  "instruction": "check the door next to the shelf",
  "target_2d_coord": null,
  "fov_rad": 1.0471975667402222,
  "gt_cameras": [
    {
      "label": "start",
      "pose": [
        [
          -0.7884215611511147,
          -0.060674291906382974,
          0.6121356648764207,
          2.5308490551219722
        ],
        [
          -0.6151353037438501,
          0.07776650056568499,
          -0.7845769111296408,
          3.896520046322381
        ],
        [
          6.905057111822604e-18,
          -0.9951236112621519,
          -0.09863568476253234,
          0.0022544860839840758
        ],
        [
          0.0,
          0.0,
          0.0,
          1.0
        ]
      ],
      "color": [
        0,
        0,
        0
      ],
      "visible": false
    },
    {
      "label": "context_0",
      "pose": [
        [
          0.7124241033776606,
          -0.13721196699883692,
          0.6882040326613692,
          1.0476975618353426
        ],
        [
          -0.7017491747908827,
          -0.13929922219919377,
          0.6986729101539003,
          0.1317751585280651
        ],
        [
          -2.3667295484530726e-09,
          -0.9806980356761866,
          -0.1955285114161823,
          0.0022544866061801616
        ],
        [
          0.0,
          0.0,
          0.0,
          1.0
        ]
      ],
      "color": [
        0,
        0,
        0
      ],
      "visible": false
    },
    {
      "label": "context_1",
      "pose": [
        [
          0.3810637156628893,
          -0.188023404960656,
          0.9052279670027003,
          1.4816757669428677
        ],
        [
          -0.9245487889236343,
          -0.07749606507951894,
          0.3731004010180268,
          3.776313936748647
        ],
        [
          2.760227615916655e-09,
          -0.979102449405045,
          -0.20336775307566907,
          0.0022544839389335436
        ],
        [
          0.0,
          0.0,
          0.0,
          1.0
        ]
      ],
      "color": [
        0,
        0,
        0
      ],
      "visible": false
    },
    {
      "label": "context_2",
      "pose": [
        [
          -0.6404265063580484,
          -0.11992980399128489,
          0.7585978758039784,
          4.50198784914435
        ],
        [
          -0.7680194928580661,
          0.10000556575618937,
          -0.6325701126821671,
          4.536969156983392
        ],
        [
          -4.971821704335966e-10,
          -0.9877326043854859,
          -0.1561546374152891,
          0.002254480995009675
        ],
        [
          0.0,
          0.0,
          0.0,
          1.0
        ]
      ],
      "color": [
        0,
        0,
        0
      ],
      "visible": false
    },
    {
      "label": "context_3",
      "pose": [
        [
          -0.8307976117210147,
          0.04159093279858283,
          -0.555018487228566,
          6.5525347619675625
        ],
        [
          0.5565746728203935,
          0.06208268373570983,
          -0.8284747297615773,
          4.350802252972393
        ],
        [
          2.0602468342456604e-10,
          -0.9972040409220551,
          -0.07472659890878008,
          0.002254464960408653
        ],
        [
          0.0,
          0.0,
          0.0,
          1.0
        ]
      ],
      "color": [
        0,
        0,
        0
      ],
      "visible": false
    },
    {
      "label": "target",
      "pose": [
        [
          -0.21144529462318618,
          -0.156484321692897,
          0.9647815671978157,
          4.119785141254342
        ],
        [
          -0.9773898392446332,
          0.033853301259772685,
          -0.2087176963164945,
          1.2925241066143696
        ],
        [
          -3.282956559380601e-09,
          -0.987100095273389,
          -0.16010430401456566,
          0.0022545007940709683
        ],
        [
          0.0,
          0.0,
          0.0,
          1.0
        ]
      ],
      "color": [
        144,
        238,
        144
      ],
      "visible": true
    }
  ],
  "algorithms": [
    {
      "key": "iperceive",
      "paper_name": "I-Perceive (Ours)",
      "color": [
        255,
        102,
        31
      ],
      "pose": [
        [
          -0.5875796335374942,
          -0.13461002399483057,
          0.7978911661888306,
          4.298645954377213
        ],
        [
          -0.8091569387100013,
          0.09299240844674654,
          -0.5801874396099893,
          1.555416078261394
        ],
        [
          0.0039012236280860854,
          -0.9865254878822518,
          -0.16356107912261125,
          -0.07919705312560771
        ],
        [
          0.0,
          0.0,
          0.0,
          1.0
        ]
      ],
      "metrics": {
        "coverage_iou": 0.4446227929373997,
        "trans_error": 0.32823423756876136,
        "rot_error": 0.41505596922570287,
        "soft_f1": 0.7836825422961347
      }
    },
    {
      "key": "nbv_l",
      "paper_name": "NBV+L",
      "color": [
        30,
        85,
        230
      ],
      "pose": [
        [
          0.777145961456971,
          0.0,
          0.6293203910498373,
          4.532520779358156
        ],
        [
          -0.6293203910498373,
          0.0,
          0.777145961456971,
          0.9944863103817034
        ],
        [
          0.0,
          -1.0,
          0.0,
          -0.7000481733839875
        ],
        [
          0.0,
          0.0,
          0.0,
          1.0
        ]
      ],
      "metrics": {
        "coverage_iou": 0.018455473929403332,
        "trans_error": 0.8674134587047589,
        "rot_error": 1.113626754701874,
        "soft_f1": 0.08143507015308267
      }
    },
    {
      "key": "vln",
      "paper_name": "VLN+P",
      "color": [
        20,
        107,
        58
      ],
      "pose": [
        [
          0.3752254489763269,
          0.0,
          -0.9269335803823883,
          3.914903488545635
        ],
        [
          0.9269335803823883,
          0.0,
          0.3752254489763269,
          2.122571533732372
        ],
        [
          0.0,
          -1.0000000000000002,
          0.0,
          0.002254486083984153
        ],
        [
          0.0,
          0.0,
          0.0,
          1.0
        ]
      ],
      "metrics": {
        "coverage_iou": 0.0,
        "trans_error": 0.8549592868491983,
        "rot_error": 2.970561736671403,
        "soft_f1": 0.0
      }
    },
    {
      "key": "vlm",
      "paper_name": "VLM",
      "color": [
        0,
        200,
        209
      ],
      "pose": [
        [
          -0.5172850992961092,
          -0.19267532355107783,
          0.8338419189155112,
          3.109171136918871
        ],
        [
          -0.8558131373414493,
          0.11646008868786978,
          -0.5040048826118643,
          2.8962356015995336
        ],
        [
          0.0,
          -0.9743270844215,
          -0.22513714167746518,
          -0.11117655139292805
        ],
        [
          0.0,
          0.0,
          0.0,
          1.0
        ]
      ],
      "metrics": {
        "coverage_iou": 0.08113077453458975,
        "trans_error": 1.8989729605616246,
        "rot_error": 0.3371422930891564,
        "soft_f1": 0.22467536470557156
      }
    }
  ],
  "vln_trajectory": {
    "points": [
      [
        2.5308490551219722,
        3.896520046322381,
        0.002254486083984153
      ],
      [
        2.9922005329298598,
        3.3052038754590445,
        0.002254486083984153
      ],
      [
        3.4535520107377473,
        2.713887704595708,
        0.002254486083984153
      ],
      [
        3.7611196626096723,
        2.3196769240201505,
        0.002254486083984153
      ],
      [
        3.914903488545635,
        2.122571533732372,
        0.002254486083984153
      ],
      [
        3.914903488545635,
        2.122571533732372,
        0.002254486083984153
      ],
      [
        3.914903488545635,
        2.122571533732372,
        0.002254486083984153
      ],
      [
        3.914903488545635,
        2.122571533732372,
        0.002254486083984153
      ],
      [
        3.914903488545635,
        2.122571533732372,
        0.002254486083984153
      ],
      [
        3.914903488545635,
        2.122571533732372,
        0.002254486083984153
      ],
      [
        3.914903488545635,
        2.122571533732372,
        0.002254486083984153
      ],
      [
        3.914903488545635,
        2.122571533732372,
        0.002254486083984153
      ],
      [
        3.914903488545635,
        2.122571533732372,
        0.002254486083984153
      ],
      [
        3.914903488545635,
        2.122571533732372,
        0.002254486083984153
      ],
      [
        3.914903488545635,
        2.122571533732372,
        0.002254486083984153
      ],
      [
        3.914903488545635,
        2.122571533732372,
        0.002254486083984153
      ],
      [
        3.914903488545635,
        2.122571533732372,
        0.002254486083984153
      ],
      [
        3.914903488545635,
        2.122571533732372,
        0.002254486083984153
      ],
      [
        3.914903488545635,
        2.122571533732372,
        0.002254486083984153
      ],
      [
        3.914903488545635,
        2.122571533732372,
        0.002254486083984153
      ],
      [
        3.914903488545635,
        2.122571533732372,
        0.002254486083984153
      ]
    ],
    "color": [
      108,
      147,
      125
    ]
  },
  "images": {
    "start": "images/start.png",
    "target": "images/target.png",
    "context": [
      "images/context_0.png",
      "images/context_1.png",
      "images/context_2.png",
      "images/context_3.png"
    ],
    "renders": {
      "iperceive": "images/render_iperceive.png",
      "nbv_l": "images/render_nbv_l.png",
      "vln": "images/render_vln.png",
      "vlm": "images/render_vlm.png"
    }
  }
}