{
  "dataset": "replica",
  "data_name": "frl_apartment_2_20260504_071901_348080",
  "instruction": "Move closer to the trash bin",
  "target_2d_coord": null,
  "fov_rad": 1.0471975667402222,
  "gt_cameras": [
    {
      "label": "start",
      "pose": [
        [
          0.04870358763959936,
          -0.09056402228219672,
          0.9946990089565294,
          -2.0476467568929735
        ],
        [
          -0.9988132761187308,
          -0.004416033408521981,
          0.04850296999053726,
          0.3349745201384248
        ],
        [
          7.539472319513146e-18,
          -0.9958808445376408,
          -0.09067162446430196,
          -0.03576164664328098
        ],
        [
          0.0,
          0.0,
          0.0,
          1.0
        ]
      ],
      "color": [
        0,
        0,
        0
      ],
      "visible": false
    },
    {
      "label": "context_0",
      "pose": [
        [
          0.43201231378975613,
          -0.11404733948601017,
          0.8946276164590768,
          0.38021350846548296
        ],
        [
          -0.9018677062087705,
          -0.05463091097131228,
          0.42854417894553687,
          0.26949403201427347
        ],
        [
          -1.1900597382541456e-09,
          -0.9919720889686001,
          -0.12645684154637202,
          0.018440962977278486
        ],
        [
          0.0,
          0.0,
          0.0,
          1.0
        ]
      ],
      "color": [
        0,
        0,
        0
      ],
      "visible": false
    },
    {
      "label": "context_1",
      "pose": [
        [
          -0.8089216003797499,
          0.08483100767584822,
          -0.5817641766695086,
          4.680662300646704
        ],
        [
          0.5879165245983633,
          0.1167200153431527,
          -0.8004564612125681,
          3.200003538455684
        ],
        [
          -5.3325241861079675e-09,
          -0.9895353164415969,
          -0.14429089152450894,
          0.018440997146344618
        ],
        [
          0.0,
          0.0,
          0.0,
          1.0
        ]
      ],
      "color": [
        0,
        0,
        0
      ],
      "visible": false
    },
    {
      "label": "context_2",
      "pose": [
        [
          0.22961730826856588,
          0.1018096852213421,
          -0.967941471082108,
          4.441485470568045
        ],
        [
          0.9732809761010216,
          -0.02401903037545472,
          0.22835761062929222,
          3.2236703010492023
        ],
        [
          -7.477642359476899e-10,
          -0.9945138982318011,
          -0.1046046169426344,
          0.018440956483829485
        ],
        [
          0.0,
          0.0,
          0.0,
          1.0
        ]
      ],
      "color": [
        0,
        0,
        0
      ],
      "visible": false
    },
    {
      "label": "target",
      "pose": [
        [
          -0.08834711119148782,
          -0.4973524986666519,
          0.8630383851818209,
          4.441976716647661
        ],
        [
          -0.9960897746755006,
          0.04411214930664438,
          -0.07654626916148528,
          0.1968035090228022
        ],
        [
          -1.7605971958101208e-09,
          -0.8664263547701976,
          -0.49930490771110564,
          -0.6057616892018428
        ],
        [
          0.0,
          0.0,
          0.0,
          1.0
        ]
      ],
      "color": [
        144,
        238,
        144
      ],
      "visible": true
    }
  ],
  "algorithms": [
    {
      "key": "iperceive",
      "paper_name": "I-Perceive (Ours)",
      "color": [
        255,
        102,
        31
      ],
      "pose": [
        [
          -0.18957108806368111,
          -0.42619818455738967,
          0.8845438878447144,
          3.1602517453946315
        ],
        [
          -0.9806819625241753,
          0.03793985055237589,
          -0.19189442342903767,
          0.7813077099365471
        ],
        [
          0.048225598650647024,
          -0.903833865923688,
          -0.4251571570497885,
          -0.2954812437740719
        ],
        [
          0.0,
          0.0,
          0.0,
          1.0
        ]
      ],
      "metrics": {
        "coverage_iou": 0.1987929083364768,
        "trans_error": 1.4424762749061744,
        "rot_error": 0.1389919477994228,
        "soft_f1": 0.4661828737300435
      }
    },
    {
      "key": "nbv_l",
      "paper_name": "NBV+L",
      "color": [
        30,
        85,
        230
      ],
      "pose": [
        [
          -0.7071067811865475,
          -0.1830127018922193,
          0.7071067811865476,
          4.906567042802543
        ],
        [
          -0.7071067811865475,
          0.1830127018922193,
          -0.7071067811865476,
          0.4901982758951914
        ],
        [
          0.0,
          -0.9659258262890683,
          -0.25881904510252074,
          -0.532967937897622
        ],
        [
          0.0,
          0.0,
          0.0,
          1.0
        ]
      ],
      "metrics": {
        "coverage_iou": 0.19525065963060687,
        "trans_error": 0.5542775644297611,
        "rot_error": 0.7254307159566186,
        "soft_f1": 0.4956010565408218
      }
    },
    {
      "key": "vln",
      "paper_name": "VLN+P",
      "color": [
        20,
        107,
        58
      ],
      "pose": [
        [
          0.048703587639599415,
          -0.3086502765280046,
          0.9499278748148294,
          3.196122942730363
        ],
        [
          -0.9988132761187307,
          -0.015050236267665851,
          0.04631986439159312,
          0.5906683552463218
        ],
        [
          1.734723475976807e-18,
          -0.9510565162951536,
          -0.3090169943749474,
          -0.035761646643280964
        ],
        [
          0.0,
          0.0,
          0.0,
          1.0
        ]
      ],
      "metrics": {
        "coverage_iou": 0.2016647748770337,
        "trans_error": 1.4255458507129255,
        "rot_error": 0.24956140126667778,
        "soft_f1": 0.4645348837209302
      }
    },
    {
      "key": "vlm",
      "paper_name": "VLM",
      "color": [
        0,
        200,
        209
      ],
      "pose": [
        [
          -0.18305856357580644,
          -0.44699950040425246,
          0.8756032257477762,
          0.35989877844037954
        ],
        [
          -0.9831020101197854,
          0.08323356642627086,
          -0.16304174655100184,
          0.3968784611630215
        ],
        [
          0.0,
          -0.890653479226524,
          -0.45468272448124497,
          -0.06018292513551052
        ],
        [
          0.0,
          0.0,
          0.0,
          1.0
        ]
      ],
      "metrics": {
        "coverage_iou": 0.06768712259514113,
        "trans_error": 4.123232462014294,
        "rot_error": 0.10827090873122541,
        "soft_f1": 0.18048403707518024
      }
    }
  ],
  "vln_trajectory": {
    "points": [
      [
        -2.047646756892973,
        0.3349745201384248,
        -0.035761646643280964
      ],
      [
        -1.298536799803925,
        0.3715022108681244,
        -0.035761646643280964
      ],
      [
        -0.549426842714877,
        0.408029901597824,
        -0.035761646643280964
      ],
      [
        0.19968311437417108,
        0.44455759232752357,
        -0.035761646643280964
      ],
      [
        0.9487930714632191,
        0.48108528305722315,
        -0.035761646643280964
      ],
      [
        1.6979030285522672,
        0.5176129737869227,
        -0.035761646643280964
      ],
      [
        2.447012985641315,
        0.5541406645166222,
        -0.035761646643280964
      ],
      [
        3.196122942730363,
        0.5906683552463218,
        -0.035761646643280964
      ],
      [
        3.196122942730363,
        0.5906683552463218,
        -0.035761646643280964
      ]
    ],
    "color": [
      108,
      147,
      125
    ]
  },
  "images": {
    "start": "images/start.png",
    "target": "images/target.png",
    "context": [
      "images/context_0.png",
      "images/context_1.png",
      "images/context_2.png"
    ],
    "renders": {
      "iperceive": "images/render_iperceive.png",
      "nbv_l": "images/render_nbv_l.png",
      "vln": "images/render_vln.png",
      "vlm": "images/render_vlm.png"
    }
  }
}