{
  "dataset": "hssd",
  "data_name": "20260501_123420_96d9ba",
  "instruction": "Prepare to open the oven",
  "target_2d_coord": null,
  "fov_rad": 0.8726646221409238,
  "gt_cameras": [
    {
      "label": "start",
      "pose": [
        [
          0.9465039566870835,
          0.04396446170947888,
          -0.3196832589959809,
          3.8641752629553143
        ],
        [
          0.322692206251864,
          -0.12895426711719402,
          0.9376782694595049,
          1.7419031431147805
        ],
        [
          6.874192106446615e-18,
          -0.9906754882901178,
          -0.13624271320381456,
          1.499601709578048
        ],
        [
          0.0,
          0.0,
          0.0,
          1.0
        ]
      ],
      "color": [
        0,
        0,
        0
      ],
      "visible": false
    },
    {
      "label": "context_0",
      "pose": [
        [
          0.9740269967804653,
          -0.029753337290186303,
          0.2244685321335102,
          1.5623606383130997
        ],
        [
          -0.2264318718274605,
          -0.12798795700826285,
          0.9655815465047901,
          1.8514066597723984
        ],
        [
          -1.6015473808250746e-09,
          -0.9913293357275675,
          -0.13140083061844587,
          1.6450884930903127
        ],
        [
          0.0,
          0.0,
          0.0,
          1.0
        ]
      ],
      "color": [
        0,
        0,
        0
      ],
      "visible": false
    },
    {
      "label": "context_1",
      "pose": [
        [
          0.5563316978158824,
          -0.10918887202631722,
          0.8237553444662754,
          0.5961942242255547
        ],
        [
          -0.8309602844773629,
          -0.07310245093802378,
          0.5515079375434996,
          2.836297971821441
        ],
        [
          -3.017613742217762e-09,
          -0.9913293241939384,
          -0.13140082640906156,
          1.6202761696441148
        ],
        [
          0.0,
          0.0,
          0.0,
          1.0
        ]
      ],
      "color": [
        0,
        0,
        0
      ],
      "visible": false
    },
    {
      "label": "context_2",
      "pose": [
        [
          0.777350889104929,
          0.10696557188687272,
          -0.6199064014105875,
          3.250008645712032
        ],
        [
          0.6290672065453164,
          -0.13217949204577067,
          0.7660306893755633,
          2.090256952988005
        ],
        [
          1.3258772482704906e-09,
          -0.9854374414116653,
          -0.17003838274343822,
          1.6280832230975952
        ],
        [
          0.0,
          0.0,
          0.0,
          1.0
        ]
      ],
      "color": [
        0,
        0,
        0
      ],
      "visible": false
    },
    {
      "label": "context_3",
      "pose": [
        [
          0.9644348529887214,
          -0.06389625398882867,
          0.2564814080705374,
          2.9839799309864046
        ],
        [
          -0.26432074105592834,
          -0.23314015459396484,
          0.9358312770792812,
          3.572805244040812
        ],
        [
          5.6845035623087625e-09,
          -0.9703416768227736,
          -0.2417375901390164,
          1.643973144629019
        ],
        [
          0.0,
          0.0,
          0.0,
          1.0
        ]
      ],
      "color": [
        0,
        0,
        0
      ],
      "visible": false
    },
    {
      "label": "target",
      "pose": [
        [
          0.9997844197199179,
          0.0043274124780849875,
          -0.020307359912438927,
          4.1503854885399925
        ],
        [
          0.02076331115522634,
          -0.20837126274077622,
          0.9778294109448673,
          3.992428260847852
        ],
        [
          -7.608679519766071e-10,
          -0.9780402299133931,
          -0.2084161975544777,
          1.53749084364516
        ],
        [
          0.0,
          0.0,
          0.0,
          1.0
        ]
      ],
      "color": [
        144,
        238,
        144
      ],
      "visible": true
    }
  ],
  "algorithms": [
    {
      "key": "iperceive",
      "paper_name": "I-Perceive (Ours)",
      "color": [
        255,
        102,
        31
      ],
      "pose": [
        [
          0.9795794089984846,
          -0.03357565706029647,
          0.19823443037634558,
          3.792708639952776
        ],
        [
          -0.20006625066469608,
          -0.2605752343135332,
          0.9444967449723378,
          3.7856332719461205
        ],
        [
          0.019942894439478623,
          -0.9648695015983427,
          -0.2619715044905786,
          1.4615136526199846
        ],
        [
          0.0,
          0.0,
          0.0,
          1.0
        ]
      ],
      "metrics": {
        "coverage_iou": 0.20842105263157895,
        "trans_error": 0.42008266243523273,
        "rot_error": 0.2303422357603764,
        "soft_f1": 0.5318471337579618
      }
    },
    {
      "key": "nbv_l",
      "paper_name": "NBV+L",
      "color": [
        30,
        85,
        230
      ],
      "pose": [
        [
          1.0,
          0.0,
          0.0,
          5.054912762666897
        ],
        [
          0.0,
          0.0,
          1.0,
          3.8756828202314058
        ],
        [
          0.0,
          -1.0,
          0.0,
          1.406369936096869
        ],
        [
          0.0,
          0.0,
          0.0,
          1.0
        ]
      ],
      "metrics": {
        "coverage_iou": 0.0,
        "trans_error": 0.9214074843770891,
        "rot_error": 0.21097588238831866,
        "soft_f1": 0.0
      }
    },
    {
      "key": "vln",
      "paper_name": "VLN+P",
      "color": [
        20,
        107,
        58
      ],
      "pose": [
        [
          0.897457213470076,
          -0.07659647492598154,
          0.43440019569452293,
          3.8641752629553143
        ],
        [
          -0.441101518916594,
          -0.15584180965312,
          0.8838228218220632,
          1.7419031431147805
        ],
        [
          1.3877787807814457e-17,
          -0.9848077530122081,
          -0.17364817766693036,
          1.499601709578048
        ],
        [
          0.0,
          0.0,
          0.0,
          1.0
        ]
      ],
      "metrics": {
        "coverage_iou": 0.044763513513513514,
        "trans_error": 2.268967870412676,
        "rot_error": 0.47887730688060703,
        "soft_f1": 0.13285883748517202
      }
    },
    {
      "key": "vlm",
      "paper_name": "VLM",
      "color": [
        0,
        200,
        209
      ],
      "pose": [
        [
          0.9973654363238929,
          -0.017035108852451436,
          -0.07051234993131357,
          4.241464956062743
        ],
        [
          0.07254092931890856,
          0.2342157583721712,
          0.9694744927555845,
          3.502243773515749
        ],
        [
          -0.0,
          -0.9720353818645359,
          0.2348344446699976,
          0.9859592471011377
        ],
        [
          0.0,
          0.0,
          0.0,
          1.0
        ]
      ],
      "metrics": {
        "coverage_iou": 0.22920892494929007,
        "trans_error": 0.7434806076839772,
        "rot_error": 0.44994961105975223,
        "soft_f1": 0.5894134477825465
      }
    }
  ],
  "vln_trajectory": {
    "points": [
      [
        3.8641752629553143,
        1.7419031431147805,
        1.499601709578048
      ],
      [
        3.8641752629553143,
        1.7419031431147805,
        1.499601709578048
      ],
      [
        3.8641752629553143,
        1.7419031431147805,
        1.499601709578048
      ],
      [
        3.8641752629553143,
        1.7419031431147805,
        1.499601709578048
      ],
      [
        3.8641752629553143,
        1.7419031431147805,
        1.499601709578048
      ],
      [
        3.8641752629553143,
        1.7419031431147805,
        1.499601709578048
      ],
      [
        3.8641752629553143,
        1.7419031431147805,
        1.499601709578048
      ],
      [
        3.8641752629553143,
        1.7419031431147805,
        1.499601709578048
      ],
      [
        3.8641752629553143,
        1.7419031431147805,
        1.499601709578048
      ],
      [
        3.8641752629553143,
        1.7419031431147805,
        1.499601709578048
      ],
      [
        3.8641752629553143,
        1.7419031431147805,
        1.499601709578048
      ],
      [
        3.8641752629553143,
        1.7419031431147805,
        1.499601709578048
      ],
      [
        3.8641752629553143,
        1.7419031431147805,
        1.499601709578048
      ],
      [
        3.8641752629553143,
        1.7419031431147805,
        1.499601709578048
      ],
      [
        3.8641752629553143,
        1.7419031431147805,
        1.499601709578048
      ],
      [
        3.8641752629553143,
        1.7419031431147805,
        1.499601709578048
      ],
      [
        3.8641752629553143,
        1.7419031431147805,
        1.499601709578048
      ],
      [
        3.8641752629553143,
        1.7419031431147805,
        1.499601709578048
      ],
      [
        3.8641752629553143,
        1.7419031431147805,
        1.499601709578048
      ],
      [
        3.8641752629553143,
        1.7419031431147805,
        1.499601709578048
      ],
      [
        3.8641752629553143,
        1.7419031431147805,
        1.499601709578048
      ]
    ],
    "color": [
      108,
      147,
      125
    ]
  },
  "images": {
    "start": "images/start.png",
    "target": "images/target.png",
    "context": [
      "images/context_0.png",
      "images/context_1.png",
      "images/context_2.png",
      "images/context_3.png"
    ],
    "renders": {
      "iperceive": "images/render_iperceive.png",
      "nbv_l": "images/render_nbv_l.png",
      "vln": "images/render_vln.png",
      "vlm": "images/render_vlm.png"
    }
  }
}