{
  "dataset": "replica",
  "data_name": "frl_apartment_2_20260504_072456_495603",
  "instruction": "Look at the tablet on the TV stand",
  "target_2d_coord": null,
  "fov_rad": 1.0471975667402222,
  "gt_cameras": [
    {
      "label": "start",
      "pose": [
        [
          0.1961833354031194,
          -0.18980518094227508,
          0.9620218771928097,
          4.1169977780993365
        ],
        [
          -0.9805672332431403,
          -0.037974564325274546,
          0.19247294239502455,
          2.801647396098383
        ],
        [
          -1.2180215114875358e-17,
          -0.9810871142522338,
          -0.19356671782159296,
          0.018440961837768225
        ],
        [
          0.0,
          0.0,
          0.0,
          1.0
        ]
      ],
      "color": [
        0,
        0,
        0
      ],
      "visible": false
    },
    {
      "label": "context_0",
      "pose": [
        [
          0.8617197423236872,
          -0.09920814216254895,
          0.49759101277742424,
          1.7007423475687555
        ],
        [
          -0.5073845305131202,
          -0.16849076526278467,
          0.8450868378574207,
          0.5861624257975491
        ],
        [
          -2.5930931013551373e-09,
          -0.980698016037631,
          -0.1955285017378781,
          0.018440961644635268
        ],
        [
          0.0,
          0.0,
          0.0,
          1.0
        ]
      ],
      "color": [
        0,
        0,
        0
      ],
      "visible": false
    },
    {
      "label": "context_1",
      "pose": [
        [
          -0.5982782219988617,
          -0.16766052642061055,
          0.7835516219891626,
          1.232032917379919
        ],
        [
          -0.801288465725353,
          0.12518293772032527,
          -0.5850350879755118,
          5.106325942840613
        ],
        [
          2.213379340920696e-09,
          -0.9778646265242533,
          -0.20923866721059003,
          0.01844097192991495
        ],
        [
          0.0,
          0.0,
          0.0,
          1.0
        ]
      ],
      "color": [
        0,
        0,
        0
      ],
      "visible": false
    },
    {
      "label": "context_2",
      "pose": [
        [
          0.016648621327967877,
          -0.22677394692950884,
          0.9738051162161765,
          4.319322278163702
        ],
        [
          -0.99986137974994,
          -0.003775998152874516,
          0.01621476469854158,
          4.489531189117962
        ],
        [
          4.2751202578017455e-10,
          -0.9739401037649043,
          -0.22680538346850704,
          0.018440961161242206
        ],
        [
          0.0,
          0.0,
          0.0,
          1.0
        ]
      ],
      "color": [
        0,
        0,
        0
      ],
      "visible": false
    },
    {
      "label": "context_3",
      "pose": [
        [
          -0.3280532538019587,
          0.10069446862659287,
          -0.9392772083451788,
          7.835547406279153
        ],
        [
          0.9446592102417937,
          0.0349683223434283,
          -0.3261842367553484,
          4.949935548270922
        ],
        [
          9.875604639608682e-10,
          -0.9943026866987996,
          -0.10659342870412411,
          0.0184409773555253
        ],
        [
          0.0,
          0.0,
          0.0,
          1.0
        ]
      ],
      "color": [
        0,
        0,
        0
      ],
      "visible": false
    },
    {
      "label": "target",
      "pose": [
        [
          0.2216088996203805,
          -0.4647609556854452,
          0.8572553620720019,
          7.924134122418549
        ],
        [
          -0.975135606127425,
          -0.10562137564688388,
          0.19481948634526816,
          3.2807627356453235
        ],
        [
          8.613943187213424e-10,
          -0.8791140069006068,
          -0.47661159032593947,
          -0.17535899590932347
        ],
        [
          0.0,
          0.0,
          0.0,
          1.0
        ]
      ],
      "color": [
        144,
        238,
        144
      ],
      "visible": true
    }
  ],
  "algorithms": [
    {
      "key": "iperceive",
      "paper_name": "I-Perceive (Ours)",
      "color": [
        255,
        102,
        31
      ],
      "pose": [
        [
          0.0812223947836442,
          -0.44455869824442373,
          0.8920597136141484,
          7.431562085696745
        ],
        [
          -0.9959352972817844,
          -0.07116054702737824,
          0.05521742030303117,
          3.5305625709690887
        ],
        [
          0.03893207516249223,
          -0.8929186545664166,
          -0.4485315959555928,
          -0.45539612517098826
        ],
        [
          0.0,
          0.0,
          0.0,
          1.0
        ]
      ],
      "metrics": {
        "coverage_iou": 0.4851019341348667,
        "trans_error": 0.6192316538118469,
        "rot_error": 0.15002652866715713,
        "soft_f1": 0.8386127866385424
      }
    },
    {
      "key": "nbv_l",
      "paper_name": "NBV+L",
      "color": [
        30,
        85,
        230
      ],
      "pose": [
        [
          -0.7071067811865475,
          -0.12068786659225436,
          0.7203666343684307,
          9.082872263671392
        ],
        [
          -0.7071067811865475,
          0.12068786659225436,
          -0.7203666343684307,
          4.592793241290798
        ],
        [
          0.0,
          -0.9848077530122081,
          -0.17364817766692991,
          -1.2843896406288589
        ],
        [
          0.0,
          0.0,
          0.0,
          1.0
        ]
      ],
      "metrics": {
        "coverage_iou": 0.0,
        "trans_error": 2.0722083479887563,
        "rot_error": 1.0461087050605578,
        "soft_f1": 0.0035056967572304996
      }
    },
    {
      "key": "vln",
      "paper_name": "VLN+P",
      "color": [
        20,
        107,
        58
      ],
      "pose": [
        [
          0.19618333540311933,
          -0.17027371313257514,
          0.9656702136475745,
          6.611825774440408
        ],
        [
          -0.9805672332431401,
          -0.034066878681371864,
          0.19320286971678632,
          2.6409200845648666
        ],
        [
          6.938893903907228e-18,
          -0.9848077530122081,
          -0.17364817766693028,
          0.018440961837768333
        ],
        [
          0.0,
          0.0,
          0.0,
          1.0
        ]
      ],
      "metrics": {
        "coverage_iou": 0.2439766081871345,
        "trans_error": 1.4727898215006787,
        "rot_error": 0.32330146823915856,
        "soft_f1": 0.5282559554860025
      }
    },
    {
      "key": "vlm",
      "paper_name": "VLM",
      "color": [
        0,
        200,
        209
      ],
      "pose": [
        [
          0.379525538088398,
          -0.25739065686852386,
          0.8886565229015663,
          5.801622345726988
        ],
        [
          -0.9251812611260087,
          -0.10558615014322902,
          0.3645424515186394,
          3.018578782686812
        ],
        [
          0.0,
          -0.9605215326346004,
          -0.27820565297146405,
          -0.1758118995754725
        ],
        [
          0.0,
          0.0,
          0.0,
          1.0
        ]
      ],
      "metrics": {
        "coverage_iou": 0.16202181062835383,
        "trans_error": 2.13864356721023,
        "rot_error": 0.27121872499752653,
        "soft_f1": 0.3952249247861923
      }
    }
  ],
  "vln_trajectory": {
    "points": [
      [
        4.1169977780993365,
        2.801647396098383,
        0.018440961837768333
      ],
      [
        4.1169977780993365,
        2.801647396098383,
        0.018440961837768333
      ],
      [
        4.865446177001658,
        2.753429202638328,
        0.018440961837768333
      ],
      [
        5.61389457590398,
        2.705211009178273,
        0.018440961837768333
      ],
      [
        6.362342974806301,
        2.656992815718218,
        0.018440961837768333
      ],
      [
        6.611825774440408,
        2.6409200845648666,
        0.018440961837768333
      ],
      [
        6.611825774440408,
        2.6409200845648666,
        0.018440961837768333
      ],
      [
        6.611825774440408,
        2.6409200845648666,
        0.018440961837768333
      ]
    ],
    "color": [
      108,
      147,
      125
    ]
  },
  "images": {
    "start": "images/start.png",
    "target": "images/target.png",
    "context": [
      "images/context_0.png",
      "images/context_1.png",
      "images/context_2.png",
      "images/context_3.png"
    ],
    "renders": {
      "iperceive": "images/render_iperceive.png",
      "nbv_l": "images/render_nbv_l.png",
      "vln": "images/render_vln.png",
      "vlm": "images/render_vlm.png"
    }
  }
}