{
  "dataset": "replica",
  "data_name": "frl_apartment_0_20260502_120008_396613",
  "instruction": "Look at the handlebars of the bicycle",
  "target_2d_coord": null,
  "fov_rad": 1.0471975667402222,
  "gt_cameras": [
    {
      "label": "start",
      "pose": [
        [
          -0.8035291278918038,
          -0.019519020259733285,
          0.5949453323436844,
          0.13994259416746962
        ],
        [
          -0.5952654371198088,
          0.026348079946474725,
          -0.8030970290405121,
          -1.0946450910900005
        ],
        [
          1.8202355083249348e-18,
          -0.9994622486773747,
          -0.03279044782807489,
          -0.14106273651123247
        ],
        [
          0.0,
          0.0,
          0.0,
          1.0
        ]
      ],
      "color": [
        0,
        0,
        0
      ],
      "visible": false
    },
    {
      "label": "context_0",
      "pose": [
        [
          0.16799916834192957,
          -0.12465952437790301,
          0.977873348402797,
          -0.31678562302582414
        ],
        [
          -0.9857871362392154,
          -0.021244640774638918,
          0.1666504700061603,
          -2.6020152478996383
        ],
        [
          -2.809139965781471e-09,
          -0.9919720826204398,
          -0.12645683839491306,
          -0.1410627415600736
        ],
        [
          0.0,
          0.0,
          0.0,
          1.0
        ]
      ],
      "color": [
        0,
        0,
        0
      ],
      "visible": false
    },
    {
      "label": "context_1",
      "pose": [
        [
          -0.8266906588766548,
          -0.059975507373310366,
          0.5594510492842545,
          1.9403495394832149
        ],
        [
          -0.5626566949782723,
          0.08811979382747268,
          -0.8219807269260132,
          -4.045296872008847
        ],
        [
          -2.8685987092658127e-10,
          -0.9943026926037407,
          -0.1065934303963515,
          -0.14106273956862167
        ],
        [
          0.0,
          0.0,
          0.0,
          1.0
        ]
      ],
      "color": [
        0,
        0,
        0
      ],
      "visible": false
    },
    {
      "label": "context_2",
      "pose": [
        [
          -0.9546232839211861,
          0.024036270029402056,
          -0.296844482595903,
          4.843358981076707
        ],
        [
          0.29781602410989294,
          0.07704616187485568,
          -0.9515090497949221,
          -3.2202857949049815
        ],
        [
          -1.1877703022522557e-09,
          -0.9967377407125466,
          -0.08070844750298148,
          -0.14106273150191945
        ],
        [
          0.0,
          0.0,
          0.0,
          1.0
        ]
      ],
      "color": [
        0,
        0,
        0
      ],
      "visible": false
    },
    {
      "label": "context_3",
      "pose": [
        [
          0.9253602915657919,
          -0.023033009040595263,
          0.3783884079534407,
          3.2250314947859464
        ],
        [
          -0.37908880966712516,
          -0.05622385849477292,
          0.923650710131604,
          -5.398340446154118
        ],
        [
          2.1931141833131385e-09,
          -0.9981524992958023,
          -0.06075888420586417,
          -0.141062715495139
        ],
        [
          0.0,
          0.0,
          0.0,
          1.0
        ]
      ],
      "color": [
        0,
        0,
        0
      ],
      "visible": false
    },
    {
      "label": "target",
      "pose": [
        [
          0.6851427238410887,
          -0.29621552516189276,
          0.6654590839525055,
          4.230502853291784
        ],
        [
          -0.7284088440064365,
          -0.27862087936394264,
          0.6259320639011868,
          -1.5800087969932584
        ],
        [
          1.6410220057827551e-09,
          -0.9135790895235603,
          -0.406661098676579,
          -0.14106280667305898
        ],
        [
          0.0,
          0.0,
          0.0,
          1.0
        ]
      ],
      "color": [
        144,
        238,
        144
      ],
      "visible": true
    }
  ],
  "algorithms": [
    {
      "key": "iperceive",
      "paper_name": "I-Perceive (Ours)",
      "color": [
        255,
        102,
        31
      ],
      "pose": [
        [
          0.2051044849172321,
          -0.22737192367013803,
          0.9519632937471675,
          3.135817389791899
        ],
        [
          -0.9786995068415142,
          -0.03878909216196365,
          0.2016003204873003,
          -1.6947435584024952
        ],
        [
          -0.008912446052640619,
          -0.9730351707939583,
          -0.23048460349462005,
          -0.3181521674580521
        ],
        [
          0.0,
          0.0,
          0.0,
          1.0
        ]
      ],
      "metrics": {
        "coverage_iou": 0.28581290990680014,
        "trans_error": 1.1148367427709667,
        "rot_error": 0.5790806793710768,
        "soft_f1": 0.5676364531089293
      }
    },
    {
      "key": "nbv_l",
      "paper_name": "NBV+L",
      "color": [
        30,
        85,
        230
      ],
      "pose": [
        [
          0.6018150231520485,
          0.055709996987740096,
          0.7966900740840979,
          5.546838965187792
        ],
        [
          -0.7986355100472927,
          0.04198049386132603,
          0.6003490320027673,
          -0.827804085367349
        ],
        [
          0.0,
          -0.9975640502598242,
          0.0697564737441253,
          -0.36446649436502226
        ],
        [
          0.0,
          0.0,
          0.0,
          1.0
        ]
      ],
      "metrics": {
        "coverage_iou": 0.029383583519642285,
        "trans_error": 1.5324692622855511,
        "rot_error": 0.5003886649577403,
        "soft_f1": 0.12848484848484848
      }
    },
    {
      "key": "vln",
      "paper_name": "VLN+P",
      "color": [
        20,
        107,
        58
      ],
      "pose": [
        [
          0.14726466801981475,
          0.25599717273492684,
          -0.9553944552407332,
          0.1399425941674697
        ],
        [
          0.9890971224065982,
          -0.03811490075422818,
          0.1422467461402249,
          -1.0946450910900005
        ],
        [
          0.0,
          -0.9659258262890682,
          -0.25881904510252063,
          -0.14106273651123247
        ],
        [
          0.0,
          0.0,
          0.0,
          1.0
        ]
      ],
      "metrics": {
        "coverage_iou": 0.0,
        "trans_error": 4.119254926147667,
        "rot_error": 2.2419746890892123,
        "soft_f1": 0.0
      }
    },
    {
      "key": "vlm",
      "paper_name": "VLM",
      "color": [
        0,
        200,
        209
      ],
      "pose": [
        [
          0.03650287398647326,
          0.07428719855123748,
          0.9965685888698964,
          2.4808015564936667
        ],
        [
          -0.9993335480162405,
          0.002713504668092932,
          0.03640187772201572,
          -2.3457222810585696
        ],
        [
          0.0,
          -0.9972331969122494,
          0.07433674041935617,
          -0.21975981129861222
        ],
        [
          0.0,
          0.0,
          0.0,
          1.0
        ]
      ],
      "metrics": {
        "coverage_iou": 0.10096275652394224,
        "trans_error": 1.9115346909954494,
        "rot_error": 0.8652141150475032,
        "soft_f1": 0.23500910766900657
      }
    }
  ],
  "vln_trajectory": {
    "points": [
      [
        0.1399425941674697,
        -1.0946450910900005,
        -0.14106273651123247
      ],
      [
        0.1399425941674697,
        -1.0946450910900005,
        -0.14106273651123247
      ],
      [
        0.1399425941674697,
        -1.0946450910900005,
        -0.14106273651123247
      ],
      [
        0.1399425941674697,
        -1.0946450910900005,
        -0.14106273651123247
      ],
      [
        0.1399425941674697,
        -1.0946450910900005,
        -0.14106273651123247
      ],
      [
        0.1399425941674697,
        -1.0946450910900005,
        -0.14106273651123247
      ],
      [
        0.1399425941674697,
        -1.0946450910900005,
        -0.14106273651123247
      ],
      [
        0.1399425941674697,
        -1.0946450910900005,
        -0.14106273651123247
      ],
      [
        0.1399425941674697,
        -1.0946450910900005,
        -0.14106273651123247
      ],
      [
        0.1399425941674697,
        -1.0946450910900005,
        -0.14106273651123247
      ],
      [
        0.1399425941674697,
        -1.0946450910900005,
        -0.14106273651123247
      ],
      [
        0.1399425941674697,
        -1.0946450910900005,
        -0.14106273651123247
      ],
      [
        0.1399425941674697,
        -1.0946450910900005,
        -0.14106273651123247
      ],
      [
        0.1399425941674697,
        -1.0946450910900005,
        -0.14106273651123247
      ],
      [
        0.1399425941674697,
        -1.0946450910900005,
        -0.14106273651123247
      ],
      [
        0.1399425941674697,
        -1.0946450910900005,
        -0.14106273651123247
      ],
      [
        0.1399425941674697,
        -1.0946450910900005,
        -0.14106273651123247
      ],
      [
        0.1399425941674697,
        -1.0946450910900005,
        -0.14106273651123247
      ],
      [
        0.1399425941674697,
        -1.0946450910900005,
        -0.14106273651123247
      ]
    ],
    "color": [
      108,
      147,
      125
    ]
  },
  "images": {
    "start": "images/start.png",
    "target": "images/target.png",
    "context": [
      "images/context_0.png",
      "images/context_1.png",
      "images/context_2.png",
      "images/context_3.png"
    ],
    "renders": {
      "iperceive": "images/render_iperceive.png",
      "nbv_l": "images/render_nbv_l.png",
      "vln": "images/render_vln.png",
      "vlm": "images/render_vlm.png"
    }
  }
}