{
  "dataset": "replica",
  "data_name": "frl_apartment_3_20260504_073712_124595",
  "instruction": "Move closer to the large cushion in the corner",
  "target_2d_coord": null,
  "fov_rad": 1.0471975667402222,
  "gt_cameras": [
    {
      "label": "start",
      "pose": [
        [
          0.22500342260056905,
          -0.04557973406053453,
          0.9732912964066827,
          1.4656298069506046
        ],
        [
          -0.974357973138225,
          -0.010525491090109987,
          0.22475710048690845,
          2.094166061409011
        ],
        [
          -5.1984732066079826e-18,
          -0.9989052517032249,
          -0.04677924881522828,
          0.002254486083984153
        ],
        [
          0.0,
          0.0,
          0.0,
          1.0
        ]
      ],
      "color": [
        0,
        0,
        0
      ],
      "visible": false
    },
    {
      "label": "context_0",
      "pose": [
        [
          -0.9148165337970494,
          -0.047865457873931753,
          0.4010231519217062,
          3.660589010059896
        ],
        [
          -0.40386961767916973,
          0.10842140317616061,
          -0.9083689138338905,
          4.691193116790915
        ],
        [
          2.5343939447086683e-09,
          -0.99295199866958,
          -0.11851710145634729,
          0.002254466258243021
        ],
        [
          0.0,
          0.0,
          0.0,
          1.0
        ]
      ],
      "color": [
        0,
        0,
        0
      ],
      "visible": false
    },
    {
      "label": "context_1",
      "pose": [
        [
          0.5063498075485001,
          -0.17368076976381064,
          0.8446566459225577,
          4.356389681394387
        ],
        [
          -0.8623282013856935,
          -0.10198347499873735,
          0.4959732738658196,
          3.602115316362248
        ],
        [
          6.238938515118475e-10,
          -0.9795072294620756,
          -0.20140913931592166,
          0.0022545293873009187
        ],
        [
          0.0,
          0.0,
          0.0,
          1.0
        ]
      ],
      "color": [
        0,
        0,
        0
      ],
      "visible": false
    },
    {
      "label": "context_2",
      "pose": [
        [
          0.9494442040419976,
          0.0203276530997303,
          -0.31327695083858464,
          4.142482258565677
        ],
        [
          0.31393574680357383,
          -0.06147746071196116,
          0.9474517998798776,
          0.12017563408004017
        ],
        [
          -1.72401086462326e-10,
          -0.9979014259249457,
          -0.06475099522960408,
          0.0022544978521123055
        ],
        [
          0.0,
          0.0,
          0.0,
          1.0
        ]
      ],
      "color": [
        0,
        0,
        0
      ],
      "visible": false
    },
    {
      "label": "context_3",
      "pose": [
        [
          -0.995609347374677,
          -0.014616954244572003,
          0.09245733802382237,
          2.3678525678926223
        ],
        [
          -0.09360564310595798,
          0.15546901899280316,
          -0.9833958211446917,
          3.6591115341169167
        ],
        [
          2.3161965470586132e-09,
          -0.9877325947237775,
          -0.15615463193911797,
          0.0022544790351253993
        ],
        [
          0.0,
          0.0,
          0.0,
          1.0
        ]
      ],
      "color": [
        0,
        0,
        0
      ],
      "visible": false
    },
    {
      "label": "target",
      "pose": [
        [
          -0.6661639881049213,
          -0.22665927447302925,
          0.7105287622606093,
          7.198790949818159
        ],
        [
          -0.7458052820857173,
          0.20245530687236596,
          -0.6346544598021903,
          3.7813607271473755
        ],
        [
          9.294319133767992e-10,
          -0.9527000734902356,
          -0.30391212259085426,
          0.0022544246560724512
        ],
        [
          0.0,
          0.0,
          0.0,
          1.0
        ]
      ],
      "color": [
        144,
        238,
        144
      ],
      "visible": true
    }
  ],
  "algorithms": [
    {
      "key": "iperceive",
      "paper_name": "I-Perceive (Ours)",
      "color": [
        255,
        102,
        31
      ],
      "pose": [
        [
          -0.2652717908442639,
          -0.3086382446301331,
          0.9134403824382787,
          4.462932188792402
        ],
        [
          -0.9641714905298793,
          0.08289099076498102,
          -0.25199690653565443,
          2.755940035547993
        ],
        [
          0.002059899038884004,
          -0.9475607837479403,
          -0.3195688307311837,
          -0.11435567440170608
        ],
        [
          0.0,
          0.0,
          0.0,
          1.0
        ]
      ],
      "metrics": {
        "coverage_iou": 0.27125850340136054,
        "trans_error": 2.9240397690485493,
        "rot_error": 0.4608441423828448,
        "soft_f1": 0.5787774067341425
      }
    },
    {
      "key": "nbv_l",
      "paper_name": "NBV+L",
      "color": [
        30,
        85,
        230
      ],
      "pose": [
        [
          -0.7071067811865475,
          0.1830127018922193,
          -0.7071067811865476,
          5.568511015952902
        ],
        [
          0.7071067811865475,
          0.1830127018922193,
          -0.7071067811865476,
          2.2457441738995736
        ],
        [
          0.0,
          -0.9659258262890683,
          -0.25881904510252074,
          -0.5235007296370262
        ],
        [
          0.0,
          0.0,
          0.0,
          1.0
        ]
      ],
      "metrics": {
        "coverage_iou": 0.0,
        "trans_error": 2.300510684666476,
        "rot_error": 1.628578425446503,
        "soft_f1": 0.0
      }
    },
    {
      "key": "vln",
      "paper_name": "VLN+P",
      "color": [
        20,
        107,
        58
      ],
      "pose": [
        [
          -0.29232030665857384,
          -0.1988302055523978,
          0.9354225717156005,
          5.850240686072617
        ],
        [
          -0.9563204684179025,
          0.06077680921775003,
          -0.2859324066038543,
          3.106681463111571
        ],
        [
          -6.938893903907228e-18,
          -0.9781476007338056,
          -0.20791169081775926,
          0.002254486083984153
        ],
        [
          0.0,
          0.0,
          0.0,
          1.0
        ]
      ],
      "metrics": {
        "coverage_iou": 0.4387142352525609,
        "trans_error": 1.5079057927929207,
        "rot_error": 0.44349552212311777,
        "soft_f1": 0.749836955849935
      }
    },
    {
      "key": "vlm",
      "paper_name": "VLM",
      "color": [
        0,
        200,
        209
      ],
      "pose": [
        [
          -0.29765640524725945,
          -0.10496280303560701,
          0.9488853852780048,
          3.7068613419424885
        ],
        [
          -0.9546730667696033,
          0.032726230291563185,
          -0.29585187076580116,
          2.1424269122509556
        ],
        [
          0.0,
          -0.9939375251140345,
          -0.10994633313661742,
          -0.16409886620437275
        ],
        [
          0.0,
          0.0,
          0.0,
          1.0
        ]
      ],
      "metrics": {
        "coverage_iou": 0.1724137931034483,
        "trans_error": 3.861003723605871,
        "rot_error": 0.4701319567456556,
        "soft_f1": 0.4266694257256532
      }
    }
  ],
  "vln_trajectory": {
    "points": [
      [
        1.4656298069506046,
        2.094166061409011,
        0.002254486083984153
      ],
      [
        2.196398286804273,
        2.262918628359438,
        0.002254486083984153
      ],
      [
        2.9271667666579417,
        2.4316711953098644,
        0.002254486083984153
      ],
      [
        3.6579352465116104,
        2.600423762260291,
        0.002254486083984153
      ],
      [
        4.388703726365279,
        2.7691763292107177,
        0.002254486083984153
      ],
      [
        5.119472206218948,
        2.9379288961611443,
        0.002254486083984153
      ],
      [
        5.850240686072617,
        3.106681463111571,
        0.002254486083984153
      ],
      [
        5.850240686072617,
        3.106681463111571,
        0.002254486083984153
      ],
      [
        5.850240686072617,
        3.106681463111571,
        0.002254486083984153
      ],
      [
        5.850240686072617,
        3.106681463111571,
        0.002254486083984153
      ]
    ],
    "color": [
      108,
      147,
      125
    ]
  },
  "images": {
    "start": "images/start.png",
    "target": "images/target.png",
    "context": [
      "images/context_0.png",
      "images/context_1.png",
      "images/context_2.png",
      "images/context_3.png"
    ],
    "renders": {
      "iperceive": "images/render_iperceive.png",
      "nbv_l": "images/render_nbv_l.png",
      "vln": "images/render_vln.png",
      "vlm": "images/render_vlm.png"
    }
  }
}