{
  "dataset": "hssd",
  "data_name": "20260503_074801_6647a0",
  "instruction": "Prepare to lift the left pillow on the bed",
  "target_2d_coord": null,
  "fov_rad": 0.8726646221409238,
  "gt_cameras": [
    {
      "label": "start",
      "pose": [
        [
          0.9904896801156944,
          0.05302297420360805,
          -0.12695966993857835,
          -9.21963963929974
        ],
        [
          0.13758704003033587,
          -0.38171261440129,
          0.9139831981073957,
          1.5175000419437932
        ],
        [
          -1.069637932140484e-17,
          -0.9227589307145911,
          -0.3853776794087385,
          1.4176118900706376
        ],
        [
          0.0,
          0.0,
          0.0,
          1.0
        ]
      ],
      "color": [
        0,
        0,
        0
      ],
      "visible": false
    },
    {
      "label": "context_0",
      "pose": [
        [
          0.9391809594597306,
          -0.14462959402485503,
          0.3114825349917784,
          -10.651686197309376
        ],
        [
          -0.3434226080189595,
          -0.39552832341969973,
          0.8518323085587362,
          1.8780840484799215
        ],
        [
          -4.200724462721794e-09,
          -0.906994853606907,
          -0.4211417456073169,
          1.4334710711082361
        ],
        [
          0.0,
          0.0,
          0.0,
          1.0
        ]
      ],
      "color": [
        0,
        0,
        0
      ],
      "visible": false
    },
    {
      "label": "context_1",
      "pose": [
        [
          -0.910506415922934,
          -0.26591840049468196,
          0.3166472500611536,
          -10.491197098787568
        ],
        [
          -0.4134949536069005,
          0.5855462247927965,
          -0.6972499765591798,
          4.379946909062075
        ],
        [
          1.174314964713652e-09,
          -0.7657825903488271,
          -0.6430994969975887,
          1.5454214247108684
        ],
        [
          0.0,
          0.0,
          0.0,
          1.0
        ]
      ],
      "color": [
        0,
        0,
        0
      ],
      "visible": false
    },
    {
      "label": "context_2",
      "pose": [
        [
          -0.9887352689213633,
          0.03759949105974829,
          -0.1448753065954411,
          -9.190127543071558
        ],
        [
          0.1496749080046464,
          0.2483779530032949,
          -0.95702967582625,
          4.744972427512966
        ],
        [
          4.074571638423841e-09,
          -0.9679331632450447,
          -0.25120777083782436,
          1.2852374919696459
        ],
        [
          0.0,
          0.0,
          0.0,
          1.0
        ]
      ],
      "color": [
        0,
        0,
        0
      ],
      "visible": false
    },
    {
      "label": "target",
      "pose": [
        [
          0.1761870683425333,
          0.4491250087150531,
          -0.8759251079161172,
          -10.42687447898804
        ],
        [
          0.9843567099556887,
          -0.08038753673554475,
          0.15677920571581674,
          2.5597022515286167
        ],
        [
          -3.763427347536208e-09,
          -0.889845232875122,
          -0.456262465771929,
          1.355272954879892
        ],
        [
          0.0,
          0.0,
          0.0,
          1.0
        ]
      ],
      "color": [
        144,
        238,
        144
      ],
      "visible": true
    }
  ],
  "algorithms": [
    {
      "key": "iperceive",
      "paper_name": "I-Perceive (Ours)",
      "color": [
        255,
        102,
        31
      ],
      "pose": [
        [
          -0.12970561665300068,
          0.5067909849755352,
          -0.852255418490867,
          -10.371633857838463
        ],
        [
          0.990402916401756,
          0.1075942927103733,
          -0.08674984704922697,
          2.5915433966550045
        ],
        [
          0.04773377556515945,
          -0.8553282274756414,
          -0.5158828604967421,
          1.3070588257861786
        ],
        [
          0.0,
          0.0,
          0.0,
          1.0
        ]
      ],
      "metrics": {
        "coverage_iou": 0.4522144522144522,
        "trans_error": 0.07993741631255885,
        "rot_error": 0.31688771251337156,
        "soft_f1": 0.7444439927936994
      }
    },
    {
      "key": "nbv_l",
      "paper_name": "NBV+L",
      "color": [
        30,
        85,
        230
      ],
      "pose": [
        [
          0.8386705679454234,
          -0.2748079036398048,
          0.504584922102402,
          -9.697467022916806
        ],
        [
          -0.5446390350150281,
          -0.3258659435097815,
          0.7941494553623197,
          3.2773741821637175
        ],
        [
          -0.05381150528310298,
          -0.9072899093712404,
          -0.4170483691998962,
          1.7505228134770598
        ],
        [
          0.0,
          0.0,
          0.0,
          1.0
        ]
      ],
      "metrics": {
        "coverage_iou": 0.0,
        "trans_error": 1.0969552154526663,
        "rot_error": 1.9852747175018945,
        "soft_f1": 0.0
      }
    },
    {
      "key": "vln",
      "paper_name": "VLN+P",
      "color": [
        20,
        107,
        58
      ],
      "pose": [
        [
          0.6030932404962662,
          0.24649380175574173,
          -0.7586299156793869,
          -9.21963963929974
        ],
        [
          0.7976706985139372,
          -0.18636606050600352,
          0.5735757563075342,
          1.5175000419437934
        ],
        [
          0.0,
          -0.9510565162951535,
          -0.3090169943749474,
          1.417611890070638
        ],
        [
          0.0,
          0.0,
          0.0,
          1.0
        ]
      ],
      "metrics": {
        "coverage_iou": 0.20794333417657476,
        "trans_error": 1.5960850747046345,
        "rot_error": 0.49614178454227614,
        "soft_f1": 0.4633613929406848
      }
    },
    {
      "key": "vlm",
      "paper_name": "VLM",
      "color": [
        0,
        200,
        209
      ],
      "pose": [
        [
          0.6713220122100005,
          0.04182354234292249,
          -0.7399848290527352,
          -9.165144494495152
        ],
        [
          0.7411658086570886,
          -0.03788229877235359,
          0.6702523222767722,
          2.5418677552920586
        ],
        [
          -0.0,
          -0.9984065918981164,
          -0.05642940062049297,
          0.9747637023513146
        ],
        [
          0.0,
          0.0,
          0.0,
          1.0
        ]
      ],
      "metrics": {
        "coverage_iou": 0.03121951219512195,
        "trans_error": 1.317978744188663,
        "rot_error": 0.694219984113218,
        "soft_f1": 0.1040698288611874
      }
    }
  ],
  "vln_trajectory": {
    "points": [
      [
        -9.21963963929974,
        1.5175000419437934,
        1.417611890070638
      ],
      [
        -9.21963963929974,
        1.5175000419437934,
        1.417611890070638
      ],
      [
        -9.21963963929974,
        1.5175000419437934,
        1.417611890070638
      ],
      [
        -9.21963963929974,
        1.5175000419437934,
        1.417611890070638
      ],
      [
        -9.21963963929974,
        1.5175000419437934,
        1.417611890070638
      ],
      [
        -9.21963963929974,
        1.5175000419437934,
        1.417611890070638
      ],
      [
        -9.21963963929974,
        1.5175000419437934,
        1.417611890070638
      ],
      [
        -9.21963963929974,
        1.5175000419437934,
        1.417611890070638
      ],
      [
        -9.21963963929974,
        1.5175000419437934,
        1.417611890070638
      ],
      [
        -9.21963963929974,
        1.5175000419437934,
        1.417611890070638
      ],
      [
        -9.21963963929974,
        1.5175000419437934,
        1.417611890070638
      ]
    ],
    "color": [
      108,
      147,
      125
    ]
  },
  "images": {
    "start": "images/start.png",
    "target": "images/target.png",
    "context": [
      "images/context_0.png",
      "images/context_1.png",
      "images/context_2.png"
    ],
    "renders": {
      "iperceive": "images/render_iperceive.png",
      "nbv_l": "images/render_nbv_l.png",
      "vln": "images/render_vln.png",
      "vlm": "images/render_vlm.png"
    }
  }
}