{
  "dataset": "hssd",
  "data_name": "20260503_192112_0d5093",
  "instruction": "Prepare to open the top drawer of the chest of drawers",
  "target_2d_coord": null,
  "fov_rad": 0.8726646221409238,
  "gt_cameras": [
    {
      "label": "start",
      "pose": [
        [
          -0.7727197902516261,
          0.08955100239490876,
          -0.6283985548388459,
          -4.056663623180595
        ],
        [
          0.6347472928287942,
          0.10901634803203647,
          -0.7649910523060222,
          -2.6405851161642424
        ],
        [
          5.9073943414952524e-18,
          -0.9899980069837642,
          -0.14108134592558666,
          1.3225045050116593
        ],
        [
          0.0,
          0.0,
          0.0,
          1.0
        ]
      ],
      "color": [
        0,
        0,
        0
      ],
      "visible": false
    },
    {
      "label": "context_0",
      "pose": [
        [
          -0.9920963023202529,
          0.021940069853014384,
          -0.12354564241065202,
          -7.2255400156195195
        ],
        [
          0.12547861709125346,
          0.17346905449606614,
          -0.9768129905646303,
          -2.069990551854435
        ],
        [
          -1.70384900632925e-09,
          -0.9845949156530845,
          -0.1748510234874623,
          1.516292858081498
        ],
        [
          0.0,
          0.0,
          0.0,
          1.0
        ]
      ],
      "color": [
        0,
        0,
        0
      ],
      "visible": false
    },
    {
      "label": "context_1",
      "pose": [
        [
          -0.8812726702945335,
          0.2858958437592845,
          -0.37632706827571494,
          -5.039845879049031
        ],
        [
          0.47260817140517153,
          0.5331101053357152,
          -0.7017372499576574,
          -2.2673797794790285
        ],
        [
          1.9208673505966e-09,
          -0.796277077721807,
          -0.6049320783193435,
          1.836826160192473
        ],
        [
          0.0,
          0.0,
          0.0,
          1.0
        ]
      ],
      "color": [
        0,
        0,
        0
      ],
      "visible": false
    },
    {
      "label": "context_2",
      "pose": [
        [
          -0.9094935716262349,
          -0.052723402719570045,
          -0.4123611342345393,
          -5.678529855648344
        ],
        [
          0.41571800061401404,
          -0.11534645639177098,
          -0.9021495247537588,
          -4.349032850431652
        ],
        [
          -3.9355571579413606e-10,
          -0.9919251369723376,
          0.1268249100500512,
          1.4780932348589946
        ],
        [
          0.0,
          0.0,
          0.0,
          1.0
        ]
      ],
      "color": [
        0,
        0,
        0
      ],
      "visible": false
    },
    {
      "label": "target",
      "pose": [
        [
          -0.9879921452030435,
          0.07712480780192803,
          -0.13387761629337946,
          -6.422769383368559
        ],
        [
          0.15450389055824965,
          0.4931830646426347,
          -0.856095226681351,
          -4.759796009081633
        ],
        [
          9.582245080741458e-09,
          -0.8664999811551586,
          -0.49917707881223206,
          1.3649071122564647
        ],
        [
          0.0,
          0.0,
          0.0,
          1.0
        ]
      ],
      "color": [
        144,
        238,
        144
      ],
      "visible": true
    }
  ],
  "algorithms": [
    {
      "key": "iperceive",
      "paper_name": "I-Perceive (Ours)",
      "color": [
        255,
        102,
        31
      ],
      "pose": [
        [
          -0.9258670592701057,
          0.14909062602541287,
          -0.3471917993366876,
          -6.21174455567418
        ],
        [
          0.3778461050232375,
          0.3614883242861867,
          -0.8523839831525233,
          -4.780852787506327
        ],
        [
          -0.0015766873458081879,
          -0.9203793350991811,
          -0.391023461936602,
          1.0807069820579336
        ],
        [
          0.0,
          0.0,
          0.0,
          1.0
        ]
      ],
      "metrics": {
        "coverage_iou": 0.6384535005224661,
        "trans_error": 0.35460490578794657,
        "rot_error": 0.2618831031089849,
        "soft_f1": 0.9829649969342326
      }
    },
    {
      "key": "nbv_l",
      "paper_name": "NBV+L",
      "color": [
        30,
        85,
        230
      ],
      "pose": [
        [
          -0.7071067811865475,
          -0.1830127018922193,
          -0.7071067811865476,
          -6.263870987469151
        ],
        [
          0.7071067811865475,
          -0.1830127018922193,
          -0.7071067811865476,
          -5.271344826576604
        ],
        [
          0.0,
          -0.9659258262890683,
          0.25881904510252074,
          0.48177417473168993
        ],
        [
          0.0,
          0.0,
          0.0,
          1.0
        ]
      ],
      "metrics": {
        "coverage_iou": 0.2240085744908896,
        "trans_error": 1.0328866398545706,
        "rot_error": 0.9816590883610902,
        "soft_f1": 0.5477267735558972
      }
    },
    {
      "key": "vln",
      "paper_name": "VLN+P",
      "color": [
        20,
        107,
        58
      ],
      "pose": [
        [
          0.6347472928287944,
          0.0,
          -0.7727197902516261,
          -4.056663623180595
        ],
        [
          0.7727197902516261,
          0.0,
          0.6347472928287944,
          -2.6405851161642433
        ],
        [
          0.0,
          -1.0,
          0.0,
          1.322504505011659
        ],
        [
          0.0,
          0.0,
          0.0,
          1.0
        ]
      ],
      "metrics": {
        "coverage_iou": 0.0,
        "trans_error": 3.1766821539381787,
        "rot_error": 2.1419413520272634,
        "soft_f1": 0.0
      }
    },
    {
      "key": "vlm",
      "paper_name": "VLM",
      "color": [
        0,
        200,
        209
      ],
      "pose": [
        [
          -0.8413657511206798,
          0.05878926144657722,
          -0.5372592442943168,
          -4.950157950902758
        ],
        [
          0.5404661625311379,
          0.09151964460306013,
          -0.8363734105114744,
          -3.575490650705158
        ],
        [
          0.0,
          -0.9940663848004799,
          -0.1087751010558227,
          1.1571028576541382
        ],
        [
          0.0,
          0.0,
          0.0,
          1.0
        ]
      ],
      "metrics": {
        "coverage_iou": 0.16223535204332842,
        "trans_error": 1.9011434453929412,
        "rot_error": 0.5844459820571709,
        "soft_f1": 0.41042478965729523
      }
    }
  ],
  "vln_trajectory": {
    "points": [
      [
        -4.056663623180595,
        -2.6405851161642433,
        1.322504505011659
      ],
      [
        -4.056663623180595,
        -2.6405851161642433,
        1.322504505011659
      ],
      [
        -4.056663623180595,
        -2.6405851161642433,
        1.322504505011659
      ],
      [
        -4.056663623180595,
        -2.6405851161642433,
        1.322504505011659
      ],
      [
        -4.056663623180595,
        -2.6405851161642433,
        1.322504505011659
      ],
      [
        -4.056663623180595,
        -2.6405851161642433,
        1.322504505011659
      ],
      [
        -4.056663623180595,
        -2.6405851161642433,
        1.322504505011659
      ],
      [
        -4.056663623180595,
        -2.6405851161642433,
        1.322504505011659
      ]
    ],
    "color": [
      108,
      147,
      125
    ]
  },
  "images": {
    "start": "images/start.png",
    "target": "images/target.png",
    "context": [
      "images/context_0.png",
      "images/context_1.png",
      "images/context_2.png"
    ],
    "renders": {
      "iperceive": "images/render_iperceive.png",
      "nbv_l": "images/render_nbv_l.png",
      "vln": "images/render_vln.png",
      "vlm": "images/render_vlm.png"
    }
  }
}