{
  "dataset": "hssd",
  "data_name": "20260503_082239_49d79f",
  "instruction": "Inspect the dining table surface from above",
  "target_2d_coord": null,
  "fov_rad": 0.8726646221409238,
  "gt_cameras": [
    {
      "label": "start",
      "pose": [
        [
          -0.9675913817061412,
          -0.06343526760338541,
          0.24442357675168633,
          -5.284385875409214
        ],
        [
          -0.25252112396391835,
          0.24306647010659096,
          -0.9365638115269675,
          1.3307023787079424
        ],
        [
          -1.3432771405974062e-17,
          -0.9679331887759655,
          -0.2512077667310296,
          1.451013138079275
        ],
        [
          0.0,
          0.0,
          0.0,
          1.0
        ]
      ],
      "color": [
        0,
        0,
        0
      ],
      "visible": false
    },
    {
      "label": "context_0",
      "pose": [
        [
          -0.9908228281834413,
          0.024933386767870026,
          -0.1328473809037829,
          -3.789890373634353
        ],
        [
          0.1351669502206759,
          0.182770802852989,
          -0.973819677844251,
          1.585933869028866
        ],
        [
          -5.709063083392252e-10,
          -0.9828393329119693,
          -0.1844636610316781,
          1.3162119864573376
        ],
        [
          0.0,
          0.0,
          0.0,
          1.0
        ]
      ],
      "color": [
        0,
        0,
        0
      ],
      "visible": false
    },
    {
      "label": "context_1",
      "pose": [
        [
          -0.9711886302347424,
          -0.05080627194983037,
          0.23283330540757097,
          -5.577896262146137
        ],
        [
          -0.23831202430863996,
          0.20704986992551958,
          -0.9488613070323014,
          0.4588305675974744
        ],
        [
          8.087750998433951e-11,
          -0.9770102889249371,
          -0.21319223221185943,
          1.4654900266436202
        ],
        [
          0.0,
          0.0,
          0.0,
          1.0
        ]
      ],
      "color": [
        0,
        0,
        0
      ],
      "visible": false
    },
    {
      "label": "target",
      "pose": [
        [
          -0.6441381558359687,
          -0.4567443883023905,
          0.613572018903912,
          -4.204442783000329
        ],
        [
          -0.7649091938362839,
          0.38462930012845925,
          -0.5166955263039983,
          -0.1803881643314833
        ],
        [
          5.435837058254123e-10,
          -0.8021501817835065,
          -0.5971223737654612,
          1.5330061234299084
        ],
        [
          0.0,
          0.0,
          0.0,
          1.0
        ]
      ],
      "color": [
        144,
        238,
        144
      ],
      "visible": true
    }
  ],
  "algorithms": [
    {
      "key": "iperceive",
      "paper_name": "I-Perceive (Ours)",
      "color": [
        255,
        102,
        31
      ],
      "pose": [
        [
          -0.7710850305497974,
          -0.36744789684209705,
          0.5200095038644241,
          -4.3758994671624585
        ],
        [
          -0.63625810753933,
          0.41314034962618557,
          -0.6515295019314926,
          -0.004623190670528965
        ],
        [
          0.02456623623004399,
          -0.833244926336886,
          -0.5523580698235452,
          1.47554310000687
        ],
        [
          0.0,
          0.0,
          0.0,
          1.0
        ]
      ],
      "metrics": {
        "coverage_iou": 0.5071551230681167,
        "trans_error": 0.2521759375878913,
        "rot_error": 0.1899716936350892,
        "soft_f1": 0.8259057207612497
      }
    },
    {
      "key": "nbv_l",
      "paper_name": "NBV+L",
      "color": [
        30,
        85,
        230
      ],
      "pose": [
        [
          0.7071067811865475,
          -0.03199766879448704,
          0.7297052817717635,
          -4.121696019184648
        ],
        [
          -0.7071067811865475,
          -0.03199766879448704,
          0.7297052817717635,
          -2.175297940084462
        ],
        [
          0.0,
          -0.9986295347545739,
          -0.05233595624294382,
          1.007585187648154
        ],
        [
          0.0,
          0.0,
          0.0,
          1.0
        ]
      ],
      "metrics": {
        "coverage_iou": 0.13930581613508441,
        "trans_error": 2.0646014784279347,
        "rot_error": 1.5754470442161406,
        "soft_f1": 0.4556216734938794
      }
    },
    {
      "key": "vln",
      "paper_name": "VLN+P",
      "color": [
        20,
        107,
        58
      ],
      "pose": [
        [
          -0.5056310282743373,
          -0.2950778193376021,
          0.8107196456119719,
          -5.52628372083575
        ],
        [
          -0.8627498265698091,
          0.17293599676029414,
          -0.47513774610978565,
          1.2675720977169622
        ],
        [
          -2.7755575615628914e-17,
          -0.9396926207859085,
          -0.3420201433256686,
          1.4510131380792748
        ],
        [
          0.0,
          0.0,
          0.0,
          1.0
        ]
      ],
      "metrics": {
        "coverage_iou": 0.2045567112431897,
        "trans_error": 1.9622882276191058,
        "rot_error": 0.3364703413040728,
        "soft_f1": 0.4701160914758274
      }
    },
    {
      "key": "vlm",
      "paper_name": "VLM",
      "color": [
        0,
        200,
        209
      ],
      "pose": [
        [
          -0.8681628201831434,
          -0.4040154347813293,
          0.2882097259117128,
          -4.698393176363347
        ],
        [
          -0.4962794753479648,
          0.7067614049751898,
          -0.5041775468878444,
          0.5921723291302716
        ],
        [
          0.0,
          -0.5807407725448156,
          -0.8140885425456194,
          1.3909471194783154
        ],
        [
          0.0,
          0.0,
          0.0,
          1.0
        ]
      ],
      "metrics": {
        "coverage_iou": 0.03547229972100439,
        "trans_error": 0.9279102417590525,
        "rot_error": 0.4684992282457524,
        "soft_f1": 0.1442533712730422
      }
    }
  ],
  "vln_trajectory": {
    "points": [
      [
        -5.284385875409214,
        1.330702378707942,
        1.4510131380792748
      ],
      [
        -5.284385875409214,
        1.330702378707942,
        1.4510131380792748
      ],
      [
        -5.284385875409214,
        1.330702378707942,
        1.4510131380792748
      ],
      [
        -5.284385875409214,
        1.330702378707942,
        1.4510131380792748
      ],
      [
        -5.284385875409214,
        1.330702378707942,
        1.4510131380792748
      ],
      [
        -5.284385875409214,
        1.330702378707942,
        1.4510131380792748
      ],
      [
        -5.284385875409214,
        1.330702378707942,
        1.4510131380792748
      ],
      [
        -5.52628372083575,
        1.2675720977169622,
        1.4510131380792748
      ],
      [
        -5.52628372083575,
        1.2675720977169622,
        1.4510131380792748
      ],
      [
        -5.52628372083575,
        1.2675720977169622,
        1.4510131380792748
      ],
      [
        -5.52628372083575,
        1.2675720977169622,
        1.4510131380792748
      ],
      [
        -5.52628372083575,
        1.2675720977169622,
        1.4510131380792748
      ],
      [
        -5.52628372083575,
        1.2675720977169622,
        1.4510131380792748
      ],
      [
        -5.52628372083575,
        1.2675720977169622,
        1.4510131380792748
      ],
      [
        -5.52628372083575,
        1.2675720977169622,
        1.4510131380792748
      ],
      [
        -5.52628372083575,
        1.2675720977169622,
        1.4510131380792748
      ],
      [
        -5.52628372083575,
        1.2675720977169622,
        1.4510131380792748
      ],
      [
        -5.52628372083575,
        1.2675720977169622,
        1.4510131380792748
      ],
      [
        -5.52628372083575,
        1.2675720977169622,
        1.4510131380792748
      ],
      [
        -5.52628372083575,
        1.2675720977169622,
        1.4510131380792748
      ]
    ],
    "color": [
      108,
      147,
      125
    ]
  },
  "images": {
    "start": "images/start.png",
    "target": "images/target.png",
    "context": [
      "images/context_0.png",
      "images/context_1.png"
    ],
    "renders": {
      "iperceive": "images/render_iperceive.png",
      "nbv_l": "images/render_nbv_l.png",
      "vln": "images/render_vln.png",
      "vlm": "images/render_vlm.png"
    }
  }
}