{
  "dataset": "replica",
  "data_name": "frl_apartment_3_20260504_073221_565919",
  "instruction": "Check the blue blanket on the armchair",
  "target_2d_coord": null,
  "fov_rad": 1.0471975667402222,
  "gt_cameras": [
    {
      "label": "start",
      "pose": [
        [
          0.2757699563537704,
          -0.09481095425415732,
          0.9565363632011361,
          0.059181264546554285
        ],
        [
          -0.9612236634481277,
          -0.02720075848188817,
          0.27442519484436984,
          0.3879081714546402
        ],
        [
          1.4296767536182388e-18,
          -0.9951236112621518,
          -0.09863568476253373,
          0.002254486083984153
        ],
        [
          0.0,
          0.0,
          0.0,
          1.0
        ]
      ],
      "color": [
        0,
        0,
        0
      ],
      "visible": false
    },
    {
      "label": "context_0",
      "pose": [
        [
          0.7741623174897311,
          -0.10758701272610602,
          0.6237769892374592,
          3.0604011036872665
        ],
        [
          -0.6329871333785826,
          -0.13158215602257467,
          0.762898044810169,
          -0.19190738845831118
        ],
        [
          -2.3567463813822798e-09,
          -0.9854497197905487,
          -0.1699671433103992,
          0.0022544747850383184
        ],
        [
          0.0,
          0.0,
          0.0,
          1.0
        ]
      ],
      "color": [
        0,
        0,
        0
      ],
      "visible": false
    },
    {
      "label": "context_1",
      "pose": [
        [
          -0.8822448791617777,
          -0.07351616866386437,
          0.46501546565223434,
          1.883299912051732
        ],
        [
          -0.4707908419769422,
          0.1377666299038984,
          -0.8714220188083104,
          3.530943491183419
        ],
        [
          -2.714896404909517e-09,
          -0.9877326319934617,
          -0.15615464520632585,
          0.0022544923613649903
        ],
        [
          0.0,
          0.0,
          0.0,
          1.0
        ]
      ],
      "color": [
        0,
        0,
        0
      ],
      "visible": false
    },
    {
      "label": "context_2",
      "pose": [
        [
          -0.0349761434621966,
          0.03476802795818905,
          -0.998783194030787,
          8.223052752523019
        ],
        [
          0.9993881670488652,
          0.0012167962688379233,
          -0.034954966288608336,
          3.48607166165851
        ],
        [
          1.1018525328254647e-10,
          -0.9993946687546049,
          -0.03478930694783859,
          0.002254487535681138
        ],
        [
          0.0,
          0.0,
          0.0,
          1.0
        ]
      ],
      "color": [
        0,
        0,
        0
      ],
      "visible": false
    },
    {
      "label": "target",
      "pose": [
        [
          0.9827110139989117,
          -0.060484817718234496,
          0.17498746167845558,
          4.751378543592983
        ],
        [
          -0.18514597754585405,
          -0.32103912904567883,
          0.9287921587484091,
          4.2882490565183495
        ],
        [
          7.569009349839284e-09,
          -0.9451325209065475,
          -0.32668720449166355,
          -0.4943454355123279
        ],
        [
          0.0,
          0.0,
          0.0,
          1.0
        ]
      ],
      "color": [
        144,
        238,
        144
      ],
      "visible": true
    }
  ],
  "algorithms": [
    {
      "key": "iperceive",
      "paper_name": "I-Perceive (Ours)",
      "color": [
        255,
        102,
        31
      ],
      "pose": [
        [
          0.8085100327718859,
          -0.23757643755172086,
          0.53839483268818,
          4.283241886498594
        ],
        [
          -0.5867881046633064,
          -0.3948373263455571,
          0.7069534956630917,
          3.091376025185168
        ],
        [
          0.04462287604246685,
          -0.8875025958101619,
          -0.4586369636397562,
          -0.008361326105067735
        ],
        [
          0.0,
          0.0,
          0.0,
          1.0
        ]
      ],
      "metrics": {
        "coverage_iou": 0.15819120638397746,
        "trans_error": 1.3739862174802289,
        "rot_error": 0.4693059855835552,
        "soft_f1": 0.350630600718396
      }
    },
    {
      "key": "nbv_l",
      "paper_name": "NBV+L",
      "color": [
        30,
        85,
        230
      ],
      "pose": [
        [
          0.7071067811865475,
          0.1830127018922193,
          -0.7071067811865476,
          5.2166150593010485
        ],
        [
          0.7071067811865475,
          -0.1830127018922193,
          0.7071067811865476,
          5.360060367164931
        ],
        [
          0.0,
          -0.9659258262890683,
          -0.25881904510252074,
          -0.5938893902841995
        ],
        [
          0.0,
          0.0,
          0.0,
          1.0
        ]
      ],
      "metrics": {
        "coverage_iou": 0.19582043343653252,
        "trans_error": 1.1726606557094956,
        "rot_error": 0.9629817751095529,
        "soft_f1": 0.4643250671651955
      }
    },
    {
      "key": "vln",
      "paper_name": "VLN+P",
      "color": [
        20,
        107,
        58
      ],
      "pose": [
        [
          0.9612236634481277,
          0.0,
          -0.2757699563537711,
          -0.21658869180721685
        ],
        [
          0.2757699563537711,
          0.0,
          0.9612236634481277,
          1.349131834902768
        ],
        [
          0.0,
          -1.0,
          0.0,
          0.002254486083984153
        ],
        [
          0.0,
          0.0,
          0.0,
          1.0
        ]
      ],
      "metrics": {
        "coverage_iou": 0.0,
        "trans_error": 5.793593214944536,
        "rot_error": 0.5705569204953259,
        "soft_f1": 0.0
      }
    },
    {
      "key": "vlm",
      "paper_name": "VLM",
      "color": [
        0,
        200,
        209
      ],
      "pose": [
        [
          0.852926373703993,
          -0.1426126080476206,
          0.5021735208730268,
          1.7861742715252165
        ],
        [
          -0.522031226115983,
          -0.2330091545127242,
          0.8204816468837733,
          1.6762193130303755
        ],
        [
          0.0,
          -0.9619606945915833,
          -0.2731878878370687,
          0.05777847042537476
        ],
        [
          0.0,
          0.0,
          0.0,
          1.0
        ]
      ],
      "metrics": {
        "coverage_iou": 0.06780982073265783,
        "trans_error": 3.989984748230373,
        "rot_error": 0.36727107717472385,
        "soft_f1": 0.17313057214861033
      }
    }
  ],
  "vln_trajectory": {
    "points": [
      [
        0.05918126454655427,
        0.38790817145464024,
        0.002254486083984153
      ],
      [
        0.05918126454655427,
        0.38790817145464024,
        0.002254486083984153
      ],
      [
        0.05918126454655427,
        0.38790817145464024,
        0.002254486083984153
      ],
      [
        0.05918126454655427,
        0.38790817145464024,
        0.002254486083984153
      ],
      [
        0.05918126454655427,
        0.38790817145464024,
        0.002254486083984153
      ],
      [
        0.05918126454655427,
        0.38790817145464024,
        0.002254486083984153
      ],
      [
        0.05918126454655427,
        0.38790817145464024,
        0.002254486083984153
      ],
      [
        0.05918126454655427,
        0.38790817145464024,
        0.002254486083984153
      ],
      [
        0.05918126454655427,
        0.38790817145464024,
        0.002254486083984153
      ],
      [
        0.05918126454655427,
        0.38790817145464024,
        0.002254486083984153
      ],
      [
        0.05918126454655427,
        0.38790817145464024,
        0.002254486083984153
      ],
      [
        0.05918126454655427,
        0.38790817145464024,
        0.002254486083984153
      ],
      [
        0.05918126454655427,
        0.38790817145464024,
        0.002254486083984153
      ],
      [
        0.05918126454655427,
        0.38790817145464024,
        0.002254486083984153
      ],
      [
        0.05918126454655427,
        0.38790817145464024,
        0.002254486083984153
      ],
      [
        0.05918126454655427,
        0.38790817145464024,
        0.002254486083984153
      ],
      [
        0.05918126454655427,
        0.38790817145464024,
        0.002254486083984153
      ],
      [
        0.05918126454655427,
        0.38790817145464024,
        0.002254486083984153
      ],
      [
        0.05918126454655427,
        0.38790817145464024,
        0.002254486083984153
      ],
      [
        -0.009761224541888505,
        0.6282140873166722,
        0.002254486083984153
      ],
      [
        -0.21658869180721685,
        1.349131834902768,
        0.002254486083984153
      ]
    ],
    "color": [
      108,
      147,
      125
    ]
  },
  "images": {
    "start": "images/start.png",
    "target": "images/target.png",
    "context": [
      "images/context_0.png",
      "images/context_1.png",
      "images/context_2.png"
    ],
    "renders": {
      "iperceive": "images/render_iperceive.png",
      "nbv_l": "images/render_nbv_l.png",
      "vln": "images/render_vln.png",
      "vlm": "images/render_vlm.png"
    }
  }
}