{
  "dataset": "hssd",
  "data_name": "20260430_113825_bc5b4f",
  "instruction": "Inspect the what is on top of the closet",
  "target_2d_coord": null,
  "fov_rad": 0.8726646221409238,
  "gt_cameras": [
    {
      "label": "start",
      "pose": [
        [
          -0.5644248863619096,
          0.6886749898609951,
          -0.45513877663335145,
          -3.091651319332686
        ],
        [
          0.8254844321096222,
          0.47088144581866836,
          -0.31120108664394946,
          9.84157277815324
        ],
        [
          4.6311159876945946e-17,
          -0.5513596125249642,
          -0.8342676894596369,
          1.516801415989127
        ],
        [
          0.0,
          0.0,
          0.0,
          1.0
        ]
      ],
      "color": [
        0,
        0,
        0
      ],
      "visible": false
    },
    {
      "label": "context_0",
      "pose": [
        [
          0.0012214490988999016,
          0.5408999193211055,
          -0.8410860566113735,
          -2.738581483757529
        ],
        [
          0.999999242947072,
          -0.0006606749528859646,
          0.001027344062266955,
          9.706853977214802
        ],
        [
          1.546882777425651e-08,
          -0.8410866895301694,
          -0.5409003267947308,
          1.4995496627571452
        ],
        [
          0.0,
          0.0,
          0.0,
          1.0
        ]
      ],
      "color": [
        0,
        0,
        0
      ],
      "visible": false
    },
    {
      "label": "context_1",
      "pose": [
        [
          -0.07687598939319734,
          0.5515330285372579,
          -0.8306030433772953,
          -2.4060582919883187
        ],
        [
          0.9970406884591477,
          0.04252549633193933,
          -0.06404296799753564,
          9.487426579749794
        ],
        [
          2.1092372293196604e-09,
          -0.83306839437088,
          -0.5531700087832772,
          1.5633048402129532
        ],
        [
          0.0,
          0.0,
          0.0,
          1.0
        ]
      ],
      "color": [
        0,
        0,
        0
      ],
      "visible": false
    },
    {
      "label": "context_2",
      "pose": [
        [
          0.6552802053077549,
          0.24278662723698485,
          -0.7153058777584719,
          -2.33968729366973
        ],
        [
          0.755385851535793,
          -0.21061192703475612,
          0.6205117361743557,
          8.731048413306558
        ],
        [
          -1.2238286162258305e-08,
          -0.9469410289033965,
          -0.321407405574145,
          1.2999273164888776
        ],
        [
          0.0,
          0.0,
          0.0,
          1.0
        ]
      ],
      "color": [
        0,
        0,
        0
      ],
      "visible": false
    },
    {
      "label": "target",
      "pose": [
        [
          -0.4421973955750127,
          -0.14843024360469076,
          -0.8845507000875881,
          -2.8126206590253124
        ],
        [
          0.896917768675521,
          -0.0731789108009745,
          -0.43610020102763025,
          9.545638922787962
        ],
        [
          4.4817068112212866e-10,
          -0.9862116190653218,
          0.16548924652990787,
          1.943535465302019
        ],
        [
          0.0,
          0.0,
          0.0,
          1.0
        ]
      ],
      "color": [
        144,
        238,
        144
      ],
      "visible": true
    }
  ],
  "algorithms": [
    {
      "key": "iperceive",
      "paper_name": "I-Perceive (Ours)",
      "color": [
        255,
        102,
        31
      ],
      "pose": [
        [
          -0.6657043670116681,
          0.06723452740088309,
          -0.7431804564535585,
          -3.0065379092187428
        ],
        [
          0.7429987169781495,
          -0.032653292363511444,
          -0.6684957775293205,
          9.693835387845645
        ],
        [
          -0.06921327372381245,
          -0.9972027897950249,
          -0.02821776288036626,
          1.7406215631765611
        ],
        [
          0.0,
          0.0,
          0.0,
          1.0
        ]
      ],
      "metrics": {
        "coverage_iou": 0.3,
        "trans_error": 0.31739586943881265,
        "rot_error": 0.3468644671967902,
        "soft_f1": 0.627428693212091
      }
    },
    {
      "key": "nbv_l",
      "paper_name": "NBV+L",
      "color": [
        30,
        85,
        230
      ],
      "pose": [
        [
          -0.7071067811865469,
          0.15849364905389057,
          0.7745190528383297,
          -5.150403608728393
        ],
        [
          -0.7071067811865481,
          -0.15849364905389027,
          -0.7745190528383283,
          9.41342905280761
        ],
        [
          0.0,
          -0.9659258262890682,
          0.2588190451025209,
          0.14816700325690535
        ],
        [
          0.0,
          0.0,
          0.0,
          1.0
        ]
      ],
      "metrics": {
        "coverage_iou": 0.0,
        "trans_error": 2.950602720946913,
        "rot_error": 1.920562949313393,
        "soft_f1": 0.0
      }
    },
    {
      "key": "vln",
      "paper_name": "VLN+P",
      "color": [
        20,
        107,
        58
      ],
      "pose": [
        [
          -0.5644248863619101,
          -0.34886479579217683,
          -0.7481429688984771,
          -3.091651319332685
        ],
        [
          0.8254844321096217,
          -0.23853626435746228,
          -0.5115426697070753,
          9.841572778153239
        ],
        [
          0.0,
          -0.90630778703665,
          0.4226182617406994,
          1.5168014159891268
        ],
        [
          0.0,
          0.0,
          0.0,
          1.0
        ]
      ],
      "metrics": {
        "coverage_iou": 0.6842592592592592,
        "trans_error": 0.5895225959902238,
        "rot_error": 0.30478824729899867,
        "soft_f1": 0.9272064559393091
      }
    },
    {
      "key": "vlm",
      "paper_name": "VLM",
      "color": [
        0,
        200,
        209
      ],
      "pose": [
        [
          -0.9218752061802374,
          -0.18810792387294542,
          -0.33876468707106244,
          -3.5832422579173775
        ],
        [
          0.3874869084629114,
          -0.4475300386080172,
          -0.8059595277142407,
          9.7664265727844
        ],
        [
          0.0,
          -0.8742609870740641,
          0.4854562044925198,
          0.5544336640262069
        ],
        [
          0.0,
          0.0,
          0.0,
          1.0
        ]
      ],
      "metrics": {
        "coverage_iou": 0.02717825739408473,
        "trans_error": 1.60381064740366,
        "rot_error": 0.7886952318976964,
        "soft_f1": 0.12433160892057558
      }
    }
  ],
  "vln_trajectory": {
    "points": [
      [
        -3.091651319332685,
        9.841572778153239,
        1.5168014159891268
      ],
      [
        -3.091651319332685,
        9.841572778153239,
        1.5168014159891268
      ],
      [
        -3.091651319332685,
        9.841572778153239,
        1.5168014159891268
      ],
      [
        -3.091651319332685,
        9.841572778153239,
        1.5168014159891268
      ],
      [
        -3.091651319332685,
        9.841572778153239,
        1.5168014159891268
      ],
      [
        -3.091651319332685,
        9.841572778153239,
        1.5168014159891268
      ],
      [
        -3.091651319332685,
        9.841572778153239,
        1.5168014159891268
      ],
      [
        -3.091651319332685,
        9.841572778153239,
        1.5168014159891268
      ],
      [
        -3.091651319332685,
        9.841572778153239,
        1.5168014159891268
      ],
      [
        -3.091651319332685,
        9.841572778153239,
        1.5168014159891268
      ],
      [
        -3.091651319332685,
        9.841572778153239,
        1.5168014159891268
      ],
      [
        -3.091651319332685,
        9.841572778153239,
        1.5168014159891268
      ],
      [
        -3.091651319332685,
        9.841572778153239,
        1.5168014159891268
      ],
      [
        -3.091651319332685,
        9.841572778153239,
        1.5168014159891268
      ],
      [
        -3.091651319332685,
        9.841572778153239,
        1.5168014159891268
      ],
      [
        -3.091651319332685,
        9.841572778153239,
        1.5168014159891268
      ]
    ],
    "color": [
      108,
      147,
      125
    ]
  },
  "images": {
    "start": "images/start.png",
    "target": "images/target.png",
    "context": [
      "images/context_0.png",
      "images/context_1.png",
      "images/context_2.png"
    ],
    "renders": {
      "iperceive": "images/render_iperceive.png",
      "nbv_l": "images/render_nbv_l.png",
      "vln": "images/render_vln.png",
      "vlm": "images/render_vlm.png"
    }
  }
}