{
  "dataset": "replica",
  "data_name": "frl_apartment_0_20260502_115525_647615",
  "instruction": "Look at the helmet on top of the shelf",
  "target_2d_coord": null,
  "fov_rad": 1.0471975667402222,
  "gt_cameras": [
    {
      "label": "start",
      "pose": [
        [
          -0.9842068702683724,
          0.02133165758734482,
          -0.17573217377905487,
          0.4211515385838201
        ],
        [
          0.17702213566821431,
          0.11859965349772353,
          -0.9770349459838603,
          2.43485590982723
        ],
        [
          6.788788878561786e-18,
          -0.9927129910375889,
          -0.12050276936736268,
          -0.1410627365112324
        ],
        [
          0.0,
          0.0,
          0.0,
          1.0
        ]
      ],
      "color": [
        0,
        0,
        0
      ],
      "visible": false
    },
    {
      "label": "context_0",
      "pose": [
        [
          0.8210018635438067,
          0.06199213175447069,
          -0.5675499014513918,
          2.3364362193538457
        ],
        [
          0.570925459861706,
          -0.08914587888885978,
          0.8161477180961877,
          -3.3779823574573964
        ],
        [
          -2.232387982803452e-09,
          -0.9940875271337107,
          -0.10858182390749839,
          -0.14106270176482838
        ],
        [
          0.0,
          0.0,
          0.0,
          1.0
        ]
      ],
      "color": [
        0,
        0,
        0
      ],
      "visible": false
    },
    {
      "label": "context_1",
      "pose": [
        [
          -0.9998237884315433,
          0.003005726610163674,
          -0.018531376440447167,
          0.1262853821018674
        ],
        [
          0.018773575062683845,
          0.16007608928004985,
          -0.9869261126749037,
          -0.575924007308509
        ],
        [
          2.3012339429862028e-09,
          -0.9871000785228202,
          -0.1601043057463342,
          -0.1410627406472687
        ],
        [
          0.0,
          0.0,
          0.0,
          1.0
        ]
      ],
      "color": [
        0,
        0,
        0
      ],
      "visible": false
    },
    {
      "label": "context_2",
      "pose": [
        [
          -0.16920370417204203,
          0.12267788675794826,
          -0.977916259740941,
          3.827953481542722
        ],
        [
          0.9855811040819663,
          0.021061229693378522,
          -0.1678878164813304,
          -1.9623353075688934
        ],
        [
          -2.463955567355569e-09,
          -0.9922230421257183,
          -0.12447264133807706,
          -0.141062740073659
        ],
        [
          0.0,
          0.0,
          0.0,
          1.0
        ]
      ],
      "color": [
        0,
        0,
        0
      ],
      "visible": false
    },
    {
      "label": "target",
      "pose": [
        [
          0.049957535421295565,
          -0.0012021695368395792,
          -0.9987506111829046,
          0.3830402680773031
        ],
        [
          0.998751347274807,
          6.013530395300448e-05,
          0.04995750093643948,
          0.6301013520391856
        ],
        [
          -7.601830831482914e-10,
          -0.9999992527973184,
          0.0012036729197785253,
          0.16073724662778244
        ],
        [
          0.0,
          0.0,
          0.0,
          1.0
        ]
      ],
      "color": [
        144,
        238,
        144
      ],
      "visible": true
    }
  ],
  "algorithms": [
    {
      "key": "iperceive",
      "paper_name": "I-Perceive (Ours)",
      "color": [
        255,
        102,
        31
      ],
      "pose": [
        [
          -0.42304272615770766,
          -0.021851148596914123,
          -0.9058461297165457,
          0.37410216738164326
        ],
        [
          0.9053829003210703,
          0.02983999235484308,
          -0.4235462369409379,
          0.905951805864244
        ],
        [
          0.036285413010931925,
          -0.9993158052376072,
          0.007160058311028075,
          -0.02281101687435258
        ],
        [
          0.0,
          0.0,
          0.0,
          1.0
        ]
      ],
      "metrics": {
        "coverage_iou": 0.3028942115768463,
        "trans_error": 0.33145641686928046,
        "rot_error": 0.4885538641197257,
        "soft_f1": 0.6089628845912987
      }
    },
    {
      "key": "nbv_l",
      "paper_name": "NBV+L",
      "color": [
        30,
        85,
        230
      ],
      "pose": [
        [
          0.7071067811865477,
          0.1830127018922192,
          -0.7071067811865474,
          -0.156899461291587
        ],
        [
          0.7071067811865474,
          -0.18301270189221927,
          0.7071067811865477,
          1.1103639293050134
        ],
        [
          0.0,
          -0.9659258262890682,
          -0.25881904510252063,
          0.8667757449305113
        ],
        [
          0.0,
          0.0,
          0.0,
          1.0
        ]
      ],
      "metrics": {
        "coverage_iou": 0.07420749279538905,
        "trans_error": 1.010285815342527,
        "rot_error": 0.7608644828459753,
        "soft_f1": 0.214467225806999
      }
    },
    {
      "key": "vln",
      "paper_name": "VLN+P",
      "color": [
        20,
        107,
        58
      ],
      "pose": [
        [
          -0.17702213566821537,
          0.49210343513418603,
          0.8523481522315853,
          0.01059508627968292
        ],
        [
          -0.9842068702683718,
          -0.08851106783410767,
          -0.15330566652084987,
          2.149473010074213
        ],
        [
          -2.7755575615628914e-17,
          -0.8660254037844387,
          0.49999999999999994,
          -0.14106273651123247
        ],
        [
          0.0,
          0.0,
          0.0,
          1.0
        ]
      ],
      "metrics": {
        "coverage_iou": 0.0,
        "trans_error": 1.5932008697641784,
        "rot_error": 3.0179576107859125,
        "soft_f1": 0.0
      }
    },
    {
      "key": "vlm",
      "paper_name": "VLM",
      "color": [
        0,
        200,
        209
      ],
      "pose": [
        [
          0.6541866311247765,
          0.31420375398308276,
          0.6879795437660585,
          -1.4990757350875492
        ],
        [
          -0.7563331618127132,
          0.27176898446752196,
          0.5950645069434709,
          0.4603552178102195
        ],
        [
          0.0,
          -0.9096249886983263,
          0.4154303550964587,
          -0.41821910605616663
        ],
        [
          0.0,
          0.0,
          0.0,
          1.0
        ]
      ],
      "metrics": {
        "coverage_iou": 0.19357092941998602,
        "trans_error": 1.9764525935848105,
        "rot_error": 2.396711011129315,
        "soft_f1": 0.5652828565282856
      }
    }
  ],
  "vln_trajectory": {
    "points": [
      [
        0.4211515385838201,
        2.43485590982723,
        -0.14106273651123247
      ],
      [
        0.4211515385838201,
        2.43485590982723,
        -0.14106273651123247
      ],
      [
        0.4211515385838201,
        2.43485590982723,
        -0.14106273651123247
      ],
      [
        0.4211515385838201,
        2.43485590982723,
        -0.14106273651123247
      ],
      [
        0.4211515385838201,
        2.43485590982723,
        -0.14106273651123247
      ],
      [
        0.4211515385838201,
        2.43485590982723,
        -0.14106273651123247
      ],
      [
        0.4211515385838201,
        2.43485590982723,
        -0.14106273651123247
      ],
      [
        0.4211515385838201,
        2.43485590982723,
        -0.14106273651123247
      ],
      [
        0.4211515385838201,
        2.43485590982723,
        -0.14106273651123247
      ],
      [
        0.4211515385838201,
        2.43485590982723,
        -0.14106273651123247
      ],
      [
        0.2158733124317515,
        2.2921644599507216,
        -0.14106273651123247
      ],
      [
        0.01059508627968292,
        2.149473010074213,
        -0.14106273651123247
      ],
      [
        0.01059508627968292,
        2.149473010074213,
        -0.14106273651123247
      ],
      [
        0.01059508627968292,
        2.149473010074213,
        -0.14106273651123247
      ],
      [
        0.01059508627968292,
        2.149473010074213,
        -0.14106273651123247
      ],
      [
        0.01059508627968292,
        2.149473010074213,
        -0.14106273651123247
      ],
      [
        0.01059508627968292,
        2.149473010074213,
        -0.14106273651123247
      ],
      [
        0.01059508627968292,
        2.149473010074213,
        -0.14106273651123247
      ],
      [
        0.01059508627968292,
        2.149473010074213,
        -0.14106273651123247
      ],
      [
        0.01059508627968292,
        2.149473010074213,
        -0.14106273651123247
      ],
      [
        0.01059508627968292,
        2.149473010074213,
        -0.14106273651123247
      ]
    ],
    "color": [
      108,
      147,
      125
    ]
  },
  "images": {
    "start": "images/start.png",
    "target": "images/target.png",
    "context": [
      "images/context_0.png",
      "images/context_1.png",
      "images/context_2.png"
    ],
    "renders": {
      "iperceive": "images/render_iperceive.png",
      "nbv_l": "images/render_nbv_l.png",
      "vln": "images/render_vln.png",
      "vlm": "images/render_vlm.png"
    }
  }
}