{
  "dataset": "hssd",
  "data_name": "20260501_124002_03e019",
  "instruction": "Look closely to the upper tower on the tower rack",
  "target_2d_coord": null,
  "fov_rad": 0.8726646221409238,
  "gt_cameras": [
    {
      "label": "start",
      "pose": [
        [
          0.7036435472523713,
          -0.09336727047788491,
          0.7043921572629903,
          3.668951448116241
        ],
        [
          -0.7105531355290045,
          -0.09245934485591865,
          0.6975424798094483,
          11.178258743479219
        ],
        [
          7.294211245284215e-18,
          -0.9913293208375932,
          -0.13140082818489468,
          1.566896379769278
        ],
        [
          0.0,
          0.0,
          0.0,
          1.0
        ]
      ],
      "color": [
        0,
        0,
        0
      ],
      "visible": false
    },
    {
      "label": "context_0",
      "pose": [
        [
          0.4939937858806095,
          -0.11003589537870734,
          0.8624744720660606,
          3.038668951514239
        ],
        [
          -0.8694654189843563,
          -0.06251778249875649,
          0.49002181105185183,
          11.04305018666435
        ],
        [
          -1.7044143874045403e-12,
          -0.9919594646407803,
          -0.12655580406153671,
          1.5478756660510495
        ],
        [
          0.0,
          0.0,
          0.0,
          1.0
        ]
      ],
      "color": [
        0,
        0,
        0
      ],
      "visible": false
    },
    {
      "label": "context_1",
      "pose": [
        [
          0.26432073650631727,
          -0.15469635675264856,
          0.9519472677746925,
          4.540446661746198
        ],
        [
          -0.9644348457556773,
          -0.04239732248124037,
          0.26089828794137904,
          12.832742789793889
        ],
        [
          -4.910862327900389e-09,
          -0.9870519394695684,
          -0.16040104862625454,
          1.6317919472204039
        ],
        [
          0.0,
          0.0,
          0.0,
          1.0
        ]
      ],
      "color": [
        0,
        0,
        0
      ],
      "visible": false
    },
    {
      "label": "target",
      "pose": [
        [
          0.9999395850230359,
          0.0032778692959262237,
          -0.01049281505478522,
          5.034662594575025
        ],
        [
          0.010992909029555353,
          -0.2981627804112757,
          0.9544516980831149,
          13.38971908381723
        ],
        [
          6.325881471425099e-09,
          -0.954509392093026,
          -0.29818079821282073,
          1.6889778140040201
        ],
        [
          0.0,
          0.0,
          0.0,
          1.0
        ]
      ],
      "color": [
        144,
        238,
        144
      ],
      "visible": true
    }
  ],
  "algorithms": [
    {
      "key": "iperceive",
      "paper_name": "I-Perceive (Ours)",
      "color": [
        255,
        102,
        31
      ],
      "pose": [
        [
          0.9590152011027895,
          -0.05496021230377472,
          0.2779734180159313,
          4.563726535261833
        ],
        [
          -0.2831976162104716,
          -0.15325763571808262,
          0.9467371727363489,
          12.86689648969522
        ],
        [
          -0.009431329610092645,
          -0.9866567072578222,
          -0.16254100564818513,
          1.50464337289382
        ],
        [
          0.0,
          0.0,
          0.0,
          1.0
        ]
      ],
      "metrics": {
        "coverage_iou": 0.14982578397212543,
        "trans_error": 0.7273948717194164,
        "rot_error": 0.3296713498700388,
        "soft_f1": 0.5326460481099656
      }
    },
    {
      "key": "nbv_l",
      "paper_name": "NBV+L",
      "color": [
        30,
        85,
        230
      ],
      "pose": [
        [
          0.20791169081775934,
          -0.10224426555364698,
          0.9727892058317135,
          4.450705301573269
        ],
        [
          -0.9781476007338057,
          -0.021732689536559883,
          0.20677272882130043,
          13.966764751213839
        ],
        [
          0.0,
          -0.9945218953682733,
          -0.10452846326765347,
          1.6006005538319137
        ],
        [
          0.0,
          0.0,
          0.0,
          1.0
        ]
      ],
      "metrics": {
        "coverage_iou": 0.08319467554076539,
        "trans_error": 0.825710769567842,
        "rot_error": 1.3842729869049553,
        "soft_f1": 0.4590932921277007
      }
    },
    {
      "key": "vln",
      "paper_name": "VLN+P",
      "color": [
        20,
        107,
        58
      ],
      "pose": [
        [
          0.7036435472523721,
          0.0,
          0.7105531355290035,
          3.668951448116239
        ],
        [
          -0.7105531355290035,
          0.0,
          0.7036435472523721,
          11.178258743479219
        ],
        [
          0.0,
          -0.9999999999999999,
          0.0,
          1.5668963797692788
        ],
        [
          0.0,
          0.0,
          0.0,
          1.0
        ]
      ],
      "metrics": {
        "coverage_iou": 0.043370944992947816,
        "trans_error": 2.6020429025341176,
        "rot_error": 0.8536736777527577,
        "soft_f1": 0.17340666450986736
      }
    },
    {
      "key": "vlm",
      "paper_name": "VLM",
      "color": [
        0,
        200,
        209
      ],
      "pose": [
        [
          0.9483040954117758,
          0.030773205339844942,
          0.3158676185656979,
          4.200982616475627
        ],
        [
          -0.31736310848183574,
          0.091952580097673,
          0.9438354625612071,
          12.046371554091126
        ],
        [
          0.0,
          -0.9952877638384252,
          0.09696528839490569,
          1.4170049735150585
        ],
        [
          0.0,
          0.0,
          0.0,
          1.0
        ]
      ],
      "metrics": {
        "coverage_iou": 0.0403573629081947,
        "trans_error": 1.6042362291479069,
        "rot_error": 0.519564003214072,
        "soft_f1": 0.17613956105796286
      }
    }
  ],
  "vln_trajectory": {
    "points": [
      [
        3.668951448116239,
        11.178258743479219,
        1.5668963797692788
      ],
      [
        3.668951448116239,
        11.178258743479219,
        1.5668963797692788
      ],
      [
        3.668951448116239,
        11.178258743479219,
        1.5668963797692788
      ],
      [
        3.668951448116239,
        11.178258743479219,
        1.5668963797692788
      ],
      [
        3.668951448116239,
        11.178258743479219,
        1.5668963797692788
      ],
      [
        3.668951448116239,
        11.178258743479219,
        1.5668963797692788
      ],
      [
        3.668951448116239,
        11.178258743479219,
        1.5668963797692788
      ],
      [
        3.668951448116239,
        11.178258743479219,
        1.5668963797692788
      ],
      [
        3.668951448116239,
        11.178258743479219,
        1.5668963797692788
      ],
      [
        3.668951448116239,
        11.178258743479219,
        1.5668963797692788
      ],
      [
        3.668951448116239,
        11.178258743479219,
        1.5668963797692788
      ],
      [
        3.668951448116239,
        11.178258743479219,
        1.5668963797692788
      ],
      [
        3.668951448116239,
        11.178258743479219,
        1.5668963797692788
      ],
      [
        3.668951448116239,
        11.178258743479219,
        1.5668963797692788
      ],
      [
        3.668951448116239,
        11.178258743479219,
        1.5668963797692788
      ],
      [
        3.668951448116239,
        11.178258743479219,
        1.5668963797692788
      ],
      [
        3.668951448116239,
        11.178258743479219,
        1.5668963797692788
      ],
      [
        3.668951448116239,
        11.178258743479219,
        1.5668963797692788
      ],
      [
        3.668951448116239,
        11.178258743479219,
        1.5668963797692788
      ],
      [
        3.668951448116239,
        11.178258743479219,
        1.5668963797692788
      ],
      [
        3.668951448116239,
        11.178258743479219,
        1.5668963797692788
      ]
    ],
    "color": [
      108,
      147,
      125
    ]
  },
  "images": {
    "start": "images/start.png",
    "target": "images/target.png",
    "context": [
      "images/context_0.png",
      "images/context_1.png"
    ],
    "renders": {
      "iperceive": "images/render_iperceive.png",
      "nbv_l": "images/render_nbv_l.png",
      "vln": "images/render_vln.png",
      "vlm": "images/render_vlm.png"
    }
  }
}