{
  "dataset": "replica",
  "data_name": "apartment_2_20260502_101712_816431",
  "instruction": "inspect the phota on the wall",
  "target_2d_coord": null,
  "fov_rad": 1.0471975667402222,
  "gt_cameras": [
    {
      "label": "start",
      "pose": [
        [
          -0.8994615987650592,
          -0.018696278261671254,
          0.436599681088026,
          2.8952734482421216
        ],
        [
          -0.4369998081773078,
          0.038481903244625915,
          -0.8986380310089639,
          4.820296727160128
        ],
        [
          -3.4662702464166183e-18,
          -0.9990843769681484,
          -0.042783264229913444,
          -0.16107261180877724
        ],
        [
          0.0,
          0.0,
          0.0,
          1.0
        ]
      ],
      "color": [
        0,
        0,
        0
      ],
      "visible": false
    },
    {
      "label": "context_0",
      "pose": [
        [
          0.04944391985300317,
          -0.11241962333975908,
          0.99242989469956,
          2.209409664812963
        ],
        [
          -0.9987769212966056,
          -0.005565274996684607,
          0.04912972457520082,
          4.456066762704647
        ],
        [
          -4.1188329830132986e-10,
          -0.993645209888033,
          -0.11255729010012352,
          -0.16107261069867987
        ],
        [
          0.0,
          0.0,
          0.0,
          1.0
        ]
      ],
      "color": [
        0,
        0,
        0
      ],
      "visible": false
    },
    {
      "label": "context_1",
      "pose": [
        [
          -0.5252907372242015,
          0.11098050317422266,
          -0.8436545325708033,
          5.661384801080651
        ],
        [
          0.8509228236036651,
          0.06851035866404043,
          -0.5208038800025498,
          4.387125898823345
        ],
        [
          -1.9588818067628466e-10,
          -0.9914583286181474,
          -0.13042370780605736,
          -0.16107259917278685
        ],
        [
          0.0,
          0.0,
          0.0,
          1.0
        ]
      ],
      "color": [
        0,
        0,
        0
      ],
      "visible": false
    },
    {
      "label": "context_2",
      "pose": [
        [
          0.25605918221974683,
          0.1375670175758113,
          -0.9568223229377895,
          5.896109965238534
        ],
        [
          0.9666610856465626,
          -0.036440173912079266,
          0.25345299450922903,
          3.0111880408527565
        ],
        [
          -3.90572279379553e-09,
          -0.9898218886599575,
          -0.14231152857558022,
          -0.16107260433025122
        ],
        [
          0.0,
          0.0,
          0.0,
          1.0
        ]
      ],
      "color": [
        0,
        0,
        0
      ],
      "visible": false
    },
    {
      "label": "target",
      "pose": [
        [
          -0.974512127185104,
          0.021771847717755963,
          0.22327585793894766,
          4.448066611580764
        ],
        [
          -0.22433483350442482,
          -0.0945770612779313,
          -0.9699119080321387,
          3.6382697032527327
        ],
        [
          1.3661785990687347e-09,
          -0.9952794483427299,
          0.09705067217763036,
          -0.16107261939622158
        ],
        [
          0.0,
          0.0,
          0.0,
          1.0
        ]
      ],
      "color": [
        144,
        238,
        144
      ],
      "visible": true
    }
  ],
  "algorithms": [
    {
      "key": "iperceive",
      "paper_name": "I-Perceive (Ours)",
      "color": [
        255,
        102,
        31
      ],
      "pose": [
        [
          -0.9460501782517544,
          0.03293448433293664,
          0.3223420380992088,
          3.9640719467237036
        ],
        [
          -0.32386716594692283,
          -0.06554419560203281,
          -0.9438294039642968,
          3.661507356617707
        ],
        [
          -0.009956887108978046,
          -0.9973060644330171,
          0.07267450825483776,
          -0.05757089481774513
        ],
        [
          0.0,
          0.0,
          0.0,
          1.0
        ]
      ],
      "metrics": {
        "coverage_iou": 0.7595238095238095,
        "trans_error": 0.49548304383942,
        "rot_error": 0.10699981690198751,
        "soft_f1": 0.9416998098358081
      }
    },
    {
      "key": "nbv_l",
      "paper_name": "NBV+L",
      "color": [
        30,
        85,
        230
      ],
      "pose": [
        [
          -0.7071067811865478,
          0.0,
          0.7071067811865472,
          4.3485228821753354
        ],
        [
          -0.7071067811865472,
          0.0,
          -0.7071067811865478,
          2.4440612400696535
        ],
        [
          0.0,
          -1.0,
          0.0,
          -0.06532474301999919
        ],
        [
          0.0,
          0.0,
          0.0,
          1.0
        ]
      ],
      "metrics": {
        "coverage_iou": 0.328314997104806,
        "trans_error": 1.202169088684652,
        "rot_error": 0.5673059838554791,
        "soft_f1": 0.6581196581196581
      }
    },
    {
      "key": "vln",
      "paper_name": "VLN+P",
      "color": [
        20,
        107,
        58
      ],
      "pose": [
        [
          0.4369998081773082,
          0.0,
          0.8994615987650589,
          2.4047586459957153
        ],
        [
          -0.8994615987650589,
          0.0,
          0.4369998081773082,
          3.402765341695535
        ],
        [
          0.0,
          -1.0,
          0.0,
          -0.1610726118087773
        ],
        [
          0.0,
          0.0,
          0.0,
          1.0
        ]
      ],
      "metrics": {
        "coverage_iou": 0.0,
        "trans_error": 2.0568349067346263,
        "rot_error": 1.7986759057987265,
        "soft_f1": 0.0
      }
    },
    {
      "key": "vlm",
      "paper_name": "VLM",
      "color": [
        0,
        200,
        209
      ],
      "pose": [
        [
          -0.8478789190038202,
          0.036573299890172176,
          0.5289269632416718,
          3.5369037021263843
        ],
        [
          -0.530189908154534,
          -0.058487967232758675,
          -0.8458592193622213,
          3.906571182203528
        ],
        [
          0.0,
          -0.997617938603814,
          0.0689815089417209,
          -0.13199374540898184
        ],
        [
          0.0,
          0.0,
          0.0,
          1.0
        ]
      ],
      "metrics": {
        "coverage_iou": 0.48798842257597685,
        "trans_error": 0.9502889740354936,
        "rot_error": 0.3337438559473397,
        "soft_f1": 0.7535596933187294
      }
    }
  ],
  "vln_trajectory": {
    "points": [
      [
        2.8952734482421225,
        4.820296727160128,
        -0.1610726118087773
      ],
      [
        2.8952734482421225,
        4.820296727160128,
        -0.1610726118087773
      ],
      [
        2.8952734482421225,
        4.820296727160128,
        -0.1610726118087773
      ],
      [
        2.8952734482421225,
        4.820296727160128,
        -0.1610726118087773
      ],
      [
        2.8952734482421225,
        4.820296727160128,
        -0.1610726118087773
      ],
      [
        2.8952734482421225,
        4.820296727160128,
        -0.1610726118087773
      ],
      [
        2.8952734482421225,
        4.820296727160128,
        -0.1610726118087773
      ],
      [
        2.8952734482421225,
        4.820296727160128,
        -0.1610726118087773
      ],
      [
        2.650016047118919,
        4.1115310344278315,
        -0.1610726118087773
      ],
      [
        2.4047586459957153,
        3.402765341695535,
        -0.1610726118087773
      ],
      [
        2.4047586459957153,
        3.402765341695535,
        -0.1610726118087773
      ],
      [
        2.4047586459957153,
        3.402765341695535,
        -0.1610726118087773
      ],
      [
        2.4047586459957153,
        3.402765341695535,
        -0.1610726118087773
      ],
      [
        2.4047586459957153,
        3.402765341695535,
        -0.1610726118087773
      ],
      [
        2.4047586459957153,
        3.402765341695535,
        -0.1610726118087773
      ],
      [
        2.4047586459957153,
        3.402765341695535,
        -0.1610726118087773
      ],
      [
        2.4047586459957153,
        3.402765341695535,
        -0.1610726118087773
      ],
      [
        2.4047586459957153,
        3.402765341695535,
        -0.1610726118087773
      ],
      [
        2.4047586459957153,
        3.402765341695535,
        -0.1610726118087773
      ],
      [
        2.4047586459957153,
        3.402765341695535,
        -0.1610726118087773
      ],
      [
        2.4047586459957153,
        3.402765341695535,
        -0.1610726118087773
      ]
    ],
    "color": [
      108,
      147,
      125
    ]
  },
  "images": {
    "start": "images/start.png",
    "target": "images/target.png",
    "context": [
      "images/context_0.png",
      "images/context_1.png",
      "images/context_2.png"
    ],
    "renders": {
      "iperceive": "images/render_iperceive.png",
      "nbv_l": "images/render_nbv_l.png",
      "vln": "images/render_vln.png",
      "vlm": "images/render_vlm.png"
    }
  }
}