{
  "dataset": "hssd",
  "data_name": "20260504_100101_a08af6",
  "instruction": "Move closer to the towel hanging above the bathtub",
  "target_2d_coord": null,
  "fov_rad": 0.8726646221409238,
  "gt_cameras": [
    {
      "label": "start",
      "pose": [
        [
          0.9980603305507135,
          -0.033928704125834215,
          0.05219597319087152,
          -7.819023709531647
        ],
        [
          -0.06225412902772456,
          -0.5439461475704974,
          0.8368076313957791,
          8.699462850175026
        ],
        [
          5.817803988894415e-18,
          -0.8384339160479831,
          -0.5450032737703909,
          1.4091384305478738
        ],
        [
          0.0,
          0.0,
          0.0,
          1.0
        ]
      ],
      "color": [
        0,
        0,
        0
      ],
      "visible": false
    },
    {
      "label": "context_0",
      "pose": [
        [
          0.9125157830641123,
          0.04183991441762736,
          -0.40689595789005367,
          -7.639477492829586
        ],
        [
          0.4090414513210413,
          -0.0933391323594161,
          0.9077295186636793,
          8.215205600166934
        ],
        [
          1.0350746926235388e-09,
          -0.9947548557740179,
          -0.10228768980382169,
          1.3649580239274242
        ],
        [
          0.0,
          0.0,
          0.0,
          1.0
        ]
      ],
      "color": [
        0,
        0,
        0
      ],
      "visible": false
    },
    {
      "label": "context_1",
      "pose": [
        [
          0.8507840231621259,
          0.2328932714294351,
          -0.4710916270476533,
          -7.352436645558179
        ],
        [
          0.5255155465812162,
          -0.3770428117718214,
          0.7626743512605688,
          8.862908962131373
        ],
        [
          1.2016841077766571e-08,
          -0.8964371000445873,
          -0.44317104428769266,
          1.4136195598225973
        ],
        [
          0.0,
          0.0,
          0.0,
          1.0
        ]
      ],
      "color": [
        0,
        0,
        0
      ],
      "visible": false
    },
    {
      "label": "context_2",
      "pose": [
        [
          0.9999396007261382,
          0.0015508933490627833,
          -0.010882960710540401,
          -7.6756659019136375
        ],
        [
          0.010992910395010852,
          -0.1410728200140024,
          0.9899381864694581,
          7.878154518909288
        ],
        [
          -3.897083003523427e-10,
          -0.9899980080317039,
          -0.14108135684334278,
          1.5676190456108805
        ],
        [
          0.0,
          0.0,
          0.0,
          1.0
        ]
      ],
      "color": [
        0,
        0,
        0
      ],
      "visible": false
    },
    {
      "label": "target",
      "pose": [
        [
          0.6896234728870598,
          -0.16818395751296214,
          0.704367534356842,
          -7.667422003494063
        ],
        [
          -0.7241681185443325,
          -0.1601611619101619,
          0.670767403753798,
          9.992598733441799
        ],
        [
          -7.954181535652083e-09,
          -0.9726574762891302,
          -0.23224434163507587,
          1.2422285344110868
        ],
        [
          0.0,
          0.0,
          0.0,
          1.0
        ]
      ],
      "color": [
        144,
        238,
        144
      ],
      "visible": true
    }
  ],
  "algorithms": [
    {
      "key": "iperceive",
      "paper_name": "I-Perceive (Ours)",
      "color": [
        255,
        102,
        31
      ],
      "pose": [
        [
          0.8785545474076173,
          -0.11390822216793346,
          0.46386076500242485,
          -7.477271908875597
        ],
        [
          -0.47348993162015607,
          -0.33546793494242877,
          0.8144129773065407,
          9.929895733921025
        ],
        [
          0.06284207478298912,
          -0.9351395811036983,
          -0.3486613244813101,
          1.3232967258797919
        ],
        [
          0.0,
          0.0,
          0.0,
          1.0
        ]
      ],
      "metrics": {
        "coverage_iou": 0.751453488372093,
        "trans_error": 0.2160110544437288,
        "rot_error": 0.340463621876042,
        "soft_f1": 0.981865688501839
      }
    },
    {
      "key": "nbv_l",
      "paper_name": "NBV+L",
      "color": [
        30,
        85,
        230
      ],
      "pose": [
        [
          -0.7071067811865476,
          0.0,
          0.7071067811865476,
          -6.958749424324921
        ],
        [
          -0.7071067811865476,
          0.0,
          -0.7071067811865476,
          10.484065129314072
        ],
        [
          0.0,
          -1.0,
          0.0,
          1.1628193515449943
        ],
        [
          0.0,
          0.0,
          0.0,
          1.0
        ]
      ],
      "metrics": {
        "coverage_iou": 0.032362459546925564,
        "trans_error": 0.8660611191382671,
        "rot_error": 1.560374594210083,
        "soft_f1": 0.1644534341746548
      }
    },
    {
      "key": "vln",
      "paper_name": "VLN+P",
      "color": [
        20,
        107,
        58
      ],
      "pose": [
        [
          0.998060330550713,
          -0.010810316057906418,
          0.061308348923526025,
          -8.095495620783568
        ],
        [
          -0.06225412902772509,
          -0.1733113576017855,
          0.9828975515002694,
          8.282853582048752
        ],
        [
          0.0,
          -0.9848077530122084,
          -0.17364817766693022,
          1.4091384305478738
        ],
        [
          0.0,
          0.0,
          0.0,
          1.0
        ]
      ],
      "metrics": {
        "coverage_iou": 0.35883905013192613,
        "trans_error": 1.7704051504011071,
        "rot_error": 0.7498128421231794,
        "soft_f1": 0.6291440009232103
      }
    },
    {
      "key": "vlm",
      "paper_name": "VLM",
      "color": [
        0,
        200,
        209
      ],
      "pose": [
        [
          0.8394080576162296,
          0.0389923069683756,
          0.5421012016277335,
          -7.290620248533447
        ],
        [
          -0.5435017137129823,
          0.0602214414940825,
          0.8372450448795898,
          9.98007161649771
        ],
        [
          0.0,
          -0.9974231689617296,
          0.071742748890332,
          0.6737368322200947
        ],
        [
          0.0,
          0.0,
          0.0,
          1.0
        ]
      ],
      "metrics": {
        "coverage_iou": 0.5845410628019324,
        "trans_error": 0.6821431600898809,
        "rot_error": 0.3855499031484746,
        "soft_f1": 0.9138425601494978
      }
    }
  ],
  "vln_trajectory": {
    "points": [
      [
        -7.819023709531647,
        8.699462850175026,
        1.4091384305478738
      ],
      [
        -7.819023709531647,
        8.699462850175026,
        1.4091384305478738
      ],
      [
        -7.819023709531647,
        8.699462850175026,
        1.4091384305478738
      ],
      [
        -7.819023709531647,
        8.699462850175026,
        1.4091384305478738
      ],
      [
        -7.819023709531647,
        8.699462850175026,
        1.4091384305478738
      ],
      [
        -7.819023709531647,
        8.699462850175026,
        1.4091384305478738
      ],
      [
        -7.819023709531647,
        8.699462850175026,
        1.4091384305478738
      ],
      [
        -7.819023709531647,
        8.699462850175026,
        1.4091384305478738
      ],
      [
        -7.819023709531647,
        8.699462850175026,
        1.4091384305478738
      ],
      [
        -7.819023709531647,
        8.699462850175026,
        1.4091384305478738
      ],
      [
        -7.819023709531647,
        8.699462850175026,
        1.4091384305478738
      ],
      [
        -7.819023709531647,
        8.699462850175026,
        1.4091384305478738
      ],
      [
        -7.819023709531647,
        8.699462850175026,
        1.4091384305478738
      ],
      [
        -7.819023709531647,
        8.699462850175026,
        1.4091384305478738
      ],
      [
        -8.095495620783568,
        8.282853582048752,
        1.4091384305478738
      ],
      [
        -8.095495620783568,
        8.282853582048752,
        1.4091384305478738
      ],
      [
        -8.095495620783568,
        8.282853582048752,
        1.4091384305478738
      ],
      [
        -8.095495620783568,
        8.282853582048752,
        1.4091384305478738
      ],
      [
        -8.095495620783568,
        8.282853582048752,
        1.4091384305478738
      ],
      [
        -8.095495620783568,
        8.282853582048752,
        1.4091384305478738
      ],
      [
        -8.095495620783568,
        8.282853582048752,
        1.4091384305478738
      ]
    ],
    "color": [
      108,
      147,
      125
    ]
  },
  "images": {
    "start": "images/start.png",
    "target": "images/target.png",
    "context": [
      "images/context_0.png",
      "images/context_1.png",
      "images/context_2.png"
    ],
    "renders": {
      "iperceive": "images/render_iperceive.png",
      "nbv_l": "images/render_nbv_l.png",
      "vln": "images/render_vln.png",
      "vlm": "images/render_vlm.png"
    }
  }
}