{
  "dataset": "replica",
  "data_name": "frl_apartment_4_20260504_075246_260708",
  "instruction": "Look at the stack of plates and bowls on the countertop",
  "target_2d_coord": null,
  "fov_rad": 1.0471975667402222,
  "gt_cameras": [
    {
      "label": "start",
      "pose": [
        [
          0.42618869927787545,
          0.12336504598593093,
          -0.8961831609870394,
          3.3428309674850305
        ],
        [
          0.904634286663861,
          -0.05811938510422098,
          0.4222072292930031,
          -4.254381072779349
        ],
        [
          7.570059885338703e-18,
          -0.9906579644377753,
          -0.1363700755151349,
          0.07694179421663082
        ],
        [
          0.0,
          0.0,
          0.0,
          1.0
        ]
      ],
      "color": [
        0,
        0,
        0
      ],
      "visible": false
    },
    {
      "label": "context_0",
      "pose": [
        [
          -0.6712309025790791,
          -0.12014017778287722,
          0.7314474658362169,
          0.1824564653396359
        ],
        [
          -0.7412482864291603,
          0.10879188437739658,
          -0.6623558443634073,
          -0.9939077760396198
        ],
        [
          5.082843548831484e-09,
          -0.9867778886398012,
          -0.16207819522337447,
          0.07694182645290115
        ],
        [
          0.0,
          0.0,
          0.0,
          1.0
        ]
      ],
      "color": [
        0,
        0,
        0
      ],
      "visible": false
    },
    {
      "label": "context_1",
      "pose": [
        [
          -0.00786804630810456,
          -0.25977385789635055,
          0.9656374458834636,
          2.2653026957693654
        ],
        [
          -0.9999690367024341,
          0.002043984574746721,
          -0.007597947958120244,
          -1.582954213589859
        ],
        [
          -7.44973687599737e-09,
          -0.9656673277156356,
          -0.259781899446046,
          0.07694182868854904
        ],
        [
          0.0,
          0.0,
          0.0,
          1.0
        ]
      ],
      "color": [
        0,
        0,
        0
      ],
      "visible": false
    },
    {
      "label": "context_2",
      "pose": [
        [
          -0.9134669984514855,
          0.06755728429760753,
          -0.4012655126431415,
          5.119446786031506
        ],
        [
          0.4069127515041939,
          0.15165745071129114,
          -0.900789663560305,
          -4.234600917413314
        ],
        [
          5.068039016231651e-09,
          -0.9861217271428873,
          -0.16602399477398921,
          0.07694178387247955
        ],
        [
          0.0,
          0.0,
          0.0,
          1.0
        ]
      ],
      "color": [
        0,
        0,
        0
      ],
      "visible": false
    },
    {
      "label": "context_3",
      "pose": [
        [
          0.5549272399333391,
          0.08867495623716456,
          -0.8271593299295946,
          4.6466709931450465
        ],
        [
          0.831898892640385,
          -0.05915159665625029,
          0.5517656556125236,
          -4.790356287704131
        ],
        [
          1.8303304288869171e-09,
          -0.9943026762634235,
          -0.10659343586396147,
          0.07694180220654112
        ],
        [
          0.0,
          0.0,
          0.0,
          1.0
        ]
      ],
      "color": [
        0,
        0,
        0
      ],
      "visible": false
    },
    {
      "label": "context_4",
      "pose": [
        [
          -0.5791816777558406,
          0.05115783379890125,
          -0.813591699976572,
          3.9803111843621117
        ],
        [
          0.81519846774876,
          0.03634657823927187,
          -0.5780401089180619,
          -0.6594621999255823
        ],
        [
          5.174095318860594e-10,
          -0.9980289346899608,
          -0.06275506332979668,
          0.07694180086857269
        ],
        [
          0.0,
          0.0,
          0.0,
          1.0
        ]
      ],
      "color": [
        0,
        0,
        0
      ],
      "visible": false
    },
    {
      "label": "target",
      "pose": [
        [
          -0.11943870932316752,
          0.4574132227656404,
          -0.8811966584293458,
          0.6293137003530003
        ],
        [
          0.9928415754614608,
          0.05502674533379426,
          -0.10600782613444187,
          -3.576648105843737
        ],
        [
          -1.1171694264122678e-09,
          -0.8875501094911877,
          -0.460711176546328,
          0.07694181304024195
        ],
        [
          0.0,
          0.0,
          0.0,
          1.0
        ]
      ],
      "color": [
        144,
        238,
        144
      ],
      "visible": true
    }
  ],
  "algorithms": [
    {
      "key": "iperceive",
      "paper_name": "I-Perceive (Ours)",
      "color": [
        255,
        102,
        31
      ],
      "pose": [
        [
          0.18560901252654807,
          0.5667728966054135,
          -0.8026941258393732,
          0.7932296288476643
        ],
        [
          0.9825512480490965,
          -0.11697022504172935,
          0.14460657328938942,
          -3.0920250644565046
        ],
        [
          -0.011932238156326113,
          -0.8155282892118229,
          -0.5785941235624634,
          -0.08041177213966161
        ],
        [
          0.0,
          0.0,
          0.0,
          1.0
        ]
      ],
      "metrics": {
        "coverage_iou": 0.15114155251141553,
        "trans_error": 0.5352457926219244,
        "rot_error": 0.33541022756869715,
        "soft_f1": 0.36863474049796996
      }
    },
    {
      "key": "nbv_l",
      "paper_name": "NBV+L",
      "color": [
        30,
        85,
        230
      ],
      "pose": [
        [
          -0.5446390350150273,
          -0.09434519350717337,
          0.8532062793099242,
          -0.4335392711216869
        ],
        [
          -0.838670567945424,
          0.12507985779662023,
          -0.5607854818819472,
          -3.3821149657052874
        ],
        [
          -0.053811505283103,
          -0.9870971467239732,
          -0.15080963108686884,
          -1.2843989756347494
        ],
        [
          0.0,
          0.0,
          0.0,
          1.0
        ]
      ],
      "metrics": {
        "coverage_iou": 0.0026690391459074734,
        "trans_error": 1.738029997030763,
        "rot_error": 2.458069430219888,
        "soft_f1": 0.05856179130185158
      }
    },
    {
      "key": "vln",
      "paper_name": "VLN+P",
      "color": [
        20,
        107,
        58
      ],
      "pose": [
        [
          0.9046342866638615,
          0.0,
          0.4261886992778749,
          3.342830967485031
        ],
        [
          -0.4261886992778749,
          0.0,
          0.9046342866638615,
          -4.25438107277935
        ],
        [
          0.0,
          -1.0,
          0.0,
          0.07694179421663083
        ],
        [
          0.0,
          0.0,
          0.0,
          1.0
        ]
      ],
      "metrics": {
        "coverage_iou": 0.0,
        "trans_error": 2.7968728866410744,
        "rot_error": 2.162222145626685,
        "soft_f1": 0.0
      }
    },
    {
      "key": "vlm",
      "paper_name": "VLM",
      "color": [
        0,
        200,
        209
      ],
      "pose": [
        [
          -0.1677706479896191,
          0.26824031530301773,
          -0.9486306672880025,
          1.789045929994047
        ],
        [
          0.985826054470637,
          0.04564989057779812,
          -0.1614406324847984,
          -3.918059030547833
        ],
        [
          0.0,
          -0.9622698274062076,
          -0.272097003408026,
          -0.03691321354501084
        ],
        [
          0.0,
          0.0,
          0.0,
          1.0
        ]
      ],
      "metrics": {
        "coverage_iou": 0.25914906277893485,
        "trans_error": 1.214291246915263,
        "rot_error": 0.2089922183035356,
        "soft_f1": 0.5146573855387846
      }
    }
  ],
  "vln_trajectory": {
    "points": [
      [
        3.342830967485031,
        -4.25438107277935,
        0.07694179421663083
      ],
      [
        3.342830967485031,
        -4.25438107277935,
        0.07694179421663083
      ],
      [
        3.342830967485031,
        -4.25438107277935,
        0.07694179421663083
      ],
      [
        3.342830967485031,
        -4.25438107277935,
        0.07694179421663083
      ],
      [
        3.342830967485031,
        -4.25438107277935,
        0.07694179421663083
      ],
      [
        3.342830967485031,
        -4.25438107277935,
        0.07694179421663083
      ],
      [
        3.342830967485031,
        -4.25438107277935,
        0.07694179421663083
      ],
      [
        3.342830967485031,
        -4.25438107277935,
        0.07694179421663083
      ],
      [
        3.342830967485031,
        -4.25438107277935,
        0.07694179421663083
      ],
      [
        3.342830967485031,
        -4.25438107277935,
        0.07694179421663083
      ],
      [
        3.342830967485031,
        -4.25438107277935,
        0.07694179421663083
      ],
      [
        3.342830967485031,
        -4.25438107277935,
        0.07694179421663083
      ],
      [
        3.342830967485031,
        -4.25438107277935,
        0.07694179421663083
      ],
      [
        3.342830967485031,
        -4.25438107277935,
        0.07694179421663083
      ]
    ],
    "color": [
      108,
      147,
      125
    ]
  },
  "images": {
    "start": "images/start.png",
    "target": "images/target.png",
    "context": [
      "images/context_0.png",
      "images/context_1.png",
      "images/context_2.png",
      "images/context_3.png",
      "images/context_4.png"
    ],
    "renders": {
      "iperceive": "images/render_iperceive.png",
      "nbv_l": "images/render_nbv_l.png",
      "vln": "images/render_vln.png",
      "vlm": "images/render_vlm.png"
    }
  }
}