{
  "dataset": "replica",
  "data_name": "apartment_0_20260501_093311_267465",
  "instruction": "Look at the vase on the glass dining table",
  "target_2d_coord": null,
  "fov_rad": 1.0471975667402222,
  "gt_cameras": [
    {
      "label": "start",
      "pose": [
        [
          0.49383901748430026,
          0.07815419335776799,
          -0.8660340333212879,
          3.8807969194682945
        ],
        [
          0.8695533478804742,
          -0.04438553442885875,
          0.49184031913144693,
          -8.432864144189946
        ],
        [
          -6.910810347183208e-18,
          -0.9959527330119945,
          -0.08987854919800825,
          -0.07476460933685525
        ],
        [
          0.0,
          0.0,
          0.0,
          1.0
        ]
      ],
      "color": [
        0,
        0,
        0
      ],
      "visible": false
    },
    {
      "label": "context_0",
      "pose": [
        [
          -0.011500586781103883,
          0.13755330360143675,
          -0.9904276048015251,
          2.688919020818845
        ],
        [
          0.9999338317237351,
          0.0015820453730104218,
          -0.011391236299156726,
          -7.881677266427394
        ],
        [
          -5.901261694585269e-09,
          -0.9904930741036164,
          -0.1375624031257576,
          -0.07476460970942632
        ],
        [
          0.0,
          0.0,
          0.0,
          1.0
        ]
      ],
      "color": [
        0,
        0,
        0
      ],
      "visible": false
    },
    {
      "label": "context_1",
      "pose": [
        [
          0.9916003453113369,
          -0.019839640699072722,
          0.1278088175598232,
          0.7504062000605587
        ],
        [
          -0.12933949746348156,
          -0.15210357660847654,
          0.9798652103502328,
          -6.340982934522452
        ],
        [
          4.729440755690817e-09,
          -0.9881654017537079,
          -0.15339200687920107,
          -0.07476460093315335
        ],
        [
          0.0,
          0.0,
          0.0,
          1.0
        ]
      ],
      "color": [
        0,
        0,
        0
      ],
      "visible": false
    },
    {
      "label": "context_2",
      "pose": [
        [
          0.9732767442940309,
          -0.04156325736642563,
          0.22584247392879359,
          -2.0154358128522474
        ],
        [
          -0.22963519616811334,
          -0.17616007214568313,
          0.9572018064547292,
          -5.0339621211253665
        ],
        [
          2.1747397493943055e-09,
          -0.9834836522588816,
          -0.18099689634755806,
          -0.07476462951314855
        ],
        [
          0.0,
          0.0,
          0.0,
          1.0
        ]
      ],
      "color": [
        0,
        0,
        0
      ],
      "visible": false
    },
    {
      "label": "target",
      "pose": [
        [
          0.8793517979675248,
          0.18893308546940513,
          -0.4370866562194688,
          0.5577638252972563
        ],
        [
          0.47617271024147984,
          -0.34890417772574817,
          0.8071712720217672,
          -5.748767319548072
        ],
        [
          -2.829131977299948e-09,
          -0.9179162163664151,
          -0.3967742998330331,
          0.09543537750826891
        ],
        [
          0.0,
          0.0,
          0.0,
          1.0
        ]
      ],
      "color": [
        144,
        238,
        144
      ],
      "visible": true
    }
  ],
  "algorithms": [
    {
      "key": "iperceive",
      "paper_name": "I-Perceive (Ours)",
      "color": [
        255,
        102,
        31
      ],
      "pose": [
        [
          0.8057552828146943,
          0.1731521969216629,
          -0.5663715276419632,
          0.84622685573096
        ],
        [
          0.5922455451120097,
          -0.2386549978829272,
          0.769603167242964,
          -5.920811275960365
        ],
        [
          -0.001908922086530332,
          -0.955542802354332,
          -0.29484612204633137,
          -0.1838717631600408
        ],
        [
          0.0,
          0.0,
          0.0,
          1.0
        ]
      ],
      "metrics": {
        "coverage_iou": 0.5134605971610376,
        "trans_error": 0.436832304419648,
        "rot_error": 0.1751925923353199,
        "soft_f1": 0.8326309336138371
      }
    },
    {
      "key": "nbv_l",
      "paper_name": "NBV+L",
      "color": [
        30,
        85,
        230
      ],
      "pose": [
        [
          0.8910065241883683,
          0.13455520988642966,
          -0.47063352876741743,
          2.3643124276719685
        ],
        [
          0.45399049973954575,
          -0.08887459642745539,
          0.9052555337085681,
          -9.65203821404676
        ],
        [
          0.07997948340457488,
          -0.98636422568916,
          -0.14383635324548943,
          -0.08699744500410728
        ],
        [
          0.0,
          0.0,
          0.0,
          1.0
        ]
      ],
      "metrics": {
        "coverage_iou": 0.0,
        "trans_error": 4.304930054084822,
        "rot_error": 0.2125534870431836,
        "soft_f1": 0.0
      }
    },
    {
      "key": "vln",
      "paper_name": "VLN+P",
      "color": [
        20,
        107,
        58
      ],
      "pose": [
        [
          0.8695533478804734,
          0.0,
          0.4938390174843006,
          3.880796919468294
        ],
        [
          -0.4938390174843006,
          0.0,
          0.8695533478804734,
          -8.432864144189946
        ],
        [
          0.0,
          -0.9999999999999998,
          0.0,
          -0.07476460933685525
        ],
        [
          0.0,
          0.0,
          0.0,
          1.0
        ]
      ],
      "metrics": {
        "coverage_iou": 0.0,
        "trans_error": 4.2750312233069385,
        "rot_error": 1.08522080690744,
        "soft_f1": 0.0
      }
    },
    {
      "key": "vlm",
      "paper_name": "VLM",
      "color": [
        0,
        200,
        209
      ],
      "pose": [
        [
          0.9035091908477154,
          0.12334565270694636,
          -0.4104351252171333,
          2.205939240625355
        ],
        [
          0.42856871333977065,
          -0.26003748617898603,
          0.8652799337370578,
          -6.926602443922906
        ],
        [
          -0.0,
          -0.9576880263112884,
          -0.28780834640431985,
          -0.17129502593925666
        ],
        [
          0.0,
          0.0,
          0.0,
          1.0
        ]
      ],
      "metrics": {
        "coverage_iou": 0.3499375390381012,
        "trans_error": 2.0432627114678596,
        "rot_error": 0.12774069678893335,
        "soft_f1": 0.6692315577792517
      }
    }
  ],
  "vln_trajectory": {
    "points": [
      [
        3.880796919468294,
        -8.432864144189946,
        -0.07476460933685525
      ],
      [
        3.880796919468294,
        -8.432864144189946,
        -0.07476460933685525
      ],
      [
        3.880796919468294,
        -8.432864144189946,
        -0.07476460933685525
      ],
      [
        3.880796919468294,
        -8.432864144189946,
        -0.07476460933685525
      ],
      [
        3.880796919468294,
        -8.432864144189946,
        -0.07476460933685525
      ],
      [
        3.880796919468294,
        -8.432864144189946,
        -0.07476460933685525
      ],
      [
        3.880796919468294,
        -8.432864144189946,
        -0.07476460933685525
      ],
      [
        3.880796919468294,
        -8.432864144189946,
        -0.07476460933685525
      ],
      [
        3.880796919468294,
        -8.432864144189946,
        -0.07476460933685525
      ],
      [
        3.880796919468294,
        -8.432864144189946,
        -0.07476460933685525
      ],
      [
        3.880796919468294,
        -8.432864144189946,
        -0.07476460933685525
      ],
      [
        3.880796919468294,
        -8.432864144189946,
        -0.07476460933685525
      ],
      [
        3.880796919468294,
        -8.432864144189946,
        -0.07476460933685525
      ],
      [
        3.880796919468294,
        -8.432864144189946,
        -0.07476460933685525
      ],
      [
        3.880796919468294,
        -8.432864144189946,
        -0.07476460933685525
      ],
      [
        3.880796919468294,
        -8.432864144189946,
        -0.07476460933685525
      ],
      [
        3.880796919468294,
        -8.432864144189946,
        -0.07476460933685525
      ],
      [
        3.880796919468294,
        -8.432864144189946,
        -0.07476460933685525
      ],
      [
        3.880796919468294,
        -8.432864144189946,
        -0.07476460933685525
      ],
      [
        3.880796919468294,
        -8.432864144189946,
        -0.07476460933685525
      ],
      [
        3.880796919468294,
        -8.432864144189946,
        -0.07476460933685525
      ]
    ],
    "color": [
      108,
      147,
      125
    ]
  },
  "images": {
    "start": "images/start.png",
    "target": "images/target.png",
    "context": [
      "images/context_0.png",
      "images/context_1.png",
      "images/context_2.png"
    ],
    "renders": {
      "iperceive": "images/render_iperceive.png",
      "nbv_l": "images/render_nbv_l.png",
      "vln": "images/render_vln.png",
      "vlm": "images/render_vlm.png"
    }
  }
}