{
  "dataset": "hssd",
  "data_name": "20260503_092052_fe33c6",
  "instruction": "Look at the painting above the armchair",
  "target_2d_coord": null,
  "fov_rad": 0.8726646221409238,
  "gt_cameras": [
    {
      "label": "start",
      "pose": [
        [
          0.859645717985483,
          -0.20148302239729798,
          0.46948251430151644,
          -15.509374910585922
        ],
        [
          -0.5108906336479694,
          -0.3390236697311565,
          0.7899707031357531,
          5.121345636315234
        ],
        [
          -2.5505962661453302e-17,
          -0.918949151502775,
          -0.3943760349619767,
          1.574662806667301
        ],
        [
          0.0,
          0.0,
          0.0,
          1.0
        ]
      ],
      "color": [
        0,
        0,
        0
      ],
      "visible": false
    },
    {
      "label": "context_0",
      "pose": [
        [
          0.9374918369486603,
          -0.1496376454435676,
          0.3141935369598986,
          -16.058644744876506
        ],
        [
          -0.34800718541727216,
          -0.40310682766174843,
          0.8464017248647354,
          5.932865997487187
        ],
        [
          1.251353881626116e-10,
          -0.9028363381165292,
          -0.42998434901459615,
          1.759689027357525
        ],
        [
          0.0,
          0.0,
          0.0,
          1.0
        ]
      ],
      "color": [
        0,
        0,
        0
      ],
      "visible": false
    },
    {
      "label": "context_1",
      "pose": [
        [
          -0.45311961917194304,
          -0.23656200466487454,
          0.8594888188792396,
          -16.65918989964124
        ],
        [
          -0.8914497423196832,
          0.12024335222816385,
          -0.4368740392666594,
          7.6191018000634045
        ],
        [
          1.9842033793793235e-08,
          -0.9641472525071086,
          -0.26536775136167,
          1.7928469822869566
        ],
        [
          0.0,
          0.0,
          0.0,
          1.0
        ]
      ],
      "color": [
        0,
        0,
        0
      ],
      "visible": false
    },
    {
      "label": "context_2",
      "pose": [
        [
          0.7849765192252612,
          -0.002942841039411781,
          0.6195185248966024,
          -16.338891588642863
        ],
        [
          -0.6195255110653554,
          -0.003728757258521731,
          0.7849676771248023,
          5.329868155756382
        ],
        [
          -1.797791429614115e-09,
          -0.9999887148870138,
          -0.004750156604912459,
          1.8400545101508823
        ],
        [
          0.0,
          0.0,
          0.0,
          1.0
        ]
      ],
      "color": [
        0,
        0,
        0
      ],
      "visible": false
    },
    {
      "label": "target",
      "pose": [
        [
          0.264320700149949,
          -0.07988275127566505,
          0.9611208482874392,
          -14.402634345828405
        ],
        [
          -0.9644348159776301,
          -0.02189330941164136,
          0.26341247240041676,
          6.533533952323694
        ],
        [
          -6.914919803424624e-09,
          -0.996563821277718,
          -0.082828556119556,
          1.791872466145711
        ],
        [
          0.0,
          0.0,
          0.0,
          1.0
        ]
      ],
      "color": [
        144,
        238,
        144
      ],
      "visible": true
    }
  ],
  "algorithms": [
    {
      "key": "iperceive",
      "paper_name": "I-Perceive (Ours)",
      "color": [
        255,
        102,
        31
      ],
      "pose": [
        [
          0.27610022655539157,
          -0.15549490736996097,
          0.948467159994193,
          -15.184974495749794
        ],
        [
          -0.9610841239007921,
          -0.03514548582347138,
          0.27401117581864665,
          6.180899071780671
        ],
        [
          -0.009273007345353718,
          -0.9872112790296369,
          -0.15914735338403665,
          1.79688003896327
        ],
        [
          0.0,
          0.0,
          0.0,
          1.0
        ]
      ],
      "metrics": {
        "coverage_iou": 0.3268186753528773,
        "trans_error": 0.8581564510839668,
        "rot_error": 0.07848449946384412,
        "soft_f1": 0.5978178127378838
      }
    },
    {
      "key": "nbv_l",
      "paper_name": "NBV+L",
      "color": [
        30,
        85,
        230
      ],
      "pose": [
        [
          0.0,
          0.0,
          1.0,
          -14.260303286283019
        ],
        [
          -1.0,
          0.0,
          0.0,
          6.899295806944398
        ],
        [
          0.0,
          -1.0,
          0.0,
          1.6046113338497734
        ],
        [
          0.0,
          0.0,
          0.0,
          1.0
        ]
      ],
      "metrics": {
        "coverage_iou": 0.6921373200442967,
        "trans_error": 0.4348638970236719,
        "rot_error": 0.27998439120819174,
        "soft_f1": 0.9153153153153153
      }
    },
    {
      "key": "vln",
      "paper_name": "VLN+P",
      "color": [
        20,
        107,
        58
      ],
      "pose": [
        [
          0.27098977359428705,
          -0.20013209824476985,
          -0.9415474952754442,
          -15.750020467189318
        ],
        [
          0.9625822264135759,
          0.05634194202231002,
          0.26506799686464905,
          5.189093079713808
        ],
        [
          6.938893903907228e-18,
          -0.9781476007338058,
          0.20791169081775926,
          1.5746628066673012
        ],
        [
          0.0,
          0.0,
          0.0,
          1.0
        ]
      ],
      "metrics": {
        "coverage_iou": 0.0,
        "trans_error": 1.9157636993613232,
        "rot_error": 2.6055951565698123,
        "soft_f1": 0.0
      }
    },
    {
      "key": "vlm",
      "paper_name": "VLM",
      "color": [
        0,
        200,
        209
      ],
      "pose": [
        [
          0.5622227793008886,
          0.17793368568314064,
          0.807616957433657,
          -14.287874581651707
        ],
        [
          -0.8269858199722557,
          0.12096745661174967,
          0.5490549407898085,
          5.824019668164145
        ],
        [
          0.0,
          -0.9765789665665021,
          0.21515929461657526,
          1.1399633317018778
        ],
        [
          0.0,
          0.0,
          0.0,
          1.0
        ]
      ],
      "metrics": {
        "coverage_iou": 0.5547309833024119,
        "trans_error": 0.9703431485304481,
        "rot_error": 0.44459925130558525,
        "soft_f1": 0.825801749271137
      }
    }
  ],
  "vln_trajectory": {
    "points": [
      [
        -15.509374910585924,
        5.121345636315236,
        1.5746628066673012
      ],
      [
        -15.509374910585924,
        5.121345636315236,
        1.5746628066673012
      ],
      [
        -15.509374910585924,
        5.121345636315236,
        1.5746628066673012
      ],
      [
        -15.509374910585924,
        5.121345636315236,
        1.5746628066673012
      ],
      [
        -15.509374910585924,
        5.121345636315236,
        1.5746628066673012
      ],
      [
        -15.509374910585924,
        5.121345636315236,
        1.5746628066673012
      ],
      [
        -15.509374910585924,
        5.121345636315236,
        1.5746628066673012
      ],
      [
        -15.509374910585924,
        5.121345636315236,
        1.5746628066673012
      ],
      [
        -15.509374910585924,
        5.121345636315236,
        1.5746628066673012
      ],
      [
        -15.509374910585924,
        5.121345636315236,
        1.5746628066673012
      ],
      [
        -15.750020467189318,
        5.189093079713808,
        1.5746628066673012
      ],
      [
        -15.750020467189318,
        5.189093079713808,
        1.5746628066673012
      ]
    ],
    "color": [
      108,
      147,
      125
    ]
  },
  "images": {
    "start": "images/start.png",
    "target": "images/target.png",
    "context": [
      "images/context_0.png",
      "images/context_1.png",
      "images/context_2.png"
    ],
    "renders": {
      "iperceive": "images/render_iperceive.png",
      "nbv_l": "images/render_nbv_l.png",
      "vln": "images/render_vln.png",
      "vlm": "images/render_vlm.png"
    }
  }
}