{
  "dataset": "replica",
  "data_name": "frl_apartment_5_20260504_080934_240374",
  "instruction": "Look inside the sink basin from above",
  "target_2d_coord": null,
  "fov_rad": 1.0471975667402222,
  "gt_cameras": [
    {
      "label": "start",
      "pose": [
        [
          -0.9803810968881037,
          -0.04008610180530891,
          0.1929922519339404,
          2.376071022115034
        ],
        [
          -0.19711140216760445,
          0.19937789506687342,
          -0.9598935097677368,
          0.7794406230610891
        ],
        [
          -1.1492988330309552e-18,
          -0.9791024253880476,
          -0.20336774719518036,
          -0.057989506334066576
        ],
        [
          0.0,
          0.0,
          0.0,
          1.0
        ]
      ],
      "color": [
        0,
        0,
        0
      ],
      "visible": false
    },
    {
      "label": "context_0",
      "pose": [
        [
          0.7001548254031762,
          -0.15079058549575744,
          0.6978863695644167,
          1.3942527241208718
        ],
        [
          -0.7139910681173635,
          -0.1478684731716171,
          0.6843622565841303,
          0.16658144958898669
        ],
        [
          -2.0013810053676195e-10,
          -0.9774441577022862,
          -0.21119396856883615,
          -0.057989514421788596
        ],
        [
          0.0,
          0.0,
          0.0,
          1.0
        ]
      ],
      "color": [
        0,
        0,
        0
      ],
      "visible": false
    },
    {
      "label": "context_1",
      "pose": [
        [
          -0.3879309843013296,
          -0.085406610044898,
          0.9177229027753011,
          4.519635005288109
        ],
        [
          -0.9216884199220872,
          0.035946924273272146,
          -0.386261854684113,
          4.651801736048356
        ],
        [
          2.1536129546362304e-09,
          -0.9956975086053714,
          -0.09266320566186291,
          -0.057989515533235544
        ],
        [
          0.0,
          0.0,
          0.0,
          1.0
        ]
      ],
      "color": [
        0,
        0,
        0
      ],
      "visible": false
    },
    {
      "label": "context_2",
      "pose": [
        [
          -0.8630145894544077,
          0.04278600359571253,
          -0.5033638711894928,
          5.244907805164969
        ],
        [
          0.5051790286185628,
          0.07309279079732381,
          -0.8599137314557942,
          2.975549413703326
        ],
        [
          6.02119756831776e-09,
          -0.9964069468238951,
          -0.08469474954596543,
          -0.057989486912572816
        ],
        [
          0.0,
          0.0,
          0.0,
          1.0
        ]
      ],
      "color": [
        0,
        0,
        0
      ],
      "visible": false
    },
    {
      "label": "context_3",
      "pose": [
        [
          -0.9432834828056769,
          -0.03868691634432878,
          0.3297264860571144,
          2.1849623897107673
        ],
        [
          -0.3319882979035913,
          0.10992173920674492,
          -0.9368569959012648,
          3.9687750101794554
        ],
        [
          -4.926652211190152e-10,
          -0.9931870847973487,
          -0.11653096267726737,
          -0.05798951826316383
        ],
        [
          0.0,
          0.0,
          0.0,
          1.0
        ]
      ],
      "color": [
        0,
        0,
        0
      ],
      "visible": false
    },
    {
      "label": "target",
      "pose": [
        [
          -0.9998305373058615,
          -0.009634956706249982,
          0.015686967126443352,
          2.9025993591905483
        ],
        [
          -0.018409602226051452,
          0.5232772665586636,
          -0.8519636368132087,
          -0.10551669451814527
        ],
        [
          8.042351645753953e-10,
          -0.8521080185786336,
          -0.5233659567926365,
          -0.00938949925944367
        ],
        [
          0.0,
          0.0,
          0.0,
          1.0
        ]
      ],
      "color": [
        144,
        238,
        144
      ],
      "visible": true
    }
  ],
  "algorithms": [
    {
      "key": "iperceive",
      "paper_name": "I-Perceive (Ours)",
      "color": [
        255,
        102,
        31
      ],
      "pose": [
        [
          -0.9964859080796303,
          -0.08331627602674088,
          -0.008610565780038104,
          2.788141687013389
        ],
        [
          -0.047227689811564666,
          0.6437879357306151,
          -0.7637450762573236,
          -0.3083711056914834
        ],
        [
          0.06917578743512562,
          -0.7606546800955896,
          -0.6454605021221513,
          -0.20190631485997101
        ],
        [
          0.0,
          0.0,
          0.0,
          1.0
        ]
      ],
      "metrics": {
        "coverage_iou": 0.5061295971978984,
        "trans_error": 0.30218076147047157,
        "rot_error": 0.16935088810092946,
        "soft_f1": 0.826222684703434
      }
    },
    {
      "key": "nbv_l",
      "paper_name": "NBV+L",
      "color": [
        30,
        85,
        230
      ],
      "pose": [
        [
          0.7071067811865475,
          -0.031997668794487066,
          0.7297052817717636,
          2.4294769205814872
        ],
        [
          -0.7071067811865477,
          -0.031997668794487066,
          0.7297052817717634,
          -1.367863662407375
        ],
        [
          0.0,
          -0.9986295347545739,
          -0.05233595624294382,
          -0.4226017402012291
        ],
        [
          0.0,
          0.0,
          0.0,
          1.0
        ]
      ],
      "metrics": {
        "coverage_iou": 0.0907840440165062,
        "trans_error": 1.410003256769555,
        "rot_error": 2.376263793126885,
        "soft_f1": 0.35392458449732056
      }
    },
    {
      "key": "vln",
      "paper_name": "VLN+P",
      "color": [
        20,
        107,
        58
      ],
      "pose": [
        [
          -0.8326129308785855,
          0.27692765631739097,
          -0.4796527707626934,
          2.6211662963370594
        ],
        [
          0.5538553126347819,
          0.41630646543929267,
          -0.7210639496602719,
          0.8287184736029901
        ],
        [
          -5.551115123125783e-17,
          -0.8660254037844387,
          -0.49999999999999994,
          -0.05798950633406656
        ],
        [
          0.0,
          0.0,
          0.0,
          1.0
        ]
      ],
      "metrics": {
        "coverage_iou": 0.009137983551629607,
        "trans_error": 0.9769144223263737,
        "rot_error": 0.6059900256913214,
        "soft_f1": 0.05853973492117581
      }
    },
    {
      "key": "vlm",
      "paper_name": "VLM",
      "color": [
        0,
        200,
        209
      ],
      "pose": [
        [
          -0.919412881403069,
          -0.25584352287365075,
          0.29870394258145616,
          2.655409311550999
        ],
        [
          -0.39329372421907033,
          0.5980920011389529,
          -0.6982879095784893,
          -0.34044260263679893
        ],
        [
          0.0,
          -0.7594932850112648,
          -0.6505151420395974,
          -0.1618468520367135
        ],
        [
          0.0,
          0.0,
          0.0,
          1.0
        ]
      ],
      "metrics": {
        "coverage_iou": 0.49300155520995337,
        "trans_error": 0.37354567064195987,
        "rot_error": 0.41632834264249163,
        "soft_f1": 0.8643587596033543
      }
    }
  ],
  "vln_trajectory": {
    "points": [
      [
        2.3760710221150334,
        0.779440623061089,
        -0.05798950633406656
      ],
      [
        2.3760710221150334,
        0.779440623061089,
        -0.05798950633406656
      ],
      [
        2.3760710221150334,
        0.779440623061089,
        -0.05798950633406656
      ],
      [
        2.6211662963370594,
        0.8287184736029901,
        -0.05798950633406656
      ],
      [
        2.6211662963370594,
        0.8287184736029901,
        -0.05798950633406656
      ],
      [
        2.6211662963370594,
        0.8287184736029901,
        -0.05798950633406656
      ],
      [
        2.6211662963370594,
        0.8287184736029901,
        -0.05798950633406656
      ],
      [
        2.6211662963370594,
        0.8287184736029901,
        -0.05798950633406656
      ]
    ],
    "color": [
      108,
      147,
      125
    ]
  },
  "images": {
    "start": "images/start.png",
    "target": "images/target.png",
    "context": [
      "images/context_0.png",
      "images/context_1.png",
      "images/context_2.png",
      "images/context_3.png"
    ],
    "renders": {
      "iperceive": "images/render_iperceive.png",
      "nbv_l": "images/render_nbv_l.png",
      "vln": "images/render_vln.png",
      "vlm": "images/render_vlm.png"
    }
  }
}