{
  "dataset": "hssd",
  "data_name": "20260430_114009_513b09",
  "instruction": "Check the trash inside the trash bin",
  "target_2d_coord": null,
  "fov_rad": 0.8726646221409238,
  "gt_cameras": [
    {
      "label": "start",
      "pose": [
        [
          0.923176834004024,
          -0.2369821523813254,
          0.30262847290204015,
          -7.058592976944116
        ],
        [
          -0.38437551061209213,
          -0.5691737041271553,
          0.7268402584969181,
          3.6816238276443514
        ],
        [
          2.1852660305280732e-17,
          -0.7873250624633307,
          -0.6165381140019751,
          1.6649438371117335
        ],
        [
          0.0,
          0.0,
          0.0,
          1.0
        ]
      ],
      "color": [
        0,
        0,
        0
      ],
      "visible": false
    },
    {
      "label": "context_0",
      "pose": [
        [
          0.6644578446519649,
          -0.4664822663934026,
          0.5838579178702596,
          -6.47199705226986
        ],
        [
          -0.7473257352430192,
          -0.41475594356806705,
          0.5191163271281926,
          4.694914860868594
        ],
        [
          2.411177230099426e-09,
          -0.7812629708587968,
          -0.6242020465955864,
          1.6800787740630694
        ],
        [
          0.0,
          0.0,
          0.0,
          1.0
        ]
      ],
      "color": [
        0,
        0,
        0
      ],
      "visible": false
    },
    {
      "label": "context_1",
      "pose": [
        [
          0.8507840049723521,
          0.09946084261188567,
          -0.5160175355913412,
          -6.015192661633108
        ],
        [
          0.5255155363201276,
          -0.16102231281941604,
          0.8354072403903425,
          3.300618911836355
        ],
        [
          1.1705076741197473e-08,
          -0.9819263484925607,
          -0.18926342231667959,
          1.3971483191090897
        ],
        [
          0.0,
          0.0,
          0.0,
          1.0
        ]
      ],
      "color": [
        0,
        0,
        0
      ],
      "visible": false
    },
    {
      "label": "target",
      "pose": [
        [
          0.9975772574249706,
          0.04972243107848477,
          -0.04865425938211254,
          -6.231791139123253
        ],
        [
          0.0695669293220097,
          -0.7130107359087395,
          0.6976934220903065,
          5.289255414435708
        ],
        [
          3.950172883238068e-09,
          -0.6993878586537725,
          -0.7147423388964003,
          0.8805927123602773
        ],
        [
          0.0,
          0.0,
          0.0,
          1.0
        ]
      ],
      "color": [
        144,
        238,
        144
      ],
      "visible": true
    }
  ],
  "algorithms": [
    {
      "key": "iperceive",
      "paper_name": "I-Perceive (Ours)",
      "color": [
        255,
        102,
        31
      ],
      "pose": [
        [
          0.9754129627038768,
          -0.1443005231051468,
          0.16657416463279864,
          -6.395602819979621
        ],
        [
          -0.21993593769161204,
          -0.6855976552826633,
          0.6939625819431847,
          5.055010955768967
        ],
        [
          0.014063688525714643,
          -0.7135357427036992,
          -0.7004776749251213,
          0.7820080630348971
        ],
        [
          0.0,
          0.0,
          0.0,
          1.0
        ]
      ],
      "metrics": {
        "coverage_iou": 0.2727272727272727,
        "trans_error": 0.3023634684902277,
        "rot_error": 0.29227631490256945,
        "soft_f1": 0.6639389994420679
      }
    },
    {
      "key": "nbv_l",
      "paper_name": "NBV+L",
      "color": [
        30,
        85,
        230
      ],
      "pose": [
        [
          0.0,
          0.11712713498714514,
          -1.0262887178360112,
          -8.113472228335358
        ],
        [
          1.0,
          0.0,
          0.0,
          5.0742219997066424
        ],
        [
          0.0,
          -0.992546151641322,
          -0.12186934340514746,
          1.1131104843853883
        ],
        [
          0.0,
          0.0,
          0.0,
          1.0
        ]
      ],
      "metrics": {
        "coverage_iou": 0.0,
        "trans_error": 1.9081477039008996,
        "rot_error": 1.617511313394266,
        "soft_f1": 0.0
      }
    },
    {
      "key": "vln",
      "paper_name": "VLN+P",
      "color": [
        20,
        107,
        58
      ],
      "pose": [
        [
          -0.38437551061209124,
          -0.5295124785698693,
          0.7562221908146356,
          -7.058592976944116
        ],
        [
          -0.9231768340040241,
          0.220468735597497,
          -0.3148619852925197,
          3.68162382764435
        ],
        [
          -2.7755575615628914e-17,
          -0.8191520442889917,
          -0.5735764363510457,
          1.6649438371117333
        ],
        [
          0.0,
          0.0,
          0.0,
          1.0
        ]
      ],
      "metrics": {
        "coverage_iou": 0.0,
        "trans_error": 1.9706058413096934,
        "rot_error": 2.0402500200874902,
        "soft_f1": 0.0
      }
    },
    {
      "key": "vlm",
      "paper_name": "VLM",
      "color": [
        0,
        200,
        209
      ],
      "pose": [
        [
          0.9911151525579736,
          -0.08600826901276329,
          0.1014560596091377,
          -6.647311381929549
        ],
        [
          -0.13300659521236066,
          -0.6409012916068553,
          0.7560124205637628,
          4.438922818161952
        ],
        [
          0.0,
          -0.7627896905950503,
          -0.6466466484270271,
          1.218744196419486
        ],
        [
          0.0,
          0.0,
          0.0,
          1.0
        ]
      ],
      "metrics": {
        "coverage_iou": 0.13343799058084774,
        "trans_error": 1.0050219243637712,
        "rot_error": 0.22327667024371872,
        "soft_f1": 0.4104918032786885
      }
    }
  ],
  "vln_trajectory": {
    "points": [
      [
        -7.058592976944116,
        3.68162382764435,
        1.6649438371117333
      ],
      [
        -7.058592976944116,
        3.68162382764435,
        1.6649438371117333
      ],
      [
        -7.058592976944116,
        3.68162382764435,
        1.6649438371117333
      ],
      [
        -7.058592976944116,
        3.68162382764435,
        1.6649438371117333
      ],
      [
        -7.058592976944116,
        3.68162382764435,
        1.6649438371117333
      ],
      [
        -7.058592976944116,
        3.68162382764435,
        1.6649438371117333
      ],
      [
        -7.058592976944116,
        3.68162382764435,
        1.6649438371117333
      ],
      [
        -7.058592976944116,
        3.68162382764435,
        1.6649438371117333
      ],
      [
        -7.058592976944116,
        3.68162382764435,
        1.6649438371117333
      ],
      [
        -7.058592976944116,
        3.68162382764435,
        1.6649438371117333
      ],
      [
        -7.058592976944116,
        3.68162382764435,
        1.6649438371117333
      ],
      [
        -7.058592976944116,
        3.68162382764435,
        1.6649438371117333
      ],
      [
        -7.058592976944116,
        3.68162382764435,
        1.6649438371117333
      ],
      [
        -7.058592976944116,
        3.68162382764435,
        1.6649438371117333
      ],
      [
        -7.058592976944116,
        3.68162382764435,
        1.6649438371117333
      ],
      [
        -7.058592976944116,
        3.68162382764435,
        1.6649438371117333
      ],
      [
        -7.058592976944116,
        3.68162382764435,
        1.6649438371117333
      ],
      [
        -7.058592976944116,
        3.68162382764435,
        1.6649438371117333
      ],
      [
        -7.058592976944116,
        3.68162382764435,
        1.6649438371117333
      ],
      [
        -7.058592976944116,
        3.68162382764435,
        1.6649438371117333
      ],
      [
        -7.058592976944116,
        3.68162382764435,
        1.6649438371117333
      ]
    ],
    "color": [
      108,
      147,
      125
    ]
  },
  "images": {
    "start": "images/start.png",
    "target": "images/target.png",
    "context": [
      "images/context_0.png",
      "images/context_1.png"
    ],
    "renders": {
      "iperceive": "images/render_iperceive.png",
      "nbv_l": "images/render_nbv_l.png",
      "vln": "images/render_vln.png",
      "vlm": "images/render_vlm.png"
    }
  }
}