{
  "dataset": "hssd",
  "data_name": "20260503_082526_348359",
  "instruction": "Look at the top of the toilet tank",
  "target_2d_coord": null,
  "fov_rad": 0.8726646221409238,
  "gt_cameras": [
    {
      "label": "start",
      "pose": [
        [
          -0.5563317043443063,
          0.23222909918677132,
          -0.7978500361798954,
          -7.789002391468216
        ],
        [
          0.8309603087641186,
          0.1554784376417116,
          -0.5341642263266354,
          0.7220654363155041
        ],
        [
          -2.6649632690710742e-17,
          -0.9601542068435639,
          -0.279470748166256,
          1.5877128187585843
        ],
        [
          0.0,
          0.0,
          0.0,
          1.0
        ]
      ],
      "color": [
        0,
        0,
        0
      ],
      "visible": false
    },
    {
      "label": "context_0",
      "pose": [
        [
          -0.36626129190267254,
          0.24692790056638692,
          -0.8971506470250392,
          -6.525022283946212
        ],
        [
          0.9305120496129715,
          0.09719393897363551,
          -0.3531298292920014,
          1.1955014829988375
        ],
        [
          2.1117333229292434e-09,
          -0.9641472692400708,
          -0.2653677638274022,
          1.233440458518133
        ],
        [
          0.0,
          0.0,
          0.0,
          1.0
        ]
      ],
      "color": [
        0,
        0,
        0
      ],
      "visible": false
    },
    {
      "label": "context_1",
      "pose": [
        [
          0.7924850369800421,
          0.3713112041280695,
          -0.4838341451141773,
          -8.534061206173153
        ],
        [
          0.6098913782930938,
          -0.4824770271050426,
          0.6286878820139067,
          -1.2448057867559723
        ],
        [
          -2.3989289443804296e-09,
          -0.7933120200876027,
          -0.6088153235077722,
          1.3503211189393312
        ],
        [
          0.0,
          0.0,
          0.0,
          1.0
        ]
      ],
      "color": [
        0,
        0,
        0
      ],
      "visible": false
    },
    {
      "label": "target",
      "pose": [
        [
          -0.5024661828883329,
          0.5363764214602691,
          -0.6781062375201672,
          -9.000508112424376
        ],
        [
          0.8645968285324854,
          0.3117187188726812,
          -0.39408594430015187,
          -0.8891183320228878
        ],
        [
          7.206692256844782e-10,
          -0.7843033714918929,
          -0.6203775033607735,
          1.3829614611855696
        ],
        [
          0.0,
          0.0,
          0.0,
          1.0
        ]
      ],
      "color": [
        144,
        238,
        144
      ],
      "visible": true
    }
  ],
  "algorithms": [
    {
      "key": "iperceive",
      "paper_name": "I-Perceive (Ours)",
      "color": [
        255,
        102,
        31
      ],
      "pose": [
        [
          -0.2760078460831898,
          0.5297007583907498,
          -0.8020204750697719,
          -8.741274075805853
        ],
        [
          0.9602555420070944,
          0.1880658995906846,
          -0.20625346533206462,
          -0.9489743796289188
        ],
        [
          0.0415800953930819,
          -0.8270721271922202,
          -0.5605557865188552,
          1.0732617795033064
        ],
        [
          0.0,
          0.0,
          0.0,
          1.0
        ]
      ],
      "metrics": {
        "coverage_iou": 0.44966442953020136,
        "trans_error": 0.4082877797481693,
        "rot_error": 0.25912422608065033,
        "soft_f1": 0.8154664105221472
      }
    },
    {
      "key": "nbv_l",
      "paper_name": "NBV+L",
      "color": [
        30,
        85,
        230
      ],
      "pose": [
        [
          -0.707106781186548,
          0.3535533905932736,
          -0.7071067811865471,
          -8.972459485573857
        ],
        [
          0.7071067811865471,
          0.35355339059327406,
          -0.707106781186548,
          -0.638557376912744
        ],
        [
          0.0,
          -0.8660254037844386,
          -0.5000000000000001,
          0.5790371476890708
        ],
        [
          0.0,
          0.0,
          0.0,
          1.0
        ]
      ],
      "metrics": {
        "coverage_iou": 0.12,
        "trans_error": 0.8425330054850823,
        "rot_error": 0.0,
        "soft_f1": 0.4099983446449263
      }
    },
    {
      "key": "vln",
      "paper_name": "VLN+P",
      "color": [
        20,
        107,
        58
      ],
      "pose": [
        [
          -0.5563317043443067,
          0.11564732294543578,
          -0.8228734601607423,
          -7.789002391468216
        ],
        [
          0.8309603087641181,
          0.0774264084559955,
          -0.5509175224407428,
          0.7220654363155029
        ],
        [
          1.3877787807814457e-17,
          -0.9902680687415703,
          -0.1391731009600654,
          1.587712818758584
        ],
        [
          0.0,
          0.0,
          0.0,
          1.0
        ]
      ],
      "metrics": {
        "coverage_iou": 0.15913978494623657,
        "trans_error": 2.026223640190962,
        "rot_error": 0.5333039526712792,
        "soft_f1": 0.40652044670542287
      }
    },
    {
      "key": "vlm",
      "paper_name": "VLM",
      "color": [
        0,
        200,
        209
      ],
      "pose": [
        [
          -0.8307390821879053,
          0.2568399043108178,
          -0.4938682424282884,
          -8.380976715397045
        ],
        [
          0.5566619955822355,
          0.38329713195747994,
          -0.7370283110624539,
          0.1730984614457578
        ],
        [
          0.0,
          -0.8871959040633473,
          -0.46139292128642356,
          1.464427125884758
        ],
        [
          0.0,
          0.0,
          0.0,
          1.0
        ]
      ],
      "metrics": {
        "coverage_iou": 0.25070581592320723,
        "trans_error": 1.2323799186124764,
        "rot_error": 0.49137861444358183,
        "soft_f1": 0.5785999511042295
      }
    }
  ],
  "vln_trajectory": {
    "points": [
      [
        -7.789002391468216,
        0.7220654363155029,
        1.587712818758584
      ],
      [
        -7.789002391468216,
        0.7220654363155029,
        1.587712818758584
      ],
      [
        -7.789002391468216,
        0.7220654363155029,
        1.587712818758584
      ],
      [
        -7.789002391468216,
        0.7220654363155029,
        1.587712818758584
      ],
      [
        -7.789002391468216,
        0.7220654363155029,
        1.587712818758584
      ],
      [
        -7.789002391468216,
        0.7220654363155029,
        1.587712818758584
      ],
      [
        -7.789002391468216,
        0.7220654363155029,
        1.587712818758584
      ],
      [
        -7.789002391468216,
        0.7220654363155029,
        1.587712818758584
      ],
      [
        -7.789002391468216,
        0.7220654363155029,
        1.587712818758584
      ],
      [
        -7.789002391468216,
        0.7220654363155029,
        1.587712818758584
      ],
      [
        -7.789002391468216,
        0.7220654363155029,
        1.587712818758584
      ],
      [
        -7.789002391468216,
        0.7220654363155029,
        1.587712818758584
      ],
      [
        -7.789002391468216,
        0.7220654363155029,
        1.587712818758584
      ],
      [
        -7.789002391468216,
        0.7220654363155029,
        1.587712818758584
      ],
      [
        -7.789002391468216,
        0.7220654363155029,
        1.587712818758584
      ],
      [
        -7.789002391468216,
        0.7220654363155029,
        1.587712818758584
      ],
      [
        -7.789002391468216,
        0.7220654363155029,
        1.587712818758584
      ],
      [
        -7.789002391468216,
        0.7220654363155029,
        1.587712818758584
      ],
      [
        -7.789002391468216,
        0.7220654363155029,
        1.587712818758584
      ],
      [
        -7.789002391468216,
        0.7220654363155029,
        1.587712818758584
      ],
      [
        -7.789002391468216,
        0.7220654363155029,
        1.587712818758584
      ]
    ],
    "color": [
      108,
      147,
      125
    ]
  },
  "images": {
    "start": "images/start.png",
    "target": "images/target.png",
    "context": [
      "images/context_0.png",
      "images/context_1.png"
    ],
    "renders": {
      "iperceive": "images/render_iperceive.png",
      "nbv_l": "images/render_nbv_l.png",
      "vln": "images/render_vln.png",
      "vlm": "images/render_vlm.png"
    }
  }
}