{
  "dataset": "hssd",
  "data_name": "20260504_082456_ae98e0",
  "instruction": "Peek inside the washing machine from front",
  "target_2d_coord": null,
  "fov_rad": 0.8726646221409238,
  "gt_cameras": [
    {
      "label": "start",
      "pose": [
        [
          -0.5440925718878635,
          0.06132155748494589,
          -0.8367812974750753,
          -7.16481829582922
        ],
        [
          0.8390251922418361,
          0.03976591434043239,
          -0.542637446957192,
          9.819226077375811
        ],
        [
          0.0,
          -0.9973255930960009,
          -0.07308667016433383,
          1.320971014799612
        ],
        [
          0.0,
          0.0,
          0.0,
          1.0
        ]
      ],
      "color": [
        0,
        0,
        0
      ],
      "visible": false
    },
    {
      "label": "context_0",
      "pose": [
        [
          -0.4596405987135369,
          0.5056375488298175,
          -0.7301104134619637,
          -7.189768521253481
        ],
        [
          0.8881049896383207,
          0.26169377295638685,
          -0.37787017378419474,
          9.521544113335784
        ],
        [
          1.3264831247306041e-10,
          -0.8220991727918563,
          -0.5693443105091925,
          1.2837390046802806
        ],
        [
          0.0,
          0.0,
          0.0,
          1.0
        ]
      ],
      "color": [
        0,
        0,
        0
      ],
      "visible": false
    },
    {
      "label": "context_1",
      "pose": [
        [
          0.5087890507142088,
          0.09224162209179959,
          -0.8559352451138936,
          -6.56563680058214
        ],
        [
          0.8608912034312479,
          -0.054515054493753864,
          0.5058600904085069,
          7.194946061396054
        ],
        [
          2.6508162331850826e-10,
          -0.9942432176760061,
          -0.1071466647151835,
          1.1891584396043235
        ],
        [
          0.0,
          0.0,
          0.0,
          1.0
        ]
      ],
      "color": [
        0,
        0,
        0
      ],
      "visible": false
    },
    {
      "label": "target",
      "pose": [
        [
          -0.16896827319122537,
          0.15809471246716134,
          -0.9728595718636724,
          -7.3987318101664385
        ],
        [
          0.9856214720157237,
          0.02710268885420894,
          -0.16678046144979491,
          8.497515748588086
        ],
        [
          -2.3342040592067015e-09,
          -0.9870519110212133,
          -0.1604010387232826,
          0.6206955987384718
        ],
        [
          0.0,
          0.0,
          0.0,
          1.0
        ]
      ],
      "color": [
        144,
        238,
        144
      ],
      "visible": true
    }
  ],
  "algorithms": [
    {
      "key": "iperceive",
      "paper_name": "I-Perceive (Ours)",
      "color": [
        255,
        102,
        31
      ],
      "pose": [
        [
          -0.12045447961538913,
          0.5201468500451039,
          -0.845540009157742,
          -7.501682939263293
        ],
        [
          0.9924960830407704,
          0.08114081356826472,
          -0.09147464829427415,
          8.519647357689005
        ],
        [
          0.021027565690104902,
          -0.8502137358251776,
          -0.5260175333454659,
          0.856096151816508
        ],
        [
          0.0,
          0.0,
          0.0,
          1.0
        ]
      ],
      "metrics": {
        "coverage_iou": 0.5951742627345844,
        "trans_error": 0.25788015159694155,
        "rot_error": 0.39701731494726794,
        "soft_f1": 0.9389272437599576
      }
    },
    {
      "key": "nbv_l",
      "paper_name": "NBV+L",
      "color": [
        30,
        85,
        230
      ],
      "pose": [
        [
          0.7071067811865475,
          0.18301270189221897,
          -0.7071067811865476,
          -7.971368341798006
        ],
        [
          0.7071067811865475,
          -0.18301270189221897,
          0.7071067811865476,
          8.428497693530076
        ],
        [
          0.0,
          -0.9659258262890683,
          -0.2588190451025203,
          0.4695623953413329
        ],
        [
          0.0,
          0.0,
          0.0,
          1.0
        ]
      ],
      "metrics": {
        "coverage_iou": 0.11594202898550725,
        "trans_error": 0.596252747245768,
        "rot_error": 0.9481634144322453,
        "soft_f1": 0.4751381215469613
      }
    },
    {
      "key": "vln",
      "paper_name": "VLN+P",
      "color": [
        20,
        107,
        58
      ],
      "pose": [
        [
          -0.9780119501956864,
          0.08813655494539956,
          -0.18900945203028033,
          -7.216955509790573
        ],
        [
          0.2085488558454116,
          0.4133257103533325,
          -0.8863798462772507,
          9.57472308982689
        ],
        [
          1.3877787807814457e-17,
          -0.90630778703665,
          -0.42261826174069944,
          1.3209710147996123
        ],
        [
          0.0,
          0.0,
          0.0,
          1.0
        ]
      ],
      "metrics": {
        "coverage_iou": 0.08709106984969053,
        "trans_error": 1.297614709448965,
        "rot_error": 1.2185515981792845,
        "soft_f1": 0.25107651842752965
      }
    },
    {
      "key": "vlm",
      "paper_name": "VLM",
      "color": [
        0,
        200,
        209
      ],
      "pose": [
        [
          -0.6459053674086261,
          0.3288632872103322,
          -0.6889522441199696,
          -7.632228174540819
        ],
        [
          0.7634174849665992,
          0.27824167842067654,
          -0.5829024893041005,
          8.840299151115751
        ],
        [
          0.0,
          -0.9024580359855294,
          -0.43077777714866006,
          0.9422734061467894
        ],
        [
          0.0,
          0.0,
          0.0,
          1.0
        ]
      ],
      "metrics": {
        "coverage_iou": 0.48358862144420134,
        "trans_error": 0.5248174022638487,
        "rot_error": 0.6019627562324361,
        "soft_f1": 0.923292224263098
      }
    }
  ],
  "vln_trajectory": {
    "points": [
      [
        -7.16481829582922,
        9.819226077375811,
        1.3209710147996123
      ],
      [
        -7.16481829582922,
        9.819226077375811,
        1.3209710147996123
      ],
      [
        -7.16481829582922,
        9.819226077375811,
        1.3209710147996123
      ],
      [
        -7.16481829582922,
        9.819226077375811,
        1.3209710147996123
      ],
      [
        -7.16481829582922,
        9.819226077375811,
        1.3209710147996123
      ],
      [
        -7.16481829582922,
        9.819226077375811,
        1.3209710147996123
      ],
      [
        -7.16481829582922,
        9.819226077375811,
        1.3209710147996123
      ],
      [
        -7.16481829582922,
        9.819226077375811,
        1.3209710147996123
      ],
      [
        -7.16481829582922,
        9.819226077375811,
        1.3209710147996123
      ],
      [
        -7.16481829582922,
        9.819226077375811,
        1.3209710147996123
      ],
      [
        -7.16481829582922,
        9.819226077375811,
        1.3209710147996123
      ],
      [
        -7.16481829582922,
        9.819226077375811,
        1.3209710147996123
      ],
      [
        -7.16481829582922,
        9.819226077375811,
        1.3209710147996123
      ],
      [
        -7.16481829582922,
        9.819226077375811,
        1.3209710147996123
      ],
      [
        -7.16481829582922,
        9.819226077375811,
        1.3209710147996123
      ],
      [
        -7.16481829582922,
        9.819226077375811,
        1.3209710147996123
      ],
      [
        -7.216955509790573,
        9.57472308982689,
        1.3209710147996123
      ],
      [
        -7.216955509790573,
        9.57472308982689,
        1.3209710147996123
      ],
      [
        -7.216955509790573,
        9.57472308982689,
        1.3209710147996123
      ],
      [
        -7.216955509790573,
        9.57472308982689,
        1.3209710147996123
      ],
      [
        -7.216955509790573,
        9.57472308982689,
        1.3209710147996123
      ]
    ],
    "color": [
      108,
      147,
      125
    ]
  },
  "images": {
    "start": "images/start.png",
    "target": "images/target.png",
    "context": [
      "images/context_0.png",
      "images/context_1.png"
    ],
    "renders": {
      "iperceive": "images/render_iperceive.png",
      "nbv_l": "images/render_nbv_l.png",
      "vln": "images/render_vln.png",
      "vlm": "images/render_vlm.png"
    }
  }
}