{
  "dataset": "replica",
  "data_name": "office_3_20260504_100728_781361",
  "instruction": "Look at the blue armchair from the front",
  "target_2d_coord": null,
  "fov_rad": 1.0471975667402222,
  "gt_cameras": [
    {
      "label": "start",
      "pose": [
        [
          -0.9868408889872864,
          -0.04094310030950755,
          0.15642481375992728,
          0.10125868009903977
        ],
        [
          -0.16169434072589658,
          0.2498808883844815,
          -0.9546803034510558,
          1.845617478485197
        ],
        [
          -6.7127592779781735e-18,
          -0.9674105664903748,
          -0.25321294564609464,
          0.27930986881255976
        ],
        [
          0.0,
          0.0,
          0.0,
          1.0
        ]
      ],
      "color": [
        0,
        0,
        0
      ],
      "visible": false
    },
    {
      "label": "context_0",
      "pose": [
        [
          -0.17233896493681636,
          0.3042441861490496,
          -0.9368750037086191,
          2.646330165178211
        ],
        [
          0.9850377159587298,
          0.05322957430640979,
          -0.16391257540387358,
          -0.12333394361956196
        ],
        [
          -8.052683964088203e-09,
          -0.9511057433471908,
          -0.30886552755706365,
          0.2793099115094243
        ],
        [
          0.0,
          0.0,
          0.0,
          1.0
        ]
      ],
      "color": [
        0,
        0,
        0
      ],
      "visible": false
    },
    {
      "label": "context_1",
      "pose": [
        [
          0.5335533304182336,
          -0.10796271742310579,
          0.8388473421236957,
          -2.5838395221465995
        ],
        [
          -0.8457664416317648,
          -0.06810849391512366,
          0.5291884065235085,
          -0.510923104946041
        ],
        [
          7.538282859043122e-09,
          -0.9918191640037344,
          -0.12765075844108095,
          0.27930986029165755
        ],
        [
          0.0,
          0.0,
          0.0,
          1.0
        ]
      ],
      "color": [
        0,
        0,
        0
      ],
      "visible": false
    },
    {
      "label": "target",
      "pose": [
        [
          -0.7251165773522833,
          0.44886976755074154,
          -0.5222278450035722,
          -0.3878719194363542
        ],
        [
          0.6886261323842322,
          0.4726554512326737,
          -0.549900786097564,
          0.4520642367450074
        ],
        [
          2.1303402791827963e-08,
          -0.758361878881541,
          -0.6518337715947122,
          0.2793098988171461
        ],
        [
          0.0,
          0.0,
          0.0,
          1.0
        ]
      ],
      "color": [
        144,
        238,
        144
      ],
      "visible": true
    }
  ],
  "algorithms": [
    {
      "key": "iperceive",
      "paper_name": "I-Perceive (Ours)",
      "color": [
        255,
        102,
        31
      ],
      "pose": [
        [
          -0.7005590163481545,
          0.27970858837448714,
          -0.656490701665533,
          0.15413588120027882
        ],
        [
          0.713400400665839,
          0.29597382577570697,
          -0.6351844655200691,
          0.700395626370079
        ],
        [
          0.016637507353678443,
          -0.9133249750887559,
          -0.4068913793327005,
          -0.07297504700513846
        ],
        [
          0.0,
          0.0,
          0.0,
          1.0
        ]
      ],
      "metrics": {
        "coverage_iou": 0.32112556561085975,
        "trans_error": 0.6924922798095132,
        "rot_error": 0.2931409116352315,
        "soft_f1": 0.6208077182177871
      }
    },
    {
      "key": "nbv_l",
      "paper_name": "NBV+L",
      "color": [
        30,
        85,
        230
      ],
      "pose": [
        [
          0.0,
          0.25881904510252074,
          -1.0,
          -0.2086425615427323
        ],
        [
          1.0,
          0.0,
          0.0,
          -0.29140596821535447
        ],
        [
          0.0,
          -0.9659258262890684,
          -0.25881904510252074,
          -0.37897581753097276
        ],
        [
          0.0,
          0.0,
          0.0,
          1.0
        ]
      ],
      "metrics": {
        "coverage_iou": 0.10070921985815603,
        "trans_error": 1.0090644640536242,
        "rot_error": 0.9095142914979266,
        "soft_f1": 0.2953473862773446
      }
    },
    {
      "key": "vln",
      "paper_name": "VLN+P",
      "color": [
        20,
        107,
        58
      ],
      "pose": [
        [
          -0.6334518512104462,
          0.23911182162220543,
          -0.7359105169506472,
          0.10125868009903975
        ],
        [
          0.7737821089932606,
          0.19574738714229856,
          -0.602448510852923,
          1.8456174784851969
        ],
        [
          2.7755575615628914e-17,
          -0.9510565162951536,
          -0.3090169943749474,
          0.2793098688125597
        ],
        [
          0.0,
          0.0,
          0.0,
          1.0
        ]
      ],
      "metrics": {
        "coverage_iou": 0.21105432519401854,
        "trans_error": 1.4769019645561225,
        "rot_error": 0.41492054151118923,
        "soft_f1": 0.48583815330161373
      }
    },
    {
      "key": "vlm",
      "paper_name": "VLM",
      "color": [
        0,
        200,
        209
      ],
      "pose": [
        [
          -0.8174954750011048,
          0.3005057731338733,
          -0.4913221231187654,
          -0.17627422253635855
        ],
        [
          0.5759350209465631,
          0.42654483720211755,
          -0.6973939729475018,
          0.8257586797214203
        ],
        [
          0.0,
          -0.8530860344475416,
          -0.5217702730422344,
          0.003755532726272326
        ],
        [
          0.0,
          0.0,
          0.0,
          1.0
        ]
      ],
      "metrics": {
        "coverage_iou": 0.47132340352679336,
        "trans_error": 0.5102463275548372,
        "rot_error": 0.21718661277307594,
        "soft_f1": 0.7962821741773797
      }
    }
  ],
  "vln_trajectory": {
    "points": [
      [
        0.10125868009903975,
        1.8456174784851969,
        0.2793098688125597
      ],
      [
        0.10125868009903975,
        1.8456174784851969,
        0.2793098688125597
      ],
      [
        0.10125868009903975,
        1.8456174784851969,
        0.2793098688125597
      ],
      [
        0.10125868009903975,
        1.8456174784851969,
        0.2793098688125597
      ],
      [
        0.10125868009903975,
        1.8456174784851969,
        0.2793098688125597
      ],
      [
        0.10125868009903975,
        1.8456174784851969,
        0.2793098688125597
      ],
      [
        0.10125868009903975,
        1.8456174784851969,
        0.2793098688125597
      ],
      [
        0.10125868009903975,
        1.8456174784851969,
        0.2793098688125597
      ],
      [
        0.10125868009903975,
        1.8456174784851969,
        0.2793098688125597
      ],
      [
        0.10125868009903975,
        1.8456174784851969,
        0.2793098688125597
      ]
    ],
    "color": [
      108,
      147,
      125
    ]
  },
  "images": {
    "start": "images/start.png",
    "target": "images/target.png",
    "context": [
      "images/context_0.png",
      "images/context_1.png"
    ],
    "renders": {
      "iperceive": "images/render_iperceive.png",
      "nbv_l": "images/render_nbv_l.png",
      "vln": "images/render_vln.png",
      "vlm": "images/render_vlm.png"
    }
  }
}