{
  "dataset": "replica",
  "data_name": "apartment_0_20260501_093509_976459",
  "instruction": "Look at the air conditioning unit mounted on the wall",
  "target_2d_coord": null,
  "fov_rad": 1.0471975667402222,
  "gt_cameras": [
    {
      "label": "start",
      "pose": [
        [
          0.713929062371254,
          -0.14048408949421173,
          0.6859806954285845,
          -1.56609212061238
        ],
        [
          -0.7002180331166159,
          -0.14323492047794562,
          0.6994129421550437,
          -7.337912418153566
        ],
        [
          4.078684387365426e-17,
          -0.9796672793120422,
          -0.20062906530545638,
          -0.07476460933685503
        ],
        [
          0.0,
          0.0,
          0.0,
          1.0
        ]
      ],
      "color": [
        0,
        0,
        0
      ],
      "visible": false
    },
    {
      "label": "context_0",
      "pose": [
        [
          -0.945428287474749,
          -0.04159248823303566,
          0.3231647256851591,
          -2.121744650098189
        ],
        [
          -0.32583028183689255,
          0.12068463443730984,
          -0.9376938885140993,
          -2.9964951574538485
        ],
        [
          -2.463282716691495e-09,
          -0.9918191936794513,
          -0.1276507662534272,
          -0.07476458166163613
        ],
        [
          0.0,
          0.0,
          0.0,
          1.0
        ]
      ],
      "color": [
        0,
        0,
        0
      ],
      "visible": false
    },
    {
      "label": "context_1",
      "pose": [
        [
          -0.1700757482814249,
          -0.17060108575531918,
          0.9705511435557546,
          -1.6762497191472217
        ],
        [
          -0.9854310007693277,
          0.02944407330797208,
          -0.16750764688574615,
          -2.6661669463851183
        ],
        [
          7.878115132475827e-09,
          -0.9849001398493566,
          -0.1731233235788433,
          -0.07476464101643276
        ],
        [
          0.0,
          0.0,
          0.0,
          1.0
        ]
      ],
      "color": [
        0,
        0,
        0
      ],
      "visible": false
    },
    {
      "label": "context_2",
      "pose": [
        [
          0.7493589914356504,
          -0.09371160892874153,
          0.6554992438169739,
          0.1649689515093573
        ],
        [
          -0.6621639821421558,
          -0.10605173189355184,
          0.7418166336418744,
          -5.28370900523401
        ],
        [
          5.040275037615505e-10,
          -0.9899349394709164,
          -0.14152326663773496,
          -0.07476462123340621
        ],
        [
          0.0,
          0.0,
          0.0,
          1.0
        ]
      ],
      "color": [
        0,
        0,
        0
      ],
      "visible": false
    },
    {
      "label": "target",
      "pose": [
        [
          0.18207218971366534,
          0.44881948272210903,
          0.8748775855718911,
          0.6140105567142031
        ],
        [
          -0.9832851591912732,
          0.08310665596317773,
          0.1619986602411042,
          -5.359572954566767
        ],
        [
          9.307258672097696e-09,
          -0.889749618489961,
          0.4564489278996044,
          -0.07476462980875764
        ],
        [
          0.0,
          0.0,
          0.0,
          1.0
        ]
      ],
      "color": [
        144,
        238,
        144
      ],
      "visible": true
    }
  ],
  "algorithms": [
    {
      "key": "iperceive",
      "paper_name": "I-Perceive (Ours)",
      "color": [
        255,
        102,
        31
      ],
      "pose": [
        [
          0.39237800382007443,
          0.16770819613208843,
          0.9043856654165452,
          0.20653834546389227
        ],
        [
          -0.9198002984426852,
          0.06872910860565143,
          0.38632079435100575,
          -5.834747335535876
        ],
        [
          0.0026315357115482274,
          -0.9834379876498502,
          0.18122586908886118,
          0.001758053588588826
        ],
        [
          0.0,
          0.0,
          0.0,
          1.0
        ]
      ],
      "metrics": {
        "coverage_iou": 0.22601517179830433,
        "trans_error": 0.6306188692472319,
        "rot_error": 0.36479504108612265,
        "soft_f1": 0.4600968359064392
      }
    },
    {
      "key": "nbv_l",
      "paper_name": "NBV+L",
      "color": [
        30,
        85,
        230
      ],
      "pose": [
        [
          0.6018150231520484,
          0.35355339059327356,
          0.7986355100472929,
          1.396687000651426
        ],
        [
          -0.7986355100472929,
          0.35355339059327356,
          0.6018150231520484,
          -6.16154914385912
        ],
        [
          -0.06958655048003268,
          -0.8660254037844388,
          0.4951340343707849,
          0.2378941896602877
        ],
        [
          0.0,
          0.0,
          0.0,
          1.0
        ]
      ],
      "metrics": {
        "coverage_iou": 0.14817518248175182,
        "trans_error": 1.1634018129478465,
        "rot_error": 0.35444971277209464,
        "soft_f1": 0.40894322574213454
      }
    },
    {
      "key": "vln",
      "paper_name": "VLN+P",
      "color": [
        20,
        107,
        58
      ],
      "pose": [
        [
          0.8708322821775409,
          0.1519066495032672,
          0.4675205943636568,
          0.17097425475807243
        ],
        [
          -0.4915802440268073,
          0.2691019744431799,
          0.8282107165651303,
          -6.1023798729630645
        ],
        [
          -2.7755575615628914e-17,
          -0.9510565162951536,
          0.30901699437494745,
          -0.07476460933685525
        ],
        [
          0.0,
          0.0,
          0.0,
          1.0
        ]
      ],
      "metrics": {
        "coverage_iou": 0.061218147917961464,
        "trans_error": 0.8648950694896409,
        "rot_error": 0.8873708815863113,
        "soft_f1": 0.14262574372044373
      }
    },
    {
      "key": "vlm",
      "paper_name": "VLM",
      "color": [
        0,
        200,
        209
      ],
      "pose": [
        [
          0.27233527715299116,
          0.46797524379698857,
          0.8407334107855786,
          -0.27586412474516075
        ],
        [
          -0.9622024198774412,
          0.13245255373232664,
          0.23795550884940997,
          -6.418194417914073
        ],
        [
          0.0,
          -0.8737594017822836,
          0.4863584149545125,
          -0.4319702291906285
        ],
        [
          0.0,
          0.0,
          0.0,
          1.0
        ]
      ],
      "metrics": {
        "coverage_iou": 0.18245677233429394,
        "trans_error": 1.428339079743458,
        "rot_error": 0.0987299979532837,
        "soft_f1": 0.3839645635028887
      }
    }
  ],
  "vln_trajectory": {
    "points": [
      [
        -1.56609212061238,
        -7.337912418153566,
        -0.07476460933685525
      ],
      [
        -1.56609212061238,
        -7.337912418153566,
        -0.07476460933685525
      ],
      [
        -0.9202392803014754,
        -6.956632850562622,
        -0.07476460933685525
      ],
      [
        -0.9202392803014754,
        -6.956632850562622,
        -0.07476460933685525
      ],
      [
        -0.19771092826203307,
        -6.75550408459622,
        -0.07476460933685525
      ],
      [
        -0.19771092826203307,
        -6.75550408459622,
        -0.07476460933685525
      ],
      [
        0.17097425475807243,
        -6.1023798729630645,
        -0.07476460933685525
      ],
      [
        0.17097425475807243,
        -6.1023798729630645,
        -0.07476460933685525
      ]
    ],
    "color": [
      108,
      147,
      125
    ]
  },
  "images": {
    "start": "images/start.png",
    "target": "images/target.png",
    "context": [
      "images/context_0.png",
      "images/context_1.png",
      "images/context_2.png"
    ],
    "renders": {
      "iperceive": "images/render_iperceive.png",
      "nbv_l": "images/render_nbv_l.png",
      "vln": "images/render_vln.png",
      "vlm": "images/render_vlm.png"
    }
  }
}