{
  "dataset": "replica",
  "data_name": "frl_apartment_0_20260502_114908_739768",
  "instruction": "Look at the stand mixer from the front",
  "target_2d_coord": null,
  "fov_rad": 1.0471975667402222,
  "gt_cameras": [
    {
      "label": "start",
      "pose": [
        [
          -0.9971500295049782,
          0.009091228120296712,
          -0.07489438049337589,
          0.4275455835970834
        ],
        [
          0.07544414263693264,
          0.12015934003009728,
          -0.9898837883031069,
          0.8212061731502698
        ],
        [
          -1.7220825445973944e-18,
          -0.9927129910375889,
          -0.12050276936736272,
          -0.14106273651123244
        ],
        [
          0.0,
          0.0,
          0.0,
          1.0
        ]
      ],
      "color": [
        0,
        0,
        0
      ],
      "visible": false
    },
    {
      "label": "context_0",
      "pose": [
        [
          -0.021278827192760988,
          0.17977227575110585,
          -0.9834780917529687,
          3.409538738523905
        ],
        [
          0.9997735567222538,
          0.0038262083078901554,
          -0.02093199740791997,
          -2.081695487871477
        ],
        [
          -3.4340754684336616e-09,
          -0.9837008264526624,
          -0.17981298834543732,
          -0.1410627118247596
        ],
        [
          0.0,
          0.0,
          0.0,
          1.0
        ]
      ],
      "color": [
        0,
        0,
        0
      ],
      "visible": false
    },
    {
      "label": "context_1",
      "pose": [
        [
          0.15410303102322506,
          0.10728479233309267,
          -0.982212915531244,
          4.0745343722874265
        ],
        [
          0.9880548107586181,
          -0.01673279031102258,
          0.15319189295501295,
          -4.4732386994121995
        ],
        [
          -3.8992508111235225e-09,
          -0.99408754163399,
          -0.10858182707736966,
          -0.14106269769616797
        ],
        [
          0.0,
          0.0,
          0.0,
          1.0
        ]
      ],
      "color": [
        0,
        0,
        0
      ],
      "visible": false
    },
    {
      "label": "context_2",
      "pose": [
        [
          0.9758806717120179,
          0.057975387319788456,
          -0.21046547777617863,
          0.43623511267181625
        ],
        [
          0.21830452039096548,
          -0.25916578787895794,
          0.9408380371893508,
          -4.809261073100048
        ],
        [
          -3.883848041785765e-09,
          -0.964091241613177,
          -0.2655711801053465,
          -0.14106267676662776
        ],
        [
          0.0,
          0.0,
          0.0,
          1.0
        ]
      ],
      "color": [
        0,
        0,
        0
      ],
      "visible": false
    },
    {
      "label": "target",
      "pose": [
        [
          -0.03408851911339236,
          0.4227928885833202,
          -0.9055849924634413,
          0.08903925473635571
        ],
        [
          0.999418833473904,
          0.014420759378566336,
          -0.03088800261417507,
          -2.3938505413133586
        ],
        [
          6.633894752972047e-09,
          -0.9061115684714147,
          -0.42303875159651017,
          -0.14106275646750382
        ],
        [
          0.0,
          0.0,
          0.0,
          1.0
        ]
      ],
      "color": [
        144,
        238,
        144
      ],
      "visible": true
    }
  ],
  "algorithms": [
    {
      "key": "iperceive",
      "paper_name": "I-Perceive (Ours)",
      "color": [
        255,
        102,
        31
      ],
      "pose": [
        [
          -0.3724689096889964,
          0.30907496953014824,
          -0.8750654930690873,
          0.6928348911660798
        ],
        [
          0.9243854219273223,
          0.20720837070516218,
          -0.32027537519960714,
          -2.068746698120042
        ],
        [
          0.08233179367614347,
          -0.9281903688075432,
          -0.3628830608361049,
          -0.3000460015595118
        ],
        [
          0.0,
          0.0,
          0.0,
          1.0
        ]
      ],
      "metrics": {
        "coverage_iou": 0.2631578947368421,
        "trans_error": 0.7039440856054393,
        "rot_error": 0.36659793031811494,
        "soft_f1": 0.578950804552866
      }
    },
    {
      "key": "nbv_l",
      "paper_name": "NBV+L",
      "color": [
        30,
        85,
        230
      ],
      "pose": [
        [
          0.7071067811865477,
          0.1830127018922193,
          -0.7071067811865475,
          -0.2657162095538629
        ],
        [
          0.7071067811865475,
          -0.18301270189221935,
          0.7071067811865477,
          -3.1656998979353155
        ],
        [
          0.0,
          -0.9659258262890683,
          -0.25881904510252074,
          -0.24179436491907325
        ],
        [
          0.0,
          0.0,
          0.0,
          1.0
        ]
      ],
      "metrics": {
        "coverage_iou": 0.3310734463276836,
        "trans_error": 0.8554238362216261,
        "rot_error": 0.822651662285567,
        "soft_f1": 0.7981318243288746
      }
    },
    {
      "key": "vln",
      "paper_name": "VLN+P",
      "color": [
        20,
        107,
        58
      ],
      "pose": [
        [
          -0.18520797264517913,
          0.17064395082527958,
          -0.9677699359431464,
          0.8802844013936271
        ],
        [
          0.9826993471396336,
          0.03216102693922204,
          -0.18239424738064536,
          -2.6290795536124567
        ],
        [
          0.0,
          -0.984807753012208,
          -0.17364817766693033,
          -0.14106273651123247
        ],
        [
          0.0,
          0.0,
          0.0,
          1.0
        ]
      ],
      "metrics": {
        "coverage_iou": 0.24381625441696114,
        "trans_error": 0.8254705605119577,
        "rot_error": 0.3030023610423839,
        "soft_f1": 0.5214255933823068
      }
    },
    {
      "key": "vlm",
      "paper_name": "VLM",
      "color": [
        0,
        200,
        209
      ],
      "pose": [
        [
          -0.5244898087410421,
          -0.056845219652663245,
          -0.8495169577644848,
          0.20502904611439968
        ],
        [
          0.8514167255385491,
          -0.0350177973830724,
          -0.5233195136239934,
          -0.6964095875658458
        ],
        [
          0.0,
          -0.997768698080411,
          0.06676544863117033,
          -0.39891177626906626
        ],
        [
          0.0,
          0.0,
          0.0,
          1.0
        ]
      ],
      "metrics": {
        "coverage_iou": 0.10911424903722722,
        "trans_error": 1.7208268594234861,
        "rot_error": 0.7185047000319366,
        "soft_f1": 0.32868442382403085
      }
    }
  ],
  "vln_trajectory": {
    "points": [
      [
        0.42754558359708345,
        0.8212061731502698,
        -0.14106273651123247
      ],
      [
        0.370962476619384,
        0.0733436510215364,
        -0.14106273651123247
      ],
      [
        0.370962476619384,
        0.0733436510215364,
        -0.14106273651123247
      ],
      [
        0.5098684561032685,
        -0.6636808593331891,
        -0.14106273651123247
      ],
      [
        0.648774435587153,
        -1.4007053696879146,
        -0.14106273651123247
      ],
      [
        0.7876804150710375,
        -2.13772988004264,
        -0.14106273651123247
      ],
      [
        0.8802844013936271,
        -2.6290795536124567,
        -0.14106273651123247
      ],
      [
        0.8802844013936271,
        -2.6290795536124567,
        -0.14106273651123247
      ],
      [
        0.8802844013936271,
        -2.6290795536124567,
        -0.14106273651123247
      ],
      [
        0.8802844013936271,
        -2.6290795536124567,
        -0.14106273651123247
      ]
    ],
    "color": [
      108,
      147,
      125
    ]
  },
  "images": {
    "start": "images/start.png",
    "target": "images/target.png",
    "context": [
      "images/context_0.png",
      "images/context_1.png",
      "images/context_2.png"
    ],
    "renders": {
      "iperceive": "images/render_iperceive.png",
      "nbv_l": "images/render_nbv_l.png",
      "vln": "images/render_vln.png",
      "vlm": "images/render_vlm.png"
    }
  }
}