{
  "dataset": "hssd",
  "data_name": "20260503_081108_b5dc95",
  "instruction": "Prepare to open the drawers of the console table.",
  "target_2d_coord": [
    0.3287671232876712,
    0.5616438356164384
  ],
  "fov_rad": 0.8726646221409238,
  "gt_cameras": [
    {
      "label": "start",
      "pose": [
        [
          -0.4618088036941727,
          -0.13799323289328713,
          0.8761794887500026,
          -6.53831679800676
        ],
        [
          -0.88697949741274,
          0.07184663229108025,
          -0.4561857435276483,
          -1.023222105852331
        ],
        [
          5.072574754576077e-18,
          -0.9878238350556687,
          -0.15557657566584593,
          1.3501026756473518
        ],
        [
          0.0,
          0.0,
          0.0,
          1.0
        ]
      ],
      "color": [
        0,
        0,
        0
      ],
      "visible": false
    },
    {
      "label": "context_0",
      "pose": [
        [
          -0.7424360811697661,
          -0.04569707275509381,
          0.6683565542212139,
          -5.719414504862277
        ],
        [
          -0.6699169279236454,
          0.050643823946525196,
          -0.7407067824843075,
          0.7814457192966489
        ],
        [
          -2.8299772247830646e-09,
          -0.9976708018928552,
          -0.06821304399643591,
          0.988944599074338
        ],
        [
          0.0,
          0.0,
          0.0,
          1.0
        ]
      ],
      "color": [
        0,
        0,
        0
      ],
      "visible": false
    },
    {
      "label": "context_1",
      "pose": [
        [
          -0.43120919528411894,
          -0.0922892752827569,
          0.8975195332744741,
          -6.42456058367906
        ],
        [
          -0.9022519647243409,
          0.044107395602251236,
          -0.4289474445103656,
          0.9200874402639285
        ],
        [
          1.931533405441499e-11,
          -0.9947548410576145,
          -0.102287696617153,
          1.6360853783146039
        ],
        [
          0.0,
          0.0,
          0.0,
          1.0
        ]
      ],
      "color": [
        0,
        0,
        0
      ],
      "visible": false
    },
    {
      "label": "target",
      "pose": [
        [
          -0.8323169136674684,
          -0.2504934297351217,
          0.4944710636627281,
          -4.175024676909682
        ],
        [
          -0.5543000854813624,
          0.3761318519710634,
          -0.7424798078817111,
          -1.2852359371878683
        ],
        [
          3.3112109859567695e-09,
          -0.8920638276925337,
          -0.451909425234256,
          1.0678334259700162
        ],
        [
          0.0,
          0.0,
          0.0,
          1.0
        ]
      ],
      "color": [
        144,
        238,
        144
      ],
      "visible": true
    }
  ],
  "algorithms": [
    {
      "key": "iperceive",
      "paper_name": "I-Perceive (Ours)",
      "color": [
        255,
        102,
        31
      ],
      "pose": [
        [
          -0.9026371161496971,
          -0.22021506194952412,
          0.3697994844374476,
          -4.3254342926671505
        ],
        [
          -0.43027314499996394,
          0.4406289653021749,
          -0.7878522467597722,
          -1.0483615442191896
        ],
        [
          0.010552566359574647,
          -0.870259410629337,
          -0.49248067272962204,
          1.1154860651690761
        ],
        [
          0.0,
          0.0,
          0.0,
          1.0
        ]
      ],
      "metrics": {
        "coverage_iou": 0.6118181818181818,
        "trans_error": 0.2846107821877966,
        "rot_error": 0.1505392680343647,
        "soft_f1": 0.8980385615072152
      }
    },
    {
      "key": "nbv_l",
      "paper_name": "NBV+L",
      "color": [
        30,
        85,
        230
      ],
      "pose": [
        [
          -0.27563735581699916,
          0.08377947708437773,
          0.9576038049724329,
          -4.122219907132757
        ],
        [
          -0.9612616959383189,
          -0.0240233784752311,
          -0.27458847246092255,
          -2.1139457097505012
        ],
        [
          0.0,
          -0.9961946980917455,
          0.08715574274765817,
          0.6663299389150457
        ],
        [
          0.0,
          0.0,
          0.0,
          1.0
        ]
      ],
      "metrics": {
        "coverage_iou": 0.0,
        "trans_error": 0.9223628548837028,
        "rot_error": 0.8899579416750835,
        "soft_f1": 0.04926108374384236
      }
    },
    {
      "key": "vln",
      "paper_name": "VLN+P",
      "color": [
        20,
        107,
        58
      ],
      "pose": [
        [
          -0.300641080690188,
          0.403066822745978,
          -0.8643795908065496,
          -6.53831679800676
        ],
        [
          0.9537373540977807,
          0.1270564109291326,
          -0.2724733525326312,
          -1.0232221058523314
        ],
        [
          0.0,
          -0.9063077870366498,
          -0.4226182617406994,
          1.3501026756473518
        ],
        [
          0.0,
          0.0,
          0.0,
          1.0
        ]
      ],
      "metrics": {
        "coverage_iou": 0.0,
        "trans_error": 2.3944678810308577,
        "rot_error": 1.8531526219984609,
        "soft_f1": 0.0
      }
    },
    {
      "key": "vlm",
      "paper_name": "VLM",
      "color": [
        0,
        200,
        209
      ],
      "pose": [
        [
          -0.7788401907540559,
          -0.2544607731607861,
          0.5732867277275838,
          -5.394490956531645
        ],
        [
          -0.6272224145119383,
          0.31597129267483953,
          -0.7118666904267998,
          -1.1792523676956121
        ],
        [
          0.0,
          -0.9140086745364104,
          -0.40569464240016057,
          1.1789684424149212
        ],
        [
          0.0,
          0.0,
          0.0,
          1.0
        ]
      ],
      "metrics": {
        "coverage_iou": 0.25481088254810885,
        "trans_error": 1.2290977634024398,
        "rot_error": 0.10391905810136773,
        "soft_f1": 0.5572892403394595
      }
    }
  ],
  "vln_trajectory": {
    "points": [
      [
        -6.53831679800676,
        -1.0232221058523314,
        1.3501026756473518
      ],
      [
        -6.53831679800676,
        -1.0232221058523314,
        1.3501026756473518
      ],
      [
        -6.53831679800676,
        -1.0232221058523314,
        1.3501026756473518
      ],
      [
        -6.53831679800676,
        -1.0232221058523314,
        1.3501026756473518
      ],
      [
        -6.53831679800676,
        -1.0232221058523314,
        1.3501026756473518
      ],
      [
        -6.53831679800676,
        -1.0232221058523314,
        1.3501026756473518
      ],
      [
        -6.53831679800676,
        -1.0232221058523314,
        1.3501026756473518
      ],
      [
        -6.53831679800676,
        -1.0232221058523314,
        1.3501026756473518
      ],
      [
        -6.53831679800676,
        -1.0232221058523314,
        1.3501026756473518
      ],
      [
        -6.53831679800676,
        -1.0232221058523314,
        1.3501026756473518
      ],
      [
        -6.53831679800676,
        -1.0232221058523314,
        1.3501026756473518
      ]
    ],
    "color": [
      108,
      147,
      125
    ]
  },
  "images": {
    "start": "images/start.png",
    "target": "images/target.png",
    "context": [
      "images/context_0.png",
      "images/context_1.png"
    ],
    "renders": {
      "iperceive": "images/render_iperceive.png",
      "nbv_l": "images/render_nbv_l.png",
      "vln": "images/render_vln.png",
      "vlm": "images/render_vlm.png"
    }
  }
}