{
  "dataset": "replica",
  "data_name": "apartment_0_20260501_104409_872763",
  "instruction": "Look inside the sink basin from above",
  "target_2d_coord": null,
  "fov_rad": 1.0471975667402222,
  "gt_cameras": [
    {
      "label": "start",
      "pose": [
        [
          0.9907358930531747,
          0.007058561571219202,
          -0.13561919821571608,
          0.6092510225136349
        ],
        [
          0.13580276218151227,
          -0.0514950520121652,
          0.9893967199269138,
          -2.853844932657647
        ],
        [
          0.0,
          -0.9986483046232091,
          -0.05197656850149202,
          -0.07476460933685525
        ],
        [
          0.0,
          0.0,
          0.0,
          1.0
        ]
      ],
      "color": [
        0,
        0,
        0
      ],
      "visible": false
    },
    {
      "label": "context_0",
      "pose": [
        [
          -0.2738822837146844,
          0.06534950878598526,
          -0.9595404565453777,
          3.1101287073639416
        ],
        [
          0.9617632011847566,
          0.01860964277190639,
          -0.27324930620325183,
          2.3578002174492734
        ],
        [
          9.20342524413087e-10,
          -0.9976888877189676,
          -0.06794760368049761,
          -0.07476460669156398
        ],
        [
          0.0,
          0.0,
          0.0,
          1.0
        ]
      ],
      "color": [
        0,
        0,
        0
      ],
      "visible": false
    },
    {
      "label": "context_1",
      "pose": [
        [
          0.7011577922077367,
          -0.028512640435184266,
          0.7124358103205517,
          -1.538997625720683
        ],
        [
          -0.7130061298817318,
          -0.028038833391271188,
          0.7005969429264037,
          -1.3197073950943479
        ],
        [
          1.1088989032570495e-09,
          -0.9992001001111563,
          -0.039989333075770135,
          -0.07476461207601359
        ],
        [
          0.0,
          0.0,
          0.0,
          1.0
        ]
      ],
      "color": [
        0,
        0,
        0
      ],
      "visible": false
    },
    {
      "label": "context_2",
      "pose": [
        [
          0.831065114586416,
          -0.04555526887519976,
          0.5543063091809035,
          -0.9719244938524547
        ],
        [
          -0.5561751282938293,
          -0.06807099676553956,
          0.8282726650725079,
          -2.6853876848867615
        ],
        [
          -1.1610794756200526e-09,
          -0.9966398724983566,
          -0.08190813807771447,
          -0.07476460575739294
        ],
        [
          0.0,
          0.0,
          0.0,
          1.0
        ]
      ],
      "color": [
        0,
        0,
        0
      ],
      "visible": false
    },
    {
      "label": "target",
      "pose": [
        [
          0.9446652512117617,
          0.2098173646998236,
          -0.252159151744814,
          0.032827235742936556
        ],
        [
          0.3280359171251539,
          -0.6042239989325062,
          0.7261582506986669,
          1.4874409783248788
        ],
        [
          1.020487154501648e-08,
          -0.7686937267406473,
          -0.6396170446460001,
          -0.07476450597567874
        ],
        [
          0.0,
          0.0,
          0.0,
          1.0
        ]
      ],
      "color": [
        144,
        238,
        144
      ],
      "visible": true
    }
  ],
  "algorithms": [
    {
      "key": "iperceive",
      "paper_name": "I-Perceive (Ours)",
      "color": [
        255,
        102,
        31
      ],
      "pose": [
        [
          0.9273734559890912,
          0.2100789106407805,
          -0.3095889396114436,
          0.4563727952799155
        ],
        [
          0.3737287905681337,
          -0.48151361353213556,
          0.792761905615941,
          0.35936255414548546
        ],
        [
          0.017471263289007926,
          -0.8508886714114211,
          -0.5250554841259855,
          -0.1985416245163218
        ],
        [
          0.0,
          0.0,
          0.0,
          1.0
        ]
      ],
      "metrics": {
        "coverage_iou": 0.1469035045607297,
        "trans_error": 1.2113101546065235,
        "rot_error": 0.15074909197500944,
        "soft_f1": 0.39834667726804196
      }
    },
    {
      "key": "nbv_l",
      "paper_name": "NBV+L",
      "color": [
        30,
        85,
        230
      ],
      "pose": [
        [
          1.0,
          -8.66859150436298e-18,
          1.976868079635021e-16,
          -0.057665309728133156
        ],
        [
          -1.915645753895436e-16,
          -0.0452515371734859,
          1.0319591060169087,
          2.1433423861402883
        ],
        [
          0.0,
          -0.9986295347545738,
          -0.052335956242943765,
          -0.24684908150495327
        ],
        [
          0.0,
          0.0,
          0.0,
          1.0
        ]
      ],
      "metrics": {
        "coverage_iou": 0.03917050691244239,
        "trans_error": 0.6841116468254479,
        "rot_error": 0.7055668953993773,
        "soft_f1": 0.2321792260692464
      }
    },
    {
      "key": "vln",
      "paper_name": "VLN+P",
      "color": [
        20,
        107,
        58
      ],
      "pose": [
        [
          0.9907358930531747,
          0.057392727292736305,
          -0.12307910086619081,
          0.13394135487834213
        ],
        [
          0.13580276218151227,
          -0.41870308096625214,
          0.8979116547708019,
          0.6137306930284647
        ],
        [
          6.938893903907228e-18,
          -0.9063077870366499,
          -0.4226182617406994,
          -0.07476460933685525
        ],
        [
          0.0,
          0.0,
          0.0,
          1.0
        ]
      ],
      "metrics": {
        "coverage_iou": 0.20132610006027726,
        "trans_error": 0.8795416797664869,
        "rot_error": 0.3246218575187069,
        "soft_f1": 0.533010660845908
      }
    },
    {
      "key": "vlm",
      "paper_name": "VLM",
      "color": [
        0,
        200,
        209
      ],
      "pose": [
        [
          0.9870813249283866,
          0.08218323026789863,
          -0.13753681194630946,
          0.32972789431025334
        ],
        [
          0.1602200298889653,
          -0.5063132985055016,
          0.8473348722782854,
          -0.8146110349004836
        ],
        [
          -0.0,
          -0.8584245805073459,
          -0.5129398011275665,
          0.03143771016113943
        ],
        [
          0.0,
          0.0,
          0.0,
          1.0
        ]
      ],
      "metrics": {
        "coverage_iou": 0.06942528735632184,
        "trans_error": 2.3235472833643156,
        "rot_error": 0.23264396818936794,
        "soft_f1": 0.22317453954159425
      }
    }
  ],
  "vln_trajectory": {
    "points": [
      [
        0.6092510225136349,
        -2.853844932657647,
        -0.07476460933685525
      ],
      [
        0.5753003319682569,
        -2.6061609593943533,
        -0.07476460933685525
      ],
      [
        0.5413496414228789,
        -2.3584769861310595,
        -0.07476460933685525
      ],
      [
        0.4394975697867447,
        -1.6154250663411784,
        -0.07476460933685525
      ],
      [
        0.3376454981506105,
        -0.8723731465512974,
        -0.07476460933685525
      ],
      [
        0.23579342651447632,
        -0.12932122676141633,
        -0.07476460933685525
      ],
      [
        0.13394135487834213,
        0.6137306930284647,
        -0.07476460933685525
      ],
      [
        0.13394135487834213,
        0.6137306930284647,
        -0.07476460933685525
      ]
    ],
    "color": [
      108,
      147,
      125
    ]
  },
  "images": {
    "start": "images/start.png",
    "target": "images/target.png",
    "context": [
      "images/context_0.png",
      "images/context_1.png",
      "images/context_2.png"
    ],
    "renders": {
      "iperceive": "images/render_iperceive.png",
      "nbv_l": "images/render_nbv_l.png",
      "vln": "images/render_vln.png",
      "vlm": "images/render_vlm.png"
    }
  }
}