{
  "dataset": "replica",
  "data_name": "apartment_0_20260501_110143_629243",
  "instruction": "Move closer to the yellow vase on the middle shelf",
  "target_2d_coord": null,
  "fov_rad": 1.0471975667402222,
  "gt_cameras": [
    {
      "label": "start",
      "pose": [
        [
          0.573703213542773,
          -0.21056523474100766,
          0.7915345252666871,
          1.764319479320744
        ],
        [
          -0.8190632593217054,
          -0.14748793875987634,
          0.5544210359913011,
          -3.9851840257360824
        ],
        [
          -2.596322888464143e-17,
          -0.9663899781345144,
          -0.25708055189215046,
          -0.07476460933685534
        ],
        [
          0.0,
          0.0,
          0.0,
          1.0
        ]
      ],
      "color": [
        0,
        0,
        0
      ],
      "visible": false
    },
    {
      "label": "context_0",
      "pose": [
        [
          0.21372583565969955,
          0.24168737321719902,
          -0.946524401536778,
          4.982978970606759
        ],
        [
          0.9768936963143715,
          -0.052876606174500046,
          0.2070815808905122,
          -3.8245238695819523
        ],
        [
          -8.146637531236678e-10,
          -0.9689124472363353,
          -0.24740395586581346,
          -0.07476463973087488
        ],
        [
          0.0,
          0.0,
          0.0,
          1.0
        ]
      ],
      "color": [
        0,
        0,
        0
      ],
      "visible": false
    },
    {
      "label": "context_1",
      "pose": [
        [
          0.9840949631265495,
          -0.03807324349435737,
          0.17351518647802133,
          3.013195802406547
        ],
        [
          -0.17764317657917317,
          -0.21091547071206368,
          0.961227126811415,
          -3.920408892865277
        ],
        [
          8.212361457538009e-09,
          -0.9767625768730299,
          -0.21432429803394976,
          -0.07476459846835248
        ],
        [
          0.0,
          0.0,
          0.0,
          1.0
        ]
      ],
      "color": [
        0,
        0,
        0
      ],
      "visible": false
    },
    {
      "label": "context_2",
      "pose": [
        [
          0.7535116551548142,
          0.21428057638281076,
          -0.6215335803830095,
          4.298170252567625
        ],
        [
          0.6574345156819273,
          -0.24559542263384057,
          0.7123641814565354,
          -1.5383573778724444
        ],
        [
          1.1633488034012984e-08,
          -0.9453923839156915,
          -0.325934474641695,
          -0.07476457192204922
        ],
        [
          0.0,
          0.0,
          0.0,
          1.0
        ]
      ],
      "color": [
        0,
        0,
        0
      ],
      "visible": false
    },
    {
      "label": "target",
      "pose": [
        [
          -0.9842322783761581,
          -0.05159549926623963,
          0.1691883806304884,
          3.383803325837948
        ],
        [
          -0.17688076326828917,
          0.28709714562439825,
          -0.9414289539160182,
          -2.8362113751092615
        ],
        [
          5.853152823531715e-09,
          -0.9565109320451904,
          -0.2916965001177698,
          -0.07476462981714926
        ],
        [
          0.0,
          0.0,
          0.0,
          1.0
        ]
      ],
      "color": [
        144,
        238,
        144
      ],
      "visible": true
    }
  ],
  "algorithms": [
    {
      "key": "iperceive",
      "paper_name": "I-Perceive (Ours)",
      "color": [
        255,
        102,
        31
      ],
      "pose": [
        [
          -0.40890746703400516,
          -0.22609090833218232,
          0.8841252712392011,
          2.560268193429106
        ],
        [
          -0.9120408491430387,
          0.06807956311665195,
          -0.40440897033629863,
          -3.9277441381199005
        ],
        [
          0.03124230050270227,
          -0.9717242836783022,
          -0.23404238199373756,
          -0.15219543788369946
        ],
        [
          0.0,
          0.0,
          0.0,
          1.0
        ]
      ],
      "metrics": {
        "coverage_iou": 0.20852252881592734,
        "trans_error": 1.3695434989081061,
        "rot_error": 0.9745787118266817,
        "soft_f1": 0.5169918792345707
      }
    },
    {
      "key": "nbv_l",
      "paper_name": "NBV+L",
      "color": [
        30,
        85,
        230
      ],
      "pose": [
        [
          -0.7071067811865468,
          0.0,
          -0.7071067811865482,
          2.270372613798243
        ],
        [
          0.7071067811865482,
          0.0,
          -0.7071067811865468,
          -4.771391864020684
        ],
        [
          0.0,
          -1.0,
          0.0,
          -0.48308303971516725
        ],
        [
          0.0,
          0.0,
          0.0,
          1.0
        ]
      ],
      "metrics": {
        "coverage_iou": 0.0,
        "trans_error": 2.269664150854365,
        "rot_error": 1.0042447765433922,
        "soft_f1": 0.0
      }
    },
    {
      "key": "vln",
      "paper_name": "VLN+P",
      "color": [
        20,
        107,
        58
      ],
      "pose": [
        [
          -0.8190632593217052,
          0.0,
          0.5737032135427733,
          1.7643194793207446
        ],
        [
          -0.5737032135427733,
          0.0,
          -0.8190632593217052,
          -3.985184025736083
        ],
        [
          0.0,
          -1.0,
          0.0,
          -0.07476460933685525
        ],
        [
          0.0,
          0.0,
          0.0,
          1.0
        ]
      ],
      "metrics": {
        "coverage_iou": 0.0,
        "trans_error": 1.985665149352861,
        "rot_error": 0.5233592675369058,
        "soft_f1": 0.0
      }
    },
    {
      "key": "vlm",
      "paper_name": "VLM",
      "color": [
        0,
        200,
        209
      ],
      "pose": [
        [
          0.9943380101945178,
          0.018074631352421443,
          -0.10471499025393147,
          2.123458740745195
        ],
        [
          0.10626345318314712,
          -0.16912957781440238,
          0.9798485926029159,
          -3.358627174028119
        ],
        [
          -0.0,
          -0.9854280763251044,
          -0.17009264061153243,
          -0.34064460636232763
        ],
        [
          0.0,
          0.0,
          0.0,
          1.0
        ]
      ],
      "metrics": {
        "coverage_iou": 0.0,
        "trans_error": 1.389992423054791,
        "rot_error": 3.0703803194620973,
        "soft_f1": 0.0
      }
    }
  ],
  "vln_trajectory": {
    "points": [
      [
        1.7643194793207446,
        -3.985184025736083,
        -0.07476460933685525
      ],
      [
        1.7643194793207446,
        -3.985184025736083,
        -0.07476460933685525
      ],
      [
        1.7643194793207446,
        -3.985184025736083,
        -0.07476460933685525
      ],
      [
        1.7643194793207446,
        -3.985184025736083,
        -0.07476460933685525
      ],
      [
        1.7643194793207446,
        -3.985184025736083,
        -0.07476460933685525
      ],
      [
        1.7643194793207446,
        -3.985184025736083,
        -0.07476460933685525
      ],
      [
        1.7643194793207446,
        -3.985184025736083,
        -0.07476460933685525
      ],
      [
        1.7643194793207446,
        -3.985184025736083,
        -0.07476460933685525
      ],
      [
        1.7643194793207446,
        -3.985184025736083,
        -0.07476460933685525
      ],
      [
        1.7643194793207446,
        -3.985184025736083,
        -0.07476460933685525
      ],
      [
        1.7643194793207446,
        -3.985184025736083,
        -0.07476460933685525
      ],
      [
        1.7643194793207446,
        -3.985184025736083,
        -0.07476460933685525
      ],
      [
        1.7643194793207446,
        -3.985184025736083,
        -0.07476460933685525
      ],
      [
        1.7643194793207446,
        -3.985184025736083,
        -0.07476460933685525
      ],
      [
        1.7643194793207446,
        -3.985184025736083,
        -0.07476460933685525
      ],
      [
        1.7643194793207446,
        -3.985184025736083,
        -0.07476460933685525
      ],
      [
        1.7643194793207446,
        -3.985184025736083,
        -0.07476460933685525
      ],
      [
        1.7643194793207446,
        -3.985184025736083,
        -0.07476460933685525
      ],
      [
        1.7643194793207446,
        -3.985184025736083,
        -0.07476460933685525
      ],
      [
        1.7643194793207446,
        -3.985184025736083,
        -0.07476460933685525
      ],
      [
        1.7643194793207446,
        -3.985184025736083,
        -0.07476460933685525
      ]
    ],
    "color": [
      108,
      147,
      125
    ]
  },
  "images": {
    "start": "images/start.png",
    "target": "images/target.png",
    "context": [
      "images/context_0.png",
      "images/context_1.png",
      "images/context_2.png"
    ],
    "renders": {
      "iperceive": "images/render_iperceive.png",
      "nbv_l": "images/render_nbv_l.png",
      "vln": "images/render_vln.png",
      "vlm": "images/render_vlm.png"
    }
  }
}