{
  "dataset": "replica",
  "data_name": "hotel_0_20260501_075653_161152",
  "instruction": "Look at the electric kettle on the countertop",
  "target_2d_coord": null,
  "fov_rad": 1.0471975667402222,
  "gt_cameras": [
    {
      "label": "start",
      "pose": [
        [
          0.34357675529726467,
          -0.1477650901084484,
          0.9274268118642278,
          -2.2299437024884665
        ],
        [
          -0.9391245994112835,
          -0.05405954677099758,
          0.3392971443786564,
          0.012975494026815589
        ],
        [
          4.9706101208991584e-18,
          -0.9875439451225229,
          -0.15734343472748885,
          0.46479153633117626
        ],
        [
          0.0,
          0.0,
          0.0,
          1.0
        ]
      ],
      "color": [
        0,
        0,
        0
      ],
      "visible": false
    },
    {
      "label": "context_0",
      "pose": [
        [
          -0.9442395014527768,
          -0.07634550181348856,
          0.3202860526073132,
          3.6317340897227024
        ],
        [
          -0.32925945626653497,
          0.21894114741603143,
          -0.9185058608686956,
          1.1630219948403264
        ],
        [
          -9.011909107847771e-09,
          -0.9727467109191527,
          -0.2318703666034786,
          0.46479158241742036
        ],
        [
          0.0,
          0.0,
          0.0,
          1.0
        ]
      ],
      "color": [
        0,
        0,
        0
      ],
      "visible": false
    },
    {
      "label": "context_1",
      "pose": [
        [
          -0.08620836770474369,
          0.2135263788302491,
          -0.9731261722885272,
          4.530468409321436
        ],
        [
          0.9962771089711923,
          0.018476547288348133,
          -0.08420511008049764,
          1.3857766187324814
        ],
        [
          5.014333025188389e-09,
          -0.9767625858486821,
          -0.21432431233189903,
          0.46479155266513117
        ],
        [
          0.0,
          0.0,
          0.0,
          1.0
        ]
      ],
      "color": [
        0,
        0,
        0
      ],
      "visible": false
    },
    {
      "label": "context_2",
      "pose": [
        [
          0.7002049562141184,
          0.176632047704733,
          -0.6917471884979901,
          2.0284316343692033
        ],
        [
          0.7139419193276861,
          -0.17323345619727082,
          0.6784372359227214,
          -0.573363290365047
        ],
        [
          -4.635678063635851e-09,
          -0.9689124161628303,
          -0.24740395199261245,
          0.464791460872934
        ],
        [
          0.0,
          0.0,
          0.0,
          1.0
        ]
      ],
      "color": [
        0,
        0,
        0
      ],
      "visible": false
    },
    {
      "label": "context_3",
      "pose": [
        [
          -0.8872168404467896,
          -0.1141404734757421,
          0.4470102998409572,
          -0.7212891492395161
        ],
        [
          -0.4613526475246733,
          0.21950096370153127,
          -0.8596354172592586,
          1.4294488534551937
        ],
        [
          -3.5024360078850236e-09,
          -0.9689124381597054,
          -0.24740396774868254,
          0.4647915422316883
        ],
        [
          0.0,
          0.0,
          0.0,
          1.0
        ]
      ],
      "color": [
        0,
        0,
        0
      ],
      "visible": false
    },
    {
      "label": "target",
      "pose": [
        [
          0.969876384449756,
          -0.060266998183058064,
          0.23602469445625512,
          1.477012882579706
        ],
        [
          -0.24359758204641818,
          -0.23995126222784513,
          0.939725284347833,
          1.382527928631988
        ],
        [
          -4.826286675863045e-09,
          -0.9689124292220693,
          -0.24740395358825604,
          0.23439152599061341
        ],
        [
          0.0,
          0.0,
          0.0,
          1.0
        ]
      ],
      "color": [
        144,
        238,
        144
      ],
      "visible": true
    }
  ],
  "algorithms": [
    {
      "key": "iperceive",
      "paper_name": "I-Perceive (Ours)",
      "color": [
        255,
        102,
        31
      ],
      "pose": [
        [
          0.8767447420825627,
          -0.1773824886919274,
          0.4470503963707595,
          0.8909732548000147
        ],
        [
          -0.4803126842040606,
          -0.27486435738643306,
          0.8329161402795793,
          0.7132498660513735
        ],
        [
          -0.0248664984920543,
          -0.9449788954700976,
          -0.326184936796597,
          0.12902794143953955
        ],
        [
          0.0,
          0.0,
          0.0,
          1.0
        ]
      ],
      "metrics": {
        "coverage_iou": 0.19340519974635384,
        "trans_error": 0.8958108511246483,
        "rot_error": 0.2681791729882399,
        "soft_f1": 0.3931178310740355
      }
    },
    {
      "key": "nbv_l",
      "paper_name": "NBV+L",
      "color": [
        30,
        85,
        230
      ],
      "pose": [
        [
          0.9781476007338057,
          0.0,
          0.20791169081775934,
          1.180239034570731
        ],
        [
          -0.20791169081775934,
          -0.2588190451025207,
          0.9781476007338057,
          1.5820801771009037
        ],
        [
          0.05381150528310299,
          -0.9659258262890682,
          -0.25316322799124524,
          0.008498713850763395
        ],
        [
          0.0,
          0.0,
          0.0,
          1.0
        ]
      ],
      "metrics": {
        "coverage_iou": 0.25742574257425743,
        "trans_error": 0.4229935492011832,
        "rot_error": 0.0,
        "soft_f1": 0.6941451414514146
      }
    },
    {
      "key": "vln",
      "paper_name": "VLN+P",
      "color": [
        20,
        107,
        58
      ],
      "pose": [
        [
          0.3435767552972642,
          -0.13070088268794755,
          0.9299851033667128,
          -2.2299437024884665
        ],
        [
          -0.9391245994112837,
          -0.047816642452517835,
          0.3402330899327169,
          0.012975494026815592
        ],
        [
          0.0,
          -0.9902680687415701,
          -0.13917310096006547,
          0.4647915363311763
        ],
        [
          0.0,
          0.0,
          0.0,
          1.0
        ]
      ],
      "metrics": {
        "coverage_iou": 0.011565999632825409,
        "trans_error": 3.958571217431017,
        "rot_error": 0.9797343961957644,
        "soft_f1": 0.03831062968526554
      }
    },
    {
      "key": "vlm",
      "paper_name": "VLM",
      "color": [
        0,
        200,
        209
      ],
      "pose": [
        [
          0.43539244344070505,
          -0.10315218612976115,
          0.8943114931003535,
          -1.8498428014683652
        ],
        [
          -0.9002407567949434,
          -0.04988852373800832,
          0.4325248143222649,
          0.2626940986980533
        ],
        [
          0.0,
          -0.9934136911155863,
          -0.1145828883564501,
          0.38372413279365086
        ],
        [
          0.0,
          0.0,
          0.0,
          1.0
        ]
      ],
      "metrics": {
        "coverage_iou": 0.013120899718837863,
        "trans_error": 3.5134452659520288,
        "rot_error": 0.8839690398837843,
        "soft_f1": 0.04179309427287192
      }
    }
  ],
  "vln_trajectory": {
    "points": [
      [
        -2.2299437024884665,
        0.012975494026815592,
        0.4647915363311763
      ],
      [
        -2.2299437024884665,
        0.012975494026815592,
        0.4647915363311763
      ],
      [
        -2.2299437024884665,
        0.012975494026815592,
        0.4647915363311763
      ],
      [
        -2.2299437024884665,
        0.012975494026815592,
        0.4647915363311763
      ],
      [
        -2.2299437024884665,
        0.012975494026815592,
        0.4647915363311763
      ],
      [
        -2.2299437024884665,
        0.012975494026815592,
        0.4647915363311763
      ],
      [
        -2.2299437024884665,
        0.012975494026815592,
        0.4647915363311763
      ],
      [
        -2.2299437024884665,
        0.012975494026815592,
        0.4647915363311763
      ],
      [
        -2.2299437024884665,
        0.012975494026815592,
        0.4647915363311763
      ],
      [
        -2.2299437024884665,
        0.012975494026815592,
        0.4647915363311763
      ],
      [
        -2.2299437024884665,
        0.012975494026815592,
        0.4647915363311763
      ],
      [
        -2.2299437024884665,
        0.012975494026815592,
        0.4647915363311763
      ],
      [
        -2.2299437024884665,
        0.012975494026815592,
        0.4647915363311763
      ],
      [
        -2.2299437024884665,
        0.012975494026815592,
        0.4647915363311763
      ],
      [
        -2.2299437024884665,
        0.012975494026815592,
        0.4647915363311763
      ],
      [
        -2.2299437024884665,
        0.012975494026815592,
        0.4647915363311763
      ],
      [
        -2.2299437024884665,
        0.012975494026815592,
        0.4647915363311763
      ],
      [
        -2.2299437024884665,
        0.012975494026815592,
        0.4647915363311763
      ],
      [
        -2.2299437024884665,
        0.012975494026815592,
        0.4647915363311763
      ],
      [
        -2.2299437024884665,
        0.012975494026815592,
        0.4647915363311763
      ],
      [
        -2.2299437024884665,
        0.012975494026815592,
        0.4647915363311763
      ]
    ],
    "color": [
      108,
      147,
      125
    ]
  },
  "images": {
    "start": "images/start.png",
    "target": "images/target.png",
    "context": [
      "images/context_0.png",
      "images/context_1.png",
      "images/context_2.png",
      "images/context_3.png"
    ],
    "renders": {
      "iperceive": "images/render_iperceive.png",
      "nbv_l": "images/render_nbv_l.png",
      "vln": "images/render_vln.png",
      "vlm": "images/render_vlm.png"
    }
  }
}