{
  "dataset": "hssd",
  "data_name": "20260503_081351_057892",
  "instruction": "Check the object on the TV stand",
  "target_2d_coord": null,
  "fov_rad": 0.8726646221409238,
  "gt_cameras": [
    {
      "label": "start",
      "pose": [
        [
          0.304133907759979,
          0.1066974126854454,
          -0.9466352139429826,
          -4.579307312741587
        ],
        [
          0.9526292910417171,
          -0.034063933760023986,
          0.30222025455973023,
          1.9879419821418047
        ],
        [
          0.0,
          -0.993707859757094,
          -0.11200307789063453,
          1.6685093510252156
        ],
        [
          0.0,
          0.0,
          0.0,
          1.0
        ]
      ],
      "color": [
        0,
        0,
        0
      ],
      "visible": false
    },
    {
      "label": "context_0",
      "pose": [
        [
          0.6735363535809673,
          -0.11162452530597831,
          -0.7306769330896162,
          -5.237371319530733
        ],
        [
          0.7391541157922856,
          0.10171515900583795,
          0.6658117317867678,
          2.2045259359775162
        ],
        [
          2.239891376543124e-09,
          -0.9885312077238849,
          0.15101657560184406,
          1.674058302787675
        ],
        [
          0.0,
          0.0,
          0.0,
          1.0
        ]
      ],
      "color": [
        0,
        0,
        0
      ],
      "visible": false
    },
    {
      "label": "context_1",
      "pose": [
        [
          0.8881050308285754,
          -0.2904038712097028,
          0.3562795179414966,
          -6.785231382580315
        ],
        [
          -0.45964062707154973,
          -0.5611104017230755,
          0.6883935335299273,
          0.8819408359275986
        ],
        [
          1.7695542670059794e-09,
          -0.7751262336590288,
          -0.6318063440295789,
          1.9414361832391651
        ],
        [
          0.0,
          0.0,
          0.0,
          1.0
        ]
      ],
      "color": [
        0,
        0,
        0
      ],
      "visible": false
    },
    {
      "label": "target",
      "pose": [
        [
          0.4443871804869807,
          0.2712953466415904,
          -0.8537674469203911,
          -5.395108177311763
        ],
        [
          0.8958348574707031,
          -0.13457857243236723,
          0.4235192608962086,
          3.2099323918828
        ],
        [
          -3.0206256593223735e-09,
          -0.9530411670427925,
          -0.30284079884054244,
          1.1248834485755939
        ],
        [
          0.0,
          0.0,
          0.0,
          1.0
        ]
      ],
      "color": [
        144,
        238,
        144
      ],
      "visible": true
    }
  ],
  "algorithms": [
    {
      "key": "iperceive",
      "paper_name": "I-Perceive (Ours)",
      "color": [
        255,
        102,
        31
      ],
      "pose": [
        [
          0.5481814870515591,
          0.34406662225434037,
          -0.7623091057263025,
          -5.235282058095654
        ],
        [
          0.836319155489183,
          -0.2344407091969996,
          0.4955882840665933,
          2.8575218982422657
        ],
        [
          -0.008200912517618345,
          -0.9092060894893454,
          -0.41626557605113207,
          1.2482528939481643
        ],
        [
          0.0,
          0.0,
          0.0,
          1.0
        ]
      ],
      "metrics": {
        "coverage_iou": 0.6206128133704736,
        "trans_error": 0.40614971603173766,
        "rot_error": 0.1704945992585619,
        "soft_f1": 0.8710639708319522
      }
    },
    {
      "key": "nbv_l",
      "paper_name": "NBV+L",
      "color": [
        30,
        85,
        230
      ],
      "pose": [
        [
          0.7071067811865467,
          0.12068786659225474,
          -0.7203666343684316,
          -6.454855245692975
        ],
        [
          0.7071067811865483,
          -0.12068786659225447,
          0.7203666343684298,
          3.5158925913807284
        ],
        [
          0.0,
          -0.9848077530122082,
          -0.17364817766693025,
          0.7535008281093707
        ],
        [
          0.0,
          0.0,
          0.0,
          1.0
        ]
      ],
      "metrics": {
        "coverage_iou": 0.04358552631578947,
        "trans_error": 1.1638730401059738,
        "rot_error": 0.3046084220743985,
        "soft_f1": 0.23037417461482024
      }
    },
    {
      "key": "vln",
      "paper_name": "VLN+P",
      "color": [
        20,
        107,
        58
      ],
      "pose": [
        [
          0.8886657802183767,
          0.09533904582230723,
          -0.4485349455845727,
          -4.579307312741586
        ],
        [
          0.45855548308668553,
          -0.184764004937086,
          0.8692463007748404,
          1.9879419821418043
        ],
        [
          -1.3877787807814457e-17,
          -0.9781476007338056,
          -0.2079116908177593,
          1.6685093510252156
        ],
        [
          0.0,
          0.0,
          0.0,
          1.0
        ]
      ],
      "metrics": {
        "coverage_iou": 0.17840475180313958,
        "trans_error": 1.566627220703505,
        "rot_error": 0.6412492928690566,
        "soft_f1": 0.3892995894727865
      }
    },
    {
      "key": "vlm",
      "paper_name": "VLM",
      "color": [
        0,
        200,
        209
      ],
      "pose": [
        [
          0.4272834834460691,
          0.6102692747380909,
          -0.6670833809088916,
          -5.348095611590798
        ],
        [
          0.9041177051546954,
          -0.28841154206307873,
          0.3152617287756384,
          2.840357596911147
        ],
        [
          -0.0,
          -0.7378280251626672,
          -0.6749887445613879,
          1.5379713298289435
        ],
        [
          0.0,
          0.0,
          0.0,
          1.0
        ]
      ],
      "metrics": {
        "coverage_iou": 0.3712948517940718,
        "trans_error": 0.5562709195657772,
        "rot_error": 0.433687451259139,
        "soft_f1": 0.6503719763914896
      }
    }
  ],
  "vln_trajectory": {
    "points": [
      [
        -4.579307312741586,
        1.9879419821418043,
        1.6685093510252156
      ],
      [
        -4.579307312741586,
        1.9879419821418043,
        1.6685093510252156
      ],
      [
        -4.579307312741586,
        1.9879419821418043,
        1.6685093510252156
      ],
      [
        -4.579307312741586,
        1.9879419821418043,
        1.6685093510252156
      ],
      [
        -4.579307312741586,
        1.9879419821418043,
        1.6685093510252156
      ],
      [
        -4.579307312741586,
        1.9879419821418043,
        1.6685093510252156
      ],
      [
        -4.579307312741586,
        1.9879419821418043,
        1.6685093510252156
      ],
      [
        -4.579307312741586,
        1.9879419821418043,
        1.6685093510252156
      ],
      [
        -4.579307312741586,
        1.9879419821418043,
        1.6685093510252156
      ],
      [
        -4.579307312741586,
        1.9879419821418043,
        1.6685093510252156
      ],
      [
        -4.579307312741586,
        1.9879419821418043,
        1.6685093510252156
      ],
      [
        -4.579307312741586,
        1.9879419821418043,
        1.6685093510252156
      ],
      [
        -4.579307312741586,
        1.9879419821418043,
        1.6685093510252156
      ],
      [
        -4.579307312741586,
        1.9879419821418043,
        1.6685093510252156
      ],
      [
        -4.579307312741586,
        1.9879419821418043,
        1.6685093510252156
      ],
      [
        -4.579307312741586,
        1.9879419821418043,
        1.6685093510252156
      ],
      [
        -4.579307312741586,
        1.9879419821418043,
        1.6685093510252156
      ]
    ],
    "color": [
      108,
      147,
      125
    ]
  },
  "images": {
    "start": "images/start.png",
    "target": "images/target.png",
    "context": [
      "images/context_0.png",
      "images/context_1.png"
    ],
    "renders": {
      "iperceive": "images/render_iperceive.png",
      "nbv_l": "images/render_nbv_l.png",
      "vln": "images/render_vln.png",
      "vlm": "images/render_vlm.png"
    }
  }
}