{
  "dataset": "replica",
  "data_name": "office_2_20260504_095128_530984",
  "instruction": "Check the small round table beside the sofa",
  "target_2d_coord": null,
  "fov_rad": 1.0471975667402222,
  "gt_cameras": [
    {
      "label": "start",
      "pose": [
        [
          -0.8039303637842878,
          0.09286882518967866,
          -0.5874277415083082,
          1.9616553243021622
        ],
        [
          0.5947234400842654,
          0.12553745722277124,
          -0.7940682443268829,
          3.323088840982691
        ],
        [
          -2.2375867401048454e-17,
          -0.9877326197620132,
          -0.1561546408470469,
          0.27349531650543146
        ],
        [
          0.0,
          0.0,
          0.0,
          1.0
        ]
      ],
      "color": [
        0,
        0,
        0
      ],
      "visible": false
    },
    {
      "label": "context_0",
      "pose": [
        [
          -0.819029757652505,
          -0.17655493118708557,
          0.545910814513174,
          -1.3146455109083564
        ],
        [
          -0.57375103315643,
          0.2520322217179756,
          -0.7792878331012785,
          3.17393511147192
        ],
        [
          -1.111962688593593e-09,
          -0.9514767925704114,
          -0.3077204760815298,
          0.2734953425093526
        ],
        [
          0.0,
          0.0,
          0.0,
          1.0
        ]
      ],
      "color": [
        0,
        0,
        0
      ],
      "visible": false
    },
    {
      "label": "context_1",
      "pose": [
        [
          0.5160919883966486,
          -0.21754505745946,
          0.8284462506373151,
          -2.500293499944009
        ],
        [
          -0.8565331357156347,
          -0.13107871506634305,
          0.4991686393236441,
          0.10964872027533756
        ],
        [
          -1.679916677987947e-09,
          -0.9672086069716435,
          -0.2539832270858349,
          0.2734953307791673
        ],
        [
          0.0,
          0.0,
          0.0,
          1.0
        ]
      ],
      "color": [
        0,
        0,
        0
      ],
      "visible": false
    },
    {
      "label": "context_2",
      "pose": [
        [
          -0.3817767667477381,
          -0.3588967433561726,
          0.8517274476751711,
          -2.353604980500462
        ],
        [
          -0.9242545699002095,
          0.148247512697224,
          -0.35181839931014836,
          0.44254638263957213
        ],
        [
          1.90077878436945e-09,
          -0.9215290673958332,
          -0.38830942396029494,
          0.27349539497463193
        ],
        [
          0.0,
          0.0,
          0.0,
          1.0
        ]
      ],
      "color": [
        0,
        0,
        0
      ],
      "visible": false
    },
    {
      "label": "target",
      "pose": [
        [
          -0.30859722051495053,
          -0.5486405591556437,
          0.7770207758485573,
          0.2769101095980122
        ],
        [
          -0.9511928286846861,
          0.1779964640294086,
          -0.25209027159463654,
          0.6863387953898679
        ],
        [
          1.0679470502372723e-08,
          -0.8168909331990388,
          -0.5767921403707434,
          0.01929536571002488
        ],
        [
          0.0,
          0.0,
          0.0,
          1.0
        ]
      ],
      "color": [
        144,
        238,
        144
      ],
      "visible": true
    }
  ],
  "algorithms": [
    {
      "key": "iperceive",
      "paper_name": "I-Perceive (Ours)",
      "color": [
        255,
        102,
        31
      ],
      "pose": [
        [
          -0.9959124384136777,
          -0.05447989061705322,
          0.07204411271829825,
          0.7041295071005729
        ],
        [
          -0.08980633325503468,
          0.5119913998704737,
          -0.8542830452911248,
          1.643432092919815
        ],
        [
          0.009655289821127788,
          -0.8572611389952565,
          -0.5147912459943123,
          -0.0302232580815866
        ],
        [
          0.0,
          0.0,
          0.0,
          1.0
        ]
      ],
      "metrics": {
        "coverage_iou": 0.22510146737433656,
        "trans_error": 1.0492835966189484,
        "rot_error": 1.1688969760021402,
        "soft_f1": 0.4986642210838322
      }
    },
    {
      "key": "nbv_l",
      "paper_name": "NBV+L",
      "color": [
        30,
        85,
        230
      ],
      "pose": [
        [
          0.7071067811865476,
          -0.30336687668718726,
          0.7300469424147059,
          0.6495291998288143
        ],
        [
          -0.7071067811865476,
          -0.30336687668718726,
          0.7300469424147059,
          0.4301383633252224
        ],
        [
          0.0,
          -0.898794046299167,
          -0.43837114678907707,
          -1.009389256096492
        ],
        [
          0.0,
          0.0,
          0.0,
          1.0
        ]
      ],
      "metrics": {
        "coverage_iou": 0.12079378774805867,
        "trans_error": 1.1236884027853262,
        "rot_error": 1.0831393725409746,
        "soft_f1": 0.2866894197952219
      }
    },
    {
      "key": "vln",
      "paper_name": "VLN+P",
      "color": [
        20,
        107,
        58
      ],
      "pose": [
        [
          -0.11308042544690183,
          -0.41990751972586937,
          0.900494582026131,
          1.5515598000860205
        ],
        [
          -0.9935858379529912,
          0.047789852839268405,
          -0.10248567014394448,
          4.752595124841944
        ],
        [
          0.0,
          -0.90630778703665,
          -0.4226182617406994,
          0.27349531650543146
        ],
        [
          0.0,
          0.0,
          0.0,
          1.0
        ]
      ],
      "metrics": {
        "coverage_iou": 0.0,
        "trans_error": 4.268933111632268,
        "rot_error": 0.2681434109049612,
        "soft_f1": 0.0
      }
    },
    {
      "key": "vlm",
      "paper_name": "VLM",
      "color": [
        0,
        200,
        209
      ],
      "pose": [
        [
          -0.986829318058934,
          -0.06328815823008474,
          0.14887076961977072,
          1.5118329471642695
        ],
        [
          -0.16176494372804973,
          0.38608247614140473,
          -0.9081698214525642,
          2.033538586451529
        ],
        [
          0.0,
          -0.9202906772560314,
          -0.3912353119998687,
          -0.12208018478017707
        ],
        [
          0.0,
          0.0,
          0.0,
          1.0
        ]
      ],
      "metrics": {
        "coverage_iou": 0.40074906367041196,
        "trans_error": 1.8330217489211242,
        "rot_error": 1.1130243076710222,
        "soft_f1": 0.7566420633043949
      }
    }
  ],
  "vln_trajectory": {
    "points": [
      [
        1.9616553243021622,
        3.3230888409826913,
        0.27349531650543146
      ],
      [
        1.9616553243021622,
        3.3230888409826913,
        0.27349531650543146
      ],
      [
        1.9616553243021622,
        3.3230888409826913,
        0.27349531650543146
      ],
      [
        1.9616553243021622,
        3.3230888409826913,
        0.27349531650543146
      ],
      [
        1.9616553243021622,
        3.3230888409826913,
        0.27349531650543146
      ],
      [
        1.9616553243021622,
        3.3230888409826913,
        0.27349531650543146
      ],
      [
        1.9616553243021622,
        3.3230888409826913,
        0.27349531650543146
      ],
      [
        1.9616553243021622,
        3.3230888409826913,
        0.27349531650543146
      ],
      [
        1.9616553243021622,
        3.3230888409826913,
        0.27349531650543146
      ],
      [
        1.9616553243021622,
        3.3230888409826913,
        0.27349531650543146
      ],
      [
        1.9616553243021622,
        3.3230888409826913,
        0.27349531650543146
      ],
      [
        1.850706598487565,
        4.064837032918551,
        0.27349531650543146
      ],
      [
        1.850706598487565,
        4.064837032918551,
        0.27349531650543146
      ],
      [
        1.850706598487565,
        4.064837032918551,
        0.27349531650543146
      ],
      [
        1.5515598000860205,
        4.752595124841944,
        0.27349531650543146
      ],
      [
        1.5515598000860205,
        4.752595124841944,
        0.27349531650543146
      ],
      [
        1.5515598000860205,
        4.752595124841944,
        0.27349531650543146
      ],
      [
        1.5515598000860205,
        4.752595124841944,
        0.27349531650543146
      ],
      [
        1.5515598000860205,
        4.752595124841944,
        0.27349531650543146
      ],
      [
        1.5515598000860205,
        4.752595124841944,
        0.27349531650543146
      ],
      [
        1.5515598000860205,
        4.752595124841944,
        0.27349531650543146
      ]
    ],
    "color": [
      108,
      147,
      125
    ]
  },
  "images": {
    "start": "images/start.png",
    "target": "images/target.png",
    "context": [
      "images/context_0.png",
      "images/context_1.png",
      "images/context_2.png"
    ],
    "renders": {
      "iperceive": "images/render_iperceive.png",
      "nbv_l": "images/render_nbv_l.png",
      "vln": "images/render_vln.png",
      "vlm": "images/render_vlm.png"
    }
  }
}