{
  "dataset": "replica",
  "data_name": "apartment_0_20260501_105001_581622",
  "instruction": "Look at the cookbook on the countertop",
  "target_2d_coord": null,
  "fov_rad": 1.0471975667402222,
  "gt_cameras": [
    {
      "label": "start",
      "pose": [
        [
          0.9152811459488538,
          -0.04422041433533344,
          0.40038104204190833,
          -1.0673991724164422
        ],
        [
          -0.4028156201918603,
          -0.10047800899056343,
          0.9097492763606572,
          -1.368124168460788
        ],
        [
          1.299087575998316e-17,
          -0.9939560979566974,
          -0.10977830083717051,
          -0.07476460933685525
        ],
        [
          0.0,
          0.0,
          0.0,
          1.0
        ]
      ],
      "color": [
        0,
        0,
        0
      ],
      "visible": false
    },
    {
      "label": "context_0",
      "pose": [
        [
          0.9875086985588825,
          0.03068525690431495,
          -0.15454751649262027,
          0.4069502352885441
        ],
        [
          0.15756433898396816,
          -0.1923148365450858,
          0.9686012967144353,
          -0.5872973617546329
        ],
        [
          -3.369929890695289e-10,
          -0.9808534126353018,
          -0.19474748368857558,
          -0.0747646059409125
        ],
        [
          0.0,
          0.0,
          0.0,
          1.0
        ]
      ],
      "color": [
        0,
        0,
        0
      ],
      "visible": false
    },
    {
      "label": "context_1",
      "pose": [
        [
          0.6280307264072533,
          -0.08852146672203638,
          0.773137341617024,
          -2.5493717922793855
        ],
        [
          -0.7781885361427747,
          -0.07144052598596287,
          0.6239541772967738,
          -2.578797675317431
        ],
        [
          -3.3985318934059983e-09,
          -0.9935090290564358,
          -0.11375323465426065,
          -0.0747646142567856
        ],
        [
          0.0,
          0.0,
          0.0,
          1.0
        ]
      ],
      "color": [
        0,
        0,
        0
      ],
      "visible": false
    },
    {
      "label": "context_2",
      "pose": [
        [
          -0.9659214059910496,
          -0.03816794938455592,
          0.25600582685075285,
          -1.9833904007872225
        ],
        [
          -0.25883539371529957,
          0.14243505464971298,
          -0.9553619686455874,
          -1.4606791852218346
        ],
        [
          4.706008263632988e-09,
          -0.9890679603760948,
          -0.14746028708512138,
          -0.07476460410902466
        ],
        [
          0.0,
          0.0,
          0.0,
          1.0
        ]
      ],
      "color": [
        0,
        0,
        0
      ],
      "visible": false
    },
    {
      "label": "context_3",
      "pose": [
        [
          -0.8968574062893349,
          0.08092838640618538,
          -0.4348533585652904,
          1.324326851712604
        ],
        [
          0.4423198514580613,
          0.16409216456829617,
          -0.8817181745348929,
          -4.222551413076061
        ],
        [
          6.478358465997203e-10,
          -0.983119710471486,
          -0.1829635210311143,
          -0.07476461921672298
        ],
        [
          0.0,
          0.0,
          0.0,
          1.0
        ]
      ],
      "color": [
        0,
        0,
        0
      ],
      "visible": false
    },
    {
      "label": "target",
      "pose": [
        [
          0.4904208860222878,
          0.26253233616880356,
          -0.8310018732639931,
          -0.18797118292709292
        ],
        [
          0.8714857105789903,
          -0.14773774952016214,
          0.46763896115062586,
          1.339394799015815
        ],
        [
          2.1402112027057996e-10,
          -0.9535461836901852,
          -0.30124686085735825,
          -0.07476459570161964
        ],
        [
          0.0,
          0.0,
          0.0,
          1.0
        ]
      ],
      "color": [
        144,
        238,
        144
      ],
      "visible": true
    }
  ],
  "algorithms": [
    {
      "key": "iperceive",
      "paper_name": "I-Perceive (Ours)",
      "color": [
        255,
        102,
        31
      ],
      "pose": [
        [
          0.8407047776440091,
          0.18885302278595772,
          -0.5074938344968222,
          -0.2804523657904687
        ],
        [
          0.5414826635575158,
          -0.29919949174298843,
          0.7856693056751587,
          0.8525908069080865
        ],
        [
          -0.003465892993535058,
          -0.9353150329943036,
          -0.3537991034826613,
          -0.16697499517921002
        ],
        [
          0.0,
          0.0,
          0.0,
          1.0
        ]
      ],
      "metrics": {
        "coverage_iou": 0.4674657534246575,
        "trans_error": 0.5040174353304625,
        "rot_error": 0.48904741239689814,
        "soft_f1": 0.8542410563902176
      }
    },
    {
      "key": "nbv_l",
      "paper_name": "NBV+L",
      "color": [
        30,
        85,
        230
      ],
      "pose": [
        [
          0.7071067811865479,
          0.1830127018922192,
          -0.7071067811865472,
          -0.9763377781479177
        ],
        [
          0.7071067811865472,
          -0.18301270189221935,
          0.7071067811865479,
          1.4691046724941663
        ],
        [
          0.0,
          -0.9659258262890683,
          -0.2588190451025207,
          -0.39383145404279907
        ],
        [
          0.0,
          0.0,
          0.0,
          1.0
        ]
      ],
      "metrics": {
        "coverage_iou": 0.10225763612217796,
        "trans_error": 0.8603197822541904,
        "rot_error": 0.211583719475825,
        "soft_f1": 0.4047362755651238
      }
    },
    {
      "key": "vln",
      "paper_name": "VLN+P",
      "color": [
        20,
        107,
        58
      ],
      "pose": [
        [
          0.9320351615981571,
          0.07534051205615547,
          -0.35444924148291335,
          -1.1579911345132172
        ],
        [
          0.3623678483871001,
          -0.19378100634947648,
          0.9116679571167823,
          -1.1351153780612486
        ],
        [
          0.0,
          -0.9781476007338056,
          -0.2079116908177593,
          -0.07476460933685525
        ],
        [
          0.0,
          0.0,
          0.0,
          1.0
        ]
      ],
      "metrics": {
        "coverage_iou": 0.14923469387755103,
        "trans_error": 2.6578447819402777,
        "rot_error": 0.6938986027366842,
        "soft_f1": 0.3785700133631792
      }
    },
    {
      "key": "vlm",
      "paper_name": "VLM",
      "color": [
        0,
        200,
        209
      ],
      "pose": [
        [
          0.9657923922510624,
          -0.0061692289999347606,
          -0.2592431208026867,
          -0.8720697887788545
        ],
        [
          0.2593165152279547,
          0.02297653286353171,
          0.9655190437622663,
          0.004474746595362733
        ],
        [
          -0.0,
          -0.9997169697224898,
          0.023790343605811764,
          -0.2849422852169532
        ],
        [
          0.0,
          0.0,
          0.0,
          1.0
        ]
      ],
      "metrics": {
        "coverage_iou": 0.2566467715680955,
        "trans_error": 1.5146540368885655,
        "rot_error": 0.8581500414459416,
        "soft_f1": 0.6191709844559584
      }
    }
  ],
  "vln_trajectory": {
    "points": [
      [
        -1.0673991724164422,
        -1.368124168460788,
        -0.07476460933685525
      ],
      [
        -1.0673991724164422,
        -1.368124168460788,
        -0.07476460933685525
      ],
      [
        -1.0673991724164422,
        -1.368124168460788,
        -0.07476460933685525
      ],
      [
        -1.0673991724164422,
        -1.368124168460788,
        -0.07476460933685525
      ],
      [
        -1.0673991724164422,
        -1.368124168460788,
        -0.07476460933685525
      ],
      [
        -1.0673991724164422,
        -1.368124168460788,
        -0.07476460933685525
      ],
      [
        -1.0673991724164422,
        -1.368124168460788,
        -0.07476460933685525
      ],
      [
        -1.0673991724164422,
        -1.368124168460788,
        -0.07476460933685525
      ],
      [
        -1.0673991724164422,
        -1.368124168460788,
        -0.07476460933685525
      ],
      [
        -1.0673991724164422,
        -1.368124168460788,
        -0.07476460933685525
      ],
      [
        -1.0673991724164422,
        -1.368124168460788,
        -0.07476460933685525
      ],
      [
        -1.0673991724164422,
        -1.368124168460788,
        -0.07476460933685525
      ],
      [
        -1.1579911345132172,
        -1.1351153780612486,
        -0.07476460933685525
      ],
      [
        -1.1579911345132172,
        -1.1351153780612486,
        -0.07476460933685525
      ]
    ],
    "color": [
      108,
      147,
      125
    ]
  },
  "images": {
    "start": "images/start.png",
    "target": "images/target.png",
    "context": [
      "images/context_0.png",
      "images/context_1.png",
      "images/context_2.png",
      "images/context_3.png"
    ],
    "renders": {
      "iperceive": "images/render_iperceive.png",
      "nbv_l": "images/render_nbv_l.png",
      "vln": "images/render_vln.png",
      "vlm": "images/render_vlm.png"
    }
  }
}