{
  "dataset": "hssd",
  "data_name": "20260503_083254_01ba01",
  "instruction": "Look inside the washbasin from above",
  "target_2d_coord": null,
  "fov_rad": 0.8726646221409238,
  "gt_cameras": [
    {
      "label": "start",
      "pose": [
        [
          -0.26902962213918913,
          0.13121970362622015,
          -0.9541511682075813,
          -7.100321542753512
        ],
        [
          0.9631319029144685,
          0.03665332565244017,
          -0.2665210522772471,
          0.7599148433245692
        ],
        [
          -6.874192106446614e-18,
          -0.9906754882901176,
          -0.1362427132038146,
          1.6370343841861217
        ],
        [
          0.0,
          0.0,
          0.0,
          1.0
        ]
      ],
      "color": [
        0,
        0,
        0
      ],
      "visible": false
    },
    {
      "label": "context_0",
      "pose": [
        [
          0.9125158245963804,
          0.19721873189616698,
          -0.35835692288497367,
          -8.466984218606811
        ],
        [
          0.4090414573714279,
          -0.4399681455422827,
          0.7994454992987782,
          -1.1398404990469144
        ],
        [
          2.374238111668703e-09,
          -0.8760894685104441,
          -0.48214853399191643,
          1.4847681613608805
        ],
        [
          0.0,
          0.0,
          0.0,
          1.0
        ]
      ],
      "color": [
        0,
        0,
        0
      ],
      "visible": false
    },
    {
      "label": "context_1",
      "pose": [
        [
          -0.6385150710526959,
          0.13826761186585954,
          -0.7570869102465189,
          -8.292121921716726
        ],
        [
          0.769609295726554,
          0.1147152911831663,
          -0.6281257225016821,
          0.31586603347324016
        ],
        [
          2.9743884855104596e-09,
          -0.9837288658955882,
          -0.17965948723270134,
          1.654595797540546
        ],
        [
          0.0,
          0.0,
          0.0,
          1.0
        ]
      ],
      "color": [
        0,
        0,
        0
      ],
      "visible": false
    },
    {
      "label": "context_2",
      "pose": [
        [
          -0.1303243599290158,
          0.36864038404038413,
          -0.9203911343272528,
          -7.7355052055469
        ],
        [
          0.9914714231497963,
          0.048456082750644947,
          -0.12098118011365766,
          0.6009487644297109
        ],
        [
          -1.9433887138431416e-09,
          -0.9283082609107526,
          -0.37181141224707126,
          1.7333392975202115
        ],
        [
          0.0,
          0.0,
          0.0,
          1.0
        ]
      ],
      "color": [
        0,
        0,
        0
      ],
      "visible": false
    },
    {
      "label": "target",
      "pose": [
        [
          -0.28311732878578266,
          0.6203683322535865,
          -0.7314285751354427,
          -8.90082483585033
        ],
        [
          0.9590852697088572,
          0.1831297281401653,
          -0.21591417423028958,
          -0.3284223670111105
        ],
        [
          3.847906277464064e-10,
          -0.7626314049950482,
          -0.646833285335431,
          1.4366858704139829
        ],
        [
          0.0,
          0.0,
          0.0,
          1.0
        ]
      ],
      "color": [
        144,
        238,
        144
      ],
      "visible": true
    }
  ],
  "algorithms": [
    {
      "key": "iperceive",
      "paper_name": "I-Perceive (Ours)",
      "color": [
        255,
        102,
        31
      ],
      "pose": [
        [
          -0.14719715259178218,
          0.7365125724721162,
          -0.6602137925278297,
          -9.068336670726332
        ],
        [
          0.989059120751349,
          0.11618101018408576,
          -0.09090677427766368,
          -0.3792357304447366
        ],
        [
          0.009750332245569478,
          -0.666371640278464,
          -0.7455559756810306,
          1.3839540317340275
        ],
        [
          0.0,
          0.0,
          0.0,
          1.0
        ]
      ],
      "metrics": {
        "coverage_iou": 0.6583941605839416,
        "trans_error": 0.1828192894909943,
        "rot_error": 0.19672217341733017,
        "soft_f1": 0.9507549163063234
      }
    },
    {
      "key": "nbv_l",
      "paper_name": "NBV+L",
      "color": [
        30,
        85,
        230
      ],
      "pose": [
        [
          -0.707106781186548,
          0.19881163427491436,
          -0.7651626847128244,
          -9.342536379000416
        ],
        [
          0.7071067811865471,
          0.19881163427491463,
          -0.7651626847128254,
          -0.33132477240953684
        ],
        [
          0.0,
          -0.9510565162951536,
          -0.3090169943749477,
          1.1755935255070864
        ],
        [
          0.0,
          0.0,
          0.0,
          1.0
        ]
      ],
      "metrics": {
        "coverage_iou": 0.21994535519125682,
        "trans_error": 0.5131147970923894,
        "rot_error": 0.5659361341976081,
        "soft_f1": 0.4997993145821113
      }
    },
    {
      "key": "vln",
      "paper_name": "VLN+P",
      "color": [
        20,
        107,
        58
      ],
      "pose": [
        [
          0.49080442957324877,
          0.0,
          -0.8712697698825996,
          -7.100321542753512
        ],
        [
          0.8712697698825996,
          0.0,
          0.49080442957324877,
          0.7599148433245696
        ],
        [
          0.0,
          -1.0,
          0.0,
          1.6370343841861217
        ],
        [
          0.0,
          0.0,
          0.0,
          1.0
        ]
      ],
      "metrics": {
        "coverage_iou": 0.0,
        "trans_error": 2.1133927944142155,
        "rot_error": 1.0526172571138517,
        "soft_f1": 0.0
      }
    },
    {
      "key": "vlm",
      "paper_name": "VLM",
      "color": [
        0,
        200,
        209
      ],
      "pose": [
        [
          -0.44988897307962133,
          0.5392419024270453,
          -0.7119115693456769,
          -7.761410015911521
        ],
        [
          0.8930844931479685,
          0.2716416952547068,
          -0.3586235874810596,
          0.37190817835724693
        ],
        [
          0.0,
          -0.7971379805692423,
          -0.6037971844369515,
          1.5209935623449415
        ],
        [
          0.0,
          0.0,
          0.0,
          1.0
        ]
      ],
      "metrics": {
        "coverage_iou": 0.23976342129208372,
        "trans_error": 1.3400882529867262,
        "rot_error": 0.18785869512844194,
        "soft_f1": 0.5044167922367199
      }
    }
  ],
  "vln_trajectory": {
    "points": [
      [
        -7.100321542753512,
        0.7599148433245696,
        1.6370343841861217
      ],
      [
        -7.100321542753512,
        0.7599148433245696,
        1.6370343841861217
      ],
      [
        -7.100321542753512,
        0.7599148433245696,
        1.6370343841861217
      ],
      [
        -7.100321542753512,
        0.7599148433245696,
        1.6370343841861217
      ],
      [
        -7.100321542753512,
        0.7599148433245696,
        1.6370343841861217
      ],
      [
        -7.100321542753512,
        0.7599148433245696,
        1.6370343841861217
      ],
      [
        -7.100321542753512,
        0.7599148433245696,
        1.6370343841861217
      ],
      [
        -7.100321542753512,
        0.7599148433245696,
        1.6370343841861217
      ],
      [
        -7.100321542753512,
        0.7599148433245696,
        1.6370343841861217
      ],
      [
        -7.100321542753512,
        0.7599148433245696,
        1.6370343841861217
      ],
      [
        -7.100321542753512,
        0.7599148433245696,
        1.6370343841861217
      ],
      [
        -7.100321542753512,
        0.7599148433245696,
        1.6370343841861217
      ],
      [
        -7.100321542753512,
        0.7599148433245696,
        1.6370343841861217
      ],
      [
        -7.100321542753512,
        0.7599148433245696,
        1.6370343841861217
      ],
      [
        -7.100321542753512,
        0.7599148433245696,
        1.6370343841861217
      ],
      [
        -7.100321542753512,
        0.7599148433245696,
        1.6370343841861217
      ],
      [
        -7.100321542753512,
        0.7599148433245696,
        1.6370343841861217
      ]
    ],
    "color": [
      108,
      147,
      125
    ]
  },
  "images": {
    "start": "images/start.png",
    "target": "images/target.png",
    "context": [
      "images/context_0.png",
      "images/context_1.png",
      "images/context_2.png"
    ],
    "renders": {
      "iperceive": "images/render_iperceive.png",
      "nbv_l": "images/render_nbv_l.png",
      "vln": "images/render_vln.png",
      "vlm": "images/render_vlm.png"
    }
  }
}