{
  "dataset": "replica",
  "data_name": "hotel_0_20260501_075052_557440",
  "instruction": "Prepare to slide open the wardrobe door",
  "target_2d_coord": null,
  "fov_rad": 1.0471975667402222,
  "gt_cameras": [
    {
      "label": "start",
      "pose": [
        [
          -0.011574029143158526,
          0.1415137868152597,
          -0.9898686225911995,
          4.070109104152899
        ],
        [
          0.9999330186814481,
          0.0016379944077837552,
          -0.011457535726619117,
          1.2599316226936317
        ],
        [
          0.0,
          -0.989934929738074,
          -0.14152326623023753,
          0.4647915363311764
        ],
        [
          0.0,
          0.0,
          0.0,
          1.0
        ]
      ],
      "color": [
        0,
        0,
        0
      ],
      "visible": false
    },
    {
      "label": "context_0",
      "pose": [
        [
          -0.663565153203137,
          0.17637601604033531,
          -0.727030085302119,
          2.210809857163305
        ],
        [
          0.7481184491097548,
          0.1564417781750554,
          -0.6448602365363237,
          1.1523919482005147
        ],
        [
          -2.224104234116453e-11,
          -0.9718114372893493,
          -0.23575947451136411,
          0.46479153293778375
        ],
        [
          0.0,
          0.0,
          0.0,
          1.0
        ]
      ],
      "color": [
        0,
        0,
        0
      ],
      "visible": false
    },
    {
      "label": "context_1",
      "pose": [
        [
          -0.4889041194091494,
          -0.1681739103646633,
          0.8559732878526642,
          -2.07259005049748
        ],
        [
          -0.8723375515935745,
          0.09425356101426063,
          -0.47973275091283996,
          1.4288458973434834
        ],
        [
          -5.58951676610242e-10,
          -0.9812409221114291,
          -0.19278538727704286,
          0.4647914826747205
        ],
        [
          0.0,
          0.0,
          0.0,
          1.0
        ]
      ],
      "color": [
        0,
        0,
        0
      ],
      "visible": false
    },
    {
      "label": "context_2",
      "pose": [
        [
          0.345871036201442,
          -0.1937584591423296,
          0.9180582416839094,
          -2.3928692079219838
        ],
        [
          -0.9382820483290497,
          -0.07142354453083995,
          0.33841606824723686,
          -0.2556717087676008
        ],
        [
          -4.906547799998773e-09,
          -0.9784458892160343,
          -0.20650342241241448,
          0.4647915658416579
        ],
        [
          0.0,
          0.0,
          0.0,
          1.0
        ]
      ],
      "color": [
        0,
        0,
        0
      ],
      "visible": false
    },
    {
      "label": "target",
      "pose": [
        [
          0.99650510502947,
          -0.01724963459382134,
          0.08173148030516947,
          2.4029547652724905
        ],
        [
          -0.08353193888012572,
          -0.20578171538038412,
          0.975026287280637,
          1.0035560797921668
        ],
        [
          -1.181462122579191e-09,
          -0.97844590202112,
          -0.2065034246799841,
          0.46479153436767245
        ],
        [
          0.0,
          0.0,
          0.0,
          1.0
        ]
      ],
      "color": [
        144,
        238,
        144
      ],
      "visible": true
    }
  ],
  "algorithms": [
    {
      "key": "iperceive",
      "paper_name": "I-Perceive (Ours)",
      "color": [
        255,
        102,
        31
      ],
      "pose": [
        [
          0.9307454171240485,
          0.1860556383629554,
          -0.3147956274966649,
          2.788132415309826
        ],
        [
          0.3573912047433122,
          -0.28072931481376223,
          0.8907651642959263,
          1.446656544168627
        ],
        [
          0.07735953452030335,
          -0.9415808018600472,
          -0.32778217583856367,
          0.15151900063085733
        ],
        [
          0.0,
          0.0,
          0.0,
          1.0
        ]
      ],
      "metrics": {
        "coverage_iou": 0.0,
        "trans_error": 2.60443848456376,
        "rot_error": 1.0466494952544225,
        "soft_f1": 0.0
      }
    },
    {
      "key": "nbv_l",
      "paper_name": "NBV+L",
      "color": [
        30,
        85,
        230
      ],
      "pose": [
        [
          -0.8386705679454242,
          0.0,
          0.5446390350150269,
          1.4388600244554222
        ],
        [
          -0.5446390350150269,
          0.0,
          -0.8386705679454242,
          2.159517387573544
        ],
        [
          0.0,
          -1.0,
          0.0,
          -0.05376001653656182
        ],
        [
          0.0,
          0.0,
          0.0,
          1.0
        ]
      ],
      "metrics": {
        "coverage_iou": 0.0,
        "trans_error": 1.5091077990422104,
        "rot_error": 2.040464229340972,
        "soft_f1": 0.0
      }
    },
    {
      "key": "vln",
      "paper_name": "VLN+P",
      "color": [
        20,
        107,
        58
      ],
      "pose": [
        [
          0.7920487146775207,
          0.0,
          0.6104578884556142,
          1.131638943608959
        ],
        [
          -0.6104578884556142,
          0.0,
          0.7920487146775207,
          1.0441579654087358
        ],
        [
          0.0,
          -0.9999999999999998,
          0.0,
          0.4647915363311763
        ],
        [
          0.0,
          0.0,
          0.0,
          1.0
        ]
      ],
      "metrics": {
        "coverage_iou": 0.0,
        "trans_error": 1.0890759636808334,
        "rot_error": 0.6978749089665368,
        "soft_f1": 0.0
      }
    },
    {
      "key": "vlm",
      "paper_name": "VLM",
      "color": [
        0,
        200,
        209
      ],
      "pose": [
        [
          0.9616247145347072,
          -0.133920391563276,
          -0.2394644798703591,
          3.4706595963240896
        ],
        [
          0.2743681985873049,
          0.46937348778208676,
          0.8392917374615555,
          1.4727534217007738
        ],
        [
          -0.0,
          -0.8727851154154831,
          0.48810464278593163,
          0.10631278176020115
        ],
        [
          0.0,
          0.0,
          0.0,
          1.0
        ]
      ],
      "metrics": {
        "coverage_iou": 0.0,
        "trans_error": 3.2841741164286673,
        "rot_error": 1.4611472869149564,
        "soft_f1": 0.0
      }
    }
  ],
  "vln_trajectory": {
    "points": [
      [
        4.354735215245596,
        1.4614713054327655,
        0.4647915363311763
      ],
      [
        3.6109437679448337,
        1.3651682269656817,
        0.4647915363311763
      ],
      [
        2.867152320644071,
        1.268865148498598,
        0.4647915363311763
      ],
      [
        2.1233608733433087,
        1.1725620700315142,
        0.4647915363311763
      ],
      [
        1.3795694260425464,
        1.0762589915644305,
        0.4647915363311763
      ],
      [
        1.131638943608959,
        1.0441579654087358,
        0.4647915363311763
      ],
      [
        1.131638943608959,
        1.0441579654087358,
        0.4647915363311763
      ],
      [
        1.131638943608959,
        1.0441579654087358,
        0.4647915363311763
      ],
      [
        1.131638943608959,
        1.0441579654087358,
        0.4647915363311763
      ],
      [
        1.131638943608959,
        1.0441579654087358,
        0.4647915363311763
      ]
    ],
    "color": [
      108,
      147,
      125
    ]
  },
  "images": {
    "start": "images/start.png",
    "target": "images/target.png",
    "context": [
      "images/context_0.png",
      "images/context_1.png",
      "images/context_2.png"
    ],
    "renders": {
      "iperceive": "images/render_iperceive.png",
      "nbv_l": "images/render_nbv_l.png",
      "vln": "images/render_vln.png",
      "vlm": "images/render_vlm.png"
    }
  }
}