{
  "dataset": "hssd",
  "data_name": "20260430_104425_125605",
  "instruction": "Peek inside thw washing machine",
  "target_2d_coord": null,
  "fov_rad": 0.8726646221409238,
  "gt_cameras": [
    {
      "label": "start",
      "pose": [
        [
          0.3662126905093323,
          -0.12014294968366424,
          0.9227426168500209,
          -4.686252597929872
        ],
        [
          -0.9305311737442846,
          -0.047282535062573725,
          0.3631474859724908,
          6.613861632510345
        ],
        [
          6.594462347694593e-18,
          -0.9916299882110086,
          -0.1291122243656076,
          1.3797870246845483
        ],
        [
          0.0,
          0.0,
          0.0,
          1.0
        ]
      ],
      "color": [
        0,
        0,
        0
      ],
      "visible": false
    },
    {
      "label": "context_0",
      "pose": [
        [
          0.37981212821498,
          -0.11495373613879506,
          0.9178934750316335,
          -4.449743969892109
        ],
        [
          -0.9250636322356021,
          -0.04719764306378332,
          0.3768682087320456,
          6.781901190925697
        ],
        [
          -4.047467222489942e-11,
          -0.9922489615500968,
          -0.12426576480363272,
          1.299263501944853
        ],
        [
          0.0,
          0.0,
          0.0,
          1.0
        ]
      ],
      "color": [
        0,
        0,
        0
      ],
      "visible": false
    },
    {
      "label": "context_1",
      "pose": [
        [
          0.2689793131804603,
          -0.14299452362766485,
          0.9524719119063216,
          -6.554047155089566
        ],
        [
          -0.9631459650808707,
          -0.03993430971300232,
          0.26599835830874025,
          6.6659411826997585
        ],
        [
          4.40976914706237e-10,
          -0.9889174880063425,
          -0.148466105275027,
          1.479216500309518
        ],
        [
          0.0,
          0.0,
          0.0,
          1.0
        ]
      ],
      "color": [
        0,
        0,
        0
      ],
      "visible": false
    },
    {
      "label": "target",
      "pose": [
        [
          0.9977407680720289,
          -0.01799479089102686,
          0.06472701487613752,
          -3.574059122166684
        ],
        [
          -0.067181848651929,
          -0.26724689134358476,
          0.9612833812384826,
          7.323710049940052
        ],
        [
          6.5450011660361795e-09,
          -0.9634600831370723,
          -0.26785204505612364,
          0.6390959952422304
        ],
        [
          0.0,
          0.0,
          0.0,
          1.0
        ]
      ],
      "color": [
        144,
        238,
        144
      ],
      "visible": true
    }
  ],
  "algorithms": [
    {
      "key": "iperceive",
      "paper_name": "I-Perceive (Ours)",
      "color": [
        255,
        102,
        31
      ],
      "pose": [
        [
          0.9723457146143056,
          -0.09444586297106863,
          0.21359747654012134,
          -3.680151526490749
        ],
        [
          -0.2300748202354771,
          -0.5444755410547654,
          0.8066051843339326,
          7.209231888961485
        ],
        [
          0.04011808196008716,
          -0.8334425283845084,
          -0.551148059358056,
          0.9508157513960812
        ],
        [
          0.0,
          0.0,
          0.0,
          1.0
        ]
      ],
      "metrics": {
        "coverage_iou": 0.28272251308900526,
        "trans_error": 0.34861157694197586,
        "rot_error": 0.35880947144425757,
        "soft_f1": 0.7116357504215852
      }
    },
    {
      "key": "nbv_l",
      "paper_name": "NBV+L",
      "color": [
        30,
        85,
        230
      ],
      "pose": [
        [
          -0.9902680687415704,
          0.012129734984669321,
          0.1386435052934044,
          -3.1292109947411904
        ],
        [
          -0.13917310096006544,
          0.17152661144583892,
          -1.0090573658830544,
          5.606763304103299
        ],
        [
          -0.03602064909444084,
          -0.9845882243294374,
          -0.1711389533409054,
          1.315379561594571
        ],
        [
          0.0,
          0.0,
          0.0,
          1.0
        ]
      ],
      "metrics": {
        "coverage_iou": 0.0,
        "trans_error": 1.8981979363943784,
        "rot_error": 3.0483056959345958,
        "soft_f1": 0.0
      }
    },
    {
      "key": "vln",
      "paper_name": "VLN+P",
      "color": [
        20,
        107,
        58
      ],
      "pose": [
        [
          0.36621269050933336,
          -0.4652655868721421,
          0.8058636354759015,
          -4.6862525979298715
        ],
        [
          -0.9305311737442843,
          -0.18310634525466665,
          0.31714949316933105,
          6.613861632510344
        ],
        [
          0.0,
          -0.8660254037844387,
          -0.49999999999999994,
          1.3797870246845483
        ],
        [
          0.0,
          0.0,
          0.0,
          1.0
        ]
      ],
      "metrics": {
        "coverage_iou": 0.011487811711964136,
        "trans_error": 1.513103506988867,
        "rot_error": 1.1535190756960496,
        "soft_f1": 0.047656311135456604
      }
    },
    {
      "key": "vlm",
      "paper_name": "VLM",
      "color": [
        0,
        200,
        209
      ],
      "pose": [
        [
          0.827817894531002,
          -0.25710059750110303,
          0.4986148977505934,
          -3.971261576800984
        ],
        [
          -0.5609969104141831,
          -0.37938261575966936,
          0.7357657897490832,
          7.257056540879102
        ],
        [
          0.0,
          -0.8888015040625927,
          -0.45829235906359284,
          0.9408456273590697
        ],
        [
          0.0,
          0.0,
          0.0,
          1.0
        ]
      ],
      "metrics": {
        "coverage_iou": 0.11479028697571744,
        "trans_error": 0.503254697854461,
        "rot_error": 0.565833287229079,
        "soft_f1": 0.37371886913898106
      }
    }
  ],
  "vln_trajectory": {
    "points": [
      [
        -4.6862525979298715,
        6.613861632510344,
        1.3797870246845483
      ],
      [
        -4.6862525979298715,
        6.613861632510344,
        1.3797870246845483
      ],
      [
        -4.6862525979298715,
        6.613861632510344,
        1.3797870246845483
      ],
      [
        -4.6862525979298715,
        6.613861632510344,
        1.3797870246845483
      ],
      [
        -4.6862525979298715,
        6.613861632510344,
        1.3797870246845483
      ],
      [
        -4.6862525979298715,
        6.613861632510344,
        1.3797870246845483
      ],
      [
        -4.6862525979298715,
        6.613861632510344,
        1.3797870246845483
      ],
      [
        -4.6862525979298715,
        6.613861632510344,
        1.3797870246845483
      ],
      [
        -4.6862525979298715,
        6.613861632510344,
        1.3797870246845483
      ],
      [
        -4.6862525979298715,
        6.613861632510344,
        1.3797870246845483
      ],
      [
        -4.6862525979298715,
        6.613861632510344,
        1.3797870246845483
      ],
      [
        -4.6862525979298715,
        6.613861632510344,
        1.3797870246845483
      ],
      [
        -4.6862525979298715,
        6.613861632510344,
        1.3797870246845483
      ],
      [
        -4.6862525979298715,
        6.613861632510344,
        1.3797870246845483
      ],
      [
        -4.6862525979298715,
        6.613861632510344,
        1.3797870246845483
      ],
      [
        -4.6862525979298715,
        6.613861632510344,
        1.3797870246845483
      ],
      [
        -4.6862525979298715,
        6.613861632510344,
        1.3797870246845483
      ],
      [
        -4.6862525979298715,
        6.613861632510344,
        1.3797870246845483
      ],
      [
        -4.6862525979298715,
        6.613861632510344,
        1.3797870246845483
      ],
      [
        -4.6862525979298715,
        6.613861632510344,
        1.3797870246845483
      ],
      [
        -4.6862525979298715,
        6.613861632510344,
        1.3797870246845483
      ]
    ],
    "color": [
      108,
      147,
      125
    ]
  },
  "images": {
    "start": "images/start.png",
    "target": "images/target.png",
    "context": [
      "images/context_0.png",
      "images/context_1.png"
    ],
    "renders": {
      "iperceive": "images/render_iperceive.png",
      "nbv_l": "images/render_nbv_l.png",
      "vln": "images/render_vln.png",
      "vlm": "images/render_vlm.png"
    }
  }
}