{
  "dataset": "hssd",
  "data_name": "20260504_081610_38040e",
  "instruction": "Look closely to the yellow cushion",
  "target_2d_coord": null,
  "fov_rad": 0.8726646221409238,
  "gt_cameras": [
    {
      "label": "start",
      "pose": [
        [
          0.9465039566870853,
          0.06571148409715104,
          -0.31593078487770365,
          -4.073156984632293
        ],
        [
          0.3226922062518585,
          -0.1927414994621542,
          0.9266717080009449,
          3.512718730342886
        ],
        [
          6.793502150880962e-18,
          -0.9790468401679412,
          -0.20363517563812428,
          1.6315759826157064
        ],
        [
          0.0,
          0.0,
          0.0,
          1.0
        ]
      ],
      "color": [
        0,
        0,
        0
      ],
      "visible": false
    },
    {
      "label": "context_0",
      "pose": [
        [
          0.9717679054370203,
          0.03334992449288195,
          0.23356987688285474,
          -3.736787679650165
        ],
        [
          -0.23593881793593802,
          0.13735933129384584,
          0.962011080053983,
          4.831288399337852
        ],
        [
          -5.939733940807379e-09,
          -0.9899597038509631,
          0.14134992805158106,
          0.9518717894375177
        ],
        [
          0.0,
          0.0,
          0.0,
          1.0
        ]
      ],
      "color": [
        0,
        0,
        0
      ],
      "visible": false
    },
    {
      "label": "context_1",
      "pose": [
        [
          0.8742509748667942,
          -0.2130192319316434,
          0.436243086069175,
          -4.044043750165569
        ],
        [
          -0.48547421211301955,
          -0.3836090063808999,
          0.7855946363358923,
          4.58797249917597
        ],
        [
          -3.509791624001224e-10,
          -0.8985916373199949,
          -0.4387859214845762,
          1.5802244178277787
        ],
        [
          0.0,
          0.0,
          0.0,
          1.0
        ]
      ],
      "color": [
        0,
        0,
        0
      ],
      "visible": false
    },
    {
      "label": "target",
      "pose": [
        [
          0.9999813536464162,
          0.003881680417792077,
          -0.004714975520516973,
          -3.167867424009693
        ],
        [
          0.0061072663113830306,
          -0.6355740608753341,
          0.7720157185682869,
          6.599122212823621
        ],
        [
          1.1867817006905312e-09,
          -0.7720301136324219,
          -0.6355859236562518,
          1.1612825009765013
        ],
        [
          0.0,
          0.0,
          0.0,
          1.0
        ]
      ],
      "color": [
        144,
        238,
        144
      ],
      "visible": true
    }
  ],
  "algorithms": [
    {
      "key": "iperceive",
      "paper_name": "I-Perceive (Ours)",
      "color": [
        255,
        102,
        31
      ],
      "pose": [
        [
          0.9919323100630679,
          -0.04598593158740713,
          0.11813372449900206,
          -3.610298196567221
        ],
        [
          -0.1157933698492109,
          -0.707963517373728,
          0.6966919038663861,
          6.204302117806572
        ],
        [
          0.05159635551837219,
          -0.704750279086513,
          -0.7075767400646733,
          1.3693507115735426
        ],
        [
          0.0,
          0.0,
          0.0,
          1.0
        ]
      ],
      "metrics": {
        "coverage_iou": 0.38331771321462044,
        "trans_error": 0.6284268994816441,
        "rot_error": 0.16721036696249783,
        "soft_f1": 0.6983922829581994
      }
    },
    {
      "key": "nbv_l",
      "paper_name": "NBV+L",
      "color": [
        30,
        85,
        230
      ],
      "pose": [
        [
          0.7071067811865483,
          0.0,
          -0.7071067811865468,
          -3.1305392201235285
        ],
        [
          0.7071067811865468,
          0.0,
          0.7071067811865483,
          7.20515243835558
        ],
        [
          0.0,
          -1.0,
          0.0,
          0.5920441826981697
        ],
        [
          0.0,
          0.0,
          0.0,
          1.0
        ]
      ],
      "metrics": {
        "coverage_iou": 0.07334273624823695,
        "trans_error": 0.8322848148126883,
        "rot_error": 1.0282283459133241,
        "soft_f1": 0.24079299404962062
      }
    },
    {
      "key": "vln",
      "paper_name": "VLN+P",
      "color": [
        20,
        107,
        58
      ],
      "pose": [
        [
          -0.8974572134700733,
          0.18641755717571548,
          -0.39977374146780825,
          -3.962881604903144
        ],
        [
          0.44110151891659943,
          0.37928180754337415,
          -0.8133724611001404,
          3.737083033710403
        ],
        [
          0.0,
          -0.9063077870366499,
          -0.42261826174069933,
          1.6315759826157061
        ],
        [
          0.0,
          0.0,
          0.0,
          1.0
        ]
      ],
      "metrics": {
        "coverage_iou": 0.0,
        "trans_error": 3.007406251248538,
        "rot_error": 2.682408623387997,
        "soft_f1": 0.0
      }
    },
    {
      "key": "vlm",
      "paper_name": "VLM",
      "color": [
        0,
        200,
        209
      ],
      "pose": [
        [
          0.931390045907407,
          -0.07679763323770658,
          0.3558296023572024,
          -4.170244117094875
        ],
        [
          -0.36402277728817745,
          -0.19649471299490248,
          0.910426957740407,
          4.6240605204240985
        ],
        [
          0.0,
          -0.9774926860565953,
          -0.21096930749723383,
          1.4377087338534311
        ],
        [
          0.0,
          0.0,
          0.0,
          1.0
        ]
      ],
      "metrics": {
        "coverage_iou": 0.10079225352112677,
        "trans_error": 2.232048282257488,
        "rot_error": 0.606174135276049,
        "soft_f1": 0.28171147292692167
      }
    }
  ],
  "vln_trajectory": {
    "points": [
      [
        -4.073156984632294,
        3.512718730342885,
        1.6315759826157061
      ],
      [
        -4.073156984632294,
        3.512718730342885,
        1.6315759826157061
      ],
      [
        -3.962881604903144,
        3.737083033710403,
        1.6315759826157061
      ],
      [
        -3.962881604903144,
        3.737083033710403,
        1.6315759826157061
      ],
      [
        -3.962881604903144,
        3.737083033710403,
        1.6315759826157061
      ],
      [
        -3.962881604903144,
        3.737083033710403,
        1.6315759826157061
      ],
      [
        -3.962881604903144,
        3.737083033710403,
        1.6315759826157061
      ],
      [
        -3.962881604903144,
        3.737083033710403,
        1.6315759826157061
      ],
      [
        -3.962881604903144,
        3.737083033710403,
        1.6315759826157061
      ],
      [
        -3.962881604903144,
        3.737083033710403,
        1.6315759826157061
      ],
      [
        -3.962881604903144,
        3.737083033710403,
        1.6315759826157061
      ],
      [
        -3.962881604903144,
        3.737083033710403,
        1.6315759826157061
      ],
      [
        -3.962881604903144,
        3.737083033710403,
        1.6315759826157061
      ],
      [
        -3.962881604903144,
        3.737083033710403,
        1.6315759826157061
      ],
      [
        -3.962881604903144,
        3.737083033710403,
        1.6315759826157061
      ],
      [
        -3.962881604903144,
        3.737083033710403,
        1.6315759826157061
      ],
      [
        -3.962881604903144,
        3.737083033710403,
        1.6315759826157061
      ],
      [
        -3.962881604903144,
        3.737083033710403,
        1.6315759826157061
      ],
      [
        -3.962881604903144,
        3.737083033710403,
        1.6315759826157061
      ],
      [
        -3.962881604903144,
        3.737083033710403,
        1.6315759826157061
      ],
      [
        -3.962881604903144,
        3.737083033710403,
        1.6315759826157061
      ]
    ],
    "color": [
      108,
      147,
      125
    ]
  },
  "images": {
    "start": "images/start.png",
    "target": "images/target.png",
    "context": [
      "images/context_0.png",
      "images/context_1.png"
    ],
    "renders": {
      "iperceive": "images/render_iperceive.png",
      "nbv_l": "images/render_nbv_l.png",
      "vln": "images/render_vln.png",
      "vlm": "images/render_vlm.png"
    }
  }
}