{
  "dataset": "hssd",
  "data_name": "20260503_094816_4c8ec3",
  "instruction": "Check the surface of the dressing table",
  "target_2d_coord": null,
  "fov_rad": 0.8726646221409238,
  "gt_cameras": [
    {
      "label": "start",
      "pose": [
        [
          0.990822838104504,
          0.013862393171295288,
          0.13445422100514456,
          -15.063856643215393
        ],
        [
          -0.13516694673823124,
          0.10161637942080094,
          0.9855982994825386,
          5.205606015126284
        ],
        [
          -1.1209678986912424e-18,
          -0.9947270708535946,
          0.102557566815071,
          1.3043558326923697
        ],
        [
          0.0,
          0.0,
          0.0,
          1.0
        ]
      ],
      "color": [
        0,
        0,
        0
      ],
      "visible": false
    },
    {
      "label": "context_0",
      "pose": [
        [
          0.32500347739112107,
          -0.43969574972301356,
          0.8372815514001869,
          -16.31016596381804
        ],
        [
          -0.9457128548468842,
          -0.15110575021804748,
          0.28774000412411027,
          6.789120447280811
        ],
        [
          -1.0610304829183903e-08,
          -0.8853443780502934,
          -0.46493582620086227,
          1.6839936400372606
        ],
        [
          0.0,
          0.0,
          0.0,
          1.0
        ]
      ],
      "color": [
        0,
        0,
        0
      ],
      "visible": false
    },
    {
      "label": "context_1",
      "pose": [
        [
          0.9611343958562361,
          0.03894985812088627,
          -0.2733195092541012,
          -14.253455759173411
        ],
        [
          0.27608088415869025,
          -0.13559813603376972,
          0.9515211271780852,
          6.308377891940486
        ],
        [
          2.6234913547140692e-09,
          -0.9899979904527995,
          -0.1410813356885785,
          1.5646184957078226
        ],
        [
          0.0,
          0.0,
          0.0,
          1.0
        ]
      ],
      "color": [
        0,
        0,
        0
      ],
      "visible": false
    },
    {
      "label": "target",
      "pose": [
        [
          0.5804487870234198,
          -0.3679883628702162,
          0.7264046593069865,
          -14.264167860290485
        ],
        [
          -0.8142967584882652,
          -0.2623102787801348,
          0.517797377498982,
          8.198066387283859
        ],
        [
          1.0021481200439553e-08,
          -0.8920638442649937,
          -0.4519094071978012,
          1.4966049716844592
        ],
        [
          0.0,
          0.0,
          0.0,
          1.0
        ]
      ],
      "color": [
        144,
        238,
        144
      ],
      "visible": true
    }
  ],
  "algorithms": [
    {
      "key": "iperceive",
      "paper_name": "I-Perceive (Ours)",
      "color": [
        255,
        102,
        31
      ],
      "pose": [
        [
          0.4592835120123566,
          -0.3599764427833718,
          0.8120809447035086,
          -14.59260769336496
        ],
        [
          -0.8882619805925756,
          -0.17888875766919032,
          0.4230715418871512,
          8.30499432526339
        ],
        [
          -0.0070236133949873325,
          -0.9156504652800155,
          -0.40191405132314073,
          1.3542709137913076
        ],
        [
          0.0,
          0.0,
          0.0,
          1.0
        ]
      ],
      "metrics": {
        "coverage_iou": 0.7138331573389651,
        "trans_error": 0.37358441545577886,
        "rot_error": 0.15278195193856595,
        "soft_f1": 0.9678305794711232
      }
    },
    {
      "key": "nbv_l",
      "paper_name": "NBV+L",
      "color": [
        30,
        85,
        230
      ],
      "pose": [
        [
          0.0,
          -0.1706784177486412,
          1.0187522642048954,
          -13.6562265713156
        ],
        [
          -1.0,
          0.0,
          0.0,
          9.177207866898083
        ],
        [
          0.0,
          -0.9848077530122081,
          -0.1736481776669302,
          0.9965457419774668
        ],
        [
          0.0,
          0.0,
          0.0,
          1.0
        ]
      ],
      "metrics": {
        "coverage_iou": 0.1261437908496732,
        "trans_error": 1.2563318732611695,
        "rot_error": 0.6647715593030981,
        "soft_f1": 0.35306781485468247
      }
    },
    {
      "key": "vln",
      "paper_name": "VLN+P",
      "color": [
        20,
        107,
        58
      ],
      "pose": [
        [
          0.13516694673823165,
          0.0,
          -0.9908228381045039,
          -15.063856643215395
        ],
        [
          0.9908228381045039,
          0.0,
          0.13516694673823165,
          5.205606015126284
        ],
        [
          0.0,
          -1.0,
          0.0,
          1.3043558326923697
        ],
        [
          0.0,
          0.0,
          0.0,
          1.0
        ]
      ],
      "metrics": {
        "coverage_iou": 0.0,
        "trans_error": 3.1034305498707337,
        "rot_error": 2.4083766080076066,
        "soft_f1": 0.0
      }
    },
    {
      "key": "vlm",
      "paper_name": "VLM",
      "color": [
        0,
        200,
        209
      ],
      "pose": [
        [
          0.8047768919385978,
          -0.1980791160193785,
          0.5595523371398177,
          -14.423774541774245
        ],
        [
          -0.5935774205625165,
          -0.26855720892643203,
          0.758645418711531,
          6.8479601704346384
        ],
        [
          0.0,
          -0.9426779351033026,
          -0.3337039266616047,
          1.2579116443548042
        ],
        [
          0.0,
          0.0,
          0.0,
          1.0
        ]
      ],
      "metrics": {
        "coverage_iou": 0.35512860241710564,
        "trans_error": 1.3803027470481608,
        "rot_error": 0.34100965897630947,
        "soft_f1": 0.6809312075937003
      }
    }
  ],
  "vln_trajectory": {
    "points": [
      [
        -15.063856643215395,
        5.205606015126284,
        1.3043558326923697
      ],
      [
        -15.063856643215395,
        5.205606015126284,
        1.3043558326923697
      ],
      [
        -15.063856643215395,
        5.205606015126284,
        1.3043558326923697
      ],
      [
        -15.063856643215395,
        5.205606015126284,
        1.3043558326923697
      ],
      [
        -15.063856643215395,
        5.205606015126284,
        1.3043558326923697
      ],
      [
        -15.063856643215395,
        5.205606015126284,
        1.3043558326923697
      ],
      [
        -15.063856643215395,
        5.205606015126284,
        1.3043558326923697
      ],
      [
        -15.063856643215395,
        5.205606015126284,
        1.3043558326923697
      ]
    ],
    "color": [
      108,
      147,
      125
    ]
  },
  "images": {
    "start": "images/start.png",
    "target": "images/target.png",
    "context": [
      "images/context_0.png",
      "images/context_1.png"
    ],
    "renders": {
      "iperceive": "images/render_iperceive.png",
      "nbv_l": "images/render_nbv_l.png",
      "vln": "images/render_vln.png",
      "vlm": "images/render_vlm.png"
    }
  }
}