{
  "dataset": "hssd",
  "data_name": "20260504_100705_426877",
  "instruction": "Prepare to open the cabinet below the sink",
  "target_2d_coord": null,
  "fov_rad": 0.8726646221409238,
  "gt_cameras": [
    {
      "label": "start",
      "pose": [
        [
          0.9001343968138982,
          0.24801337246240182,
          -0.35811651002474854,
          -3.1489215894342624
        ],
        [
          0.4356122905434142,
          -0.512486383579151,
          0.7399997560631243,
          1.8735597781064188
        ],
        [
          0.0,
          -0.8220991872796065,
          -0.5693442950220988,
          1.7165509381049826
        ],
        [
          0.0,
          0.0,
          0.0,
          1.0
        ]
      ],
      "color": [
        0,
        0,
        0
      ],
      "visible": false
    },
    {
      "label": "context_0",
      "pose": [
        [
          0.9526293010617581,
          0.0807073334580655,
          -0.29322987377933646,
          -4.029864011004555
        ],
        [
          0.3041339091465399,
          -0.2527971011579422,
          0.9184749374833547,
          2.318528409760359
        ],
        [
          -1.4616018118029928e-10,
          -0.964147271193053,
          -0.2653677609090485,
          1.7879839771363275
        ],
        [
          0.0,
          0.0,
          0.0,
          1.0
        ]
      ],
      "color": [
        0,
        0,
        0
      ],
      "visible": false
    },
    {
      "label": "context_1",
      "pose": [
        [
          -0.29714419900336164,
          0.47663054689849527,
          -0.827362446797229,
          -2.9394528003973135
        ],
        [
          0.9548325903515741,
          0.14832759131722364,
          -0.2574754544633378,
          5.0436241479435555
        ],
        [
          8.867838074966272e-09,
          -0.8664999717120846,
          -0.49917708418296525,
          1.6854705814546909
        ],
        [
          0.0,
          0.0,
          0.0,
          1.0
        ]
      ],
      "color": [
        0,
        0,
        0
      ],
      "visible": false
    },
    {
      "label": "target",
      "pose": [
        [
          0.20496364113456553,
          0.55725689062219,
          -0.804645691786775,
          -4.362122321221572
        ],
        [
          0.9787695818420385,
          -0.11669491031915258,
          0.16850046929960677,
          3.5839780352772452
        ],
        [
          -1.8900859766191047e-09,
          -0.8220992063185912,
          -0.5693442957677758,
          1.1348120781752122
        ],
        [
          0.0,
          0.0,
          0.0,
          1.0
        ]
      ],
      "color": [
        144,
        238,
        144
      ],
      "visible": true
    }
  ],
  "algorithms": [
    {
      "key": "iperceive",
      "paper_name": "I-Perceive (Ours)",
      "color": [
        255,
        102,
        31
      ],
      "pose": [
        [
          0.18163211031894314,
          0.5723015167692774,
          -0.7996754266323274,
          -4.0820317401164825
        ],
        [
          0.9800266985783317,
          -0.03838219295931666,
          0.1951268419809003,
          3.098423904601536
        ],
        [
          0.08097811675103433,
          -0.8191445952975912,
          -0.5678421734432311,
          1.2309137919212376
        ],
        [
          0.0,
          0.0,
          0.0,
          1.0
        ]
      ],
      "metrics": {
        "coverage_iou": 0.3662551440329218,
        "trans_error": 0.5687257826796982,
        "rot_error": 0.08430772918017812,
        "soft_f1": 0.7092489133043548
      }
    },
    {
      "key": "nbv_l",
      "paper_name": "NBV+L",
      "color": [
        30,
        85,
        230
      ],
      "pose": [
        [
          0.0,
          0.17067841774864148,
          -1.0187522642048954,
          -4.479767123658549
        ],
        [
          1.0,
          0.0,
          0.0,
          4.54670722704318
        ],
        [
          0.0,
          -0.9848077530122081,
          -0.17364817766693047,
          0.7160576747853515
        ],
        [
          0.0,
          0.0,
          0.0,
          1.0
        ]
      ],
      "metrics": {
        "coverage_iou": 0.0,
        "trans_error": 1.0564294408137997,
        "rot_error": 0.44862210682289105,
        "soft_f1": 0.04117833386126069
      }
    },
    {
      "key": "vln",
      "paper_name": "VLN+P",
      "color": [
        20,
        107,
        58
      ],
      "pose": [
        [
          -0.9445155405778228,
          0.1388160390448643,
          -0.2976919564094365,
          -3.1489215894342624
        ],
        [
          0.3284667313549169,
          0.39916951594607664,
          -0.8560217894028117,
          1.8735597781064188
        ],
        [
          0.0,
          -0.9063077870366503,
          -0.4226182617406994,
          1.716550938104983
        ],
        [
          0.0,
          0.0,
          0.0,
          1.0
        ]
      ],
      "metrics": {
        "coverage_iou": 0.0,
        "trans_error": 2.176190816321717,
        "rot_error": 1.45067581184453,
        "soft_f1": 0.0
      }
    },
    {
      "key": "vlm",
      "paper_name": "VLM",
      "color": [
        0,
        200,
        209
      ],
      "pose": [
        [
          0.5429511384089675,
          0.18326412097465547,
          -0.8195232292398997,
          -3.6821622914595604
        ],
        [
          0.8397642891314242,
          -0.1184897528991442,
          0.5298642440828533,
          2.5279758809922126
        ],
        [
          -0.0,
          -0.9758967365563258,
          -0.21823281049996449,
          1.2339432318529684
        ],
        [
          0.0,
          0.0,
          0.0,
          1.0
        ]
      ],
      "metrics": {
        "coverage_iou": 0.23152227116984828,
        "trans_error": 1.2598861136680466,
        "rot_error": 0.5311847692390136,
        "soft_f1": 0.5263919016630514
      }
    }
  ],
  "vln_trajectory": {
    "points": [
      [
        -3.1489215894342624,
        1.8735597781064188,
        1.716550938104983
      ],
      [
        -3.1489215894342624,
        1.8735597781064188,
        1.716550938104983
      ],
      [
        -3.1489215894342624,
        1.8735597781064188,
        1.716550938104983
      ],
      [
        -3.1489215894342624,
        1.8735597781064188,
        1.716550938104983
      ],
      [
        -3.1489215894342624,
        1.8735597781064188,
        1.716550938104983
      ],
      [
        -3.1489215894342624,
        1.8735597781064188,
        1.716550938104983
      ],
      [
        -3.1489215894342624,
        1.8735597781064188,
        1.716550938104983
      ],
      [
        -3.1489215894342624,
        1.8735597781064188,
        1.716550938104983
      ],
      [
        -3.1489215894342624,
        1.8735597781064188,
        1.716550938104983
      ],
      [
        -3.1489215894342624,
        1.8735597781064188,
        1.716550938104983
      ],
      [
        -3.1489215894342624,
        1.8735597781064188,
        1.716550938104983
      ]
    ],
    "color": [
      108,
      147,
      125
    ]
  },
  "images": {
    "start": "images/start.png",
    "target": "images/target.png",
    "context": [
      "images/context_0.png",
      "images/context_1.png"
    ],
    "renders": {
      "iperceive": "images/render_iperceive.png",
      "nbv_l": "images/render_nbv_l.png",
      "vln": "images/render_vln.png",
      "vlm": "images/render_vlm.png"
    }
  }
}