{
  "dataset": "hssd",
  "data_name": "20260430_095644_fc7e04",
  "instruction": "Peek inside the sink",
  "target_2d_coord": null,
  "fov_rad": 0.8726646221409238,
  "gt_cameras": [
    {
      "label": "start",
      "pose": [
        [
          0.5562883006635989,
          -0.23429302922773404,
          0.79727667907703,
          -10.851803096092794
        ],
        [
          -0.8309893660840706,
          -0.15684252579621727,
          0.533720053545918,
          8.783885397603878
        ],
        [
          1.565107365835348e-17,
          -0.9594306637569779,
          -0.2819446779828357,
          1.926419133762921
        ],
        [
          0.0,
          0.0,
          0.0,
          1.0
        ]
      ],
      "color": [
        0,
        0,
        0
      ],
      "visible": false
    },
    {
      "label": "context_0",
      "pose": [
        [
          0.9932690270915627,
          -0.02829013515031599,
          0.11232236167700926,
          -9.412312168408155
        ],
        [
          -0.1158302496587591,
          -0.24259394905551146,
          0.9631882430227843,
          6.773236821840047
        ],
        [
          -6.382349870825976e-09,
          -0.9697153257941289,
          -0.2442379229782567,
          1.6280919659395825
        ],
        [
          0.0,
          0.0,
          0.0,
          1.0
        ]
      ],
      "color": [
        0,
        0,
        0
      ],
      "visible": false
    },
    {
      "label": "context_1",
      "pose": [
        [
          0.9001571492050058,
          0.10224922941286807,
          -0.4233936848157871,
          -8.918336030484003
        ],
        [
          0.43556526235167214,
          -0.21131249509378086,
          0.8750028263631839,
          7.041630305031651
        ],
        [
          -9.92746596040206e-09,
          -0.972055593289128,
          -0.2347506631943321,
          1.6418908614352148
        ],
        [
          0.0,
          0.0,
          0.0,
          1.0
        ]
      ],
      "color": [
        0,
        0,
        0
      ],
      "visible": false
    },
    {
      "label": "target",
      "pose": [
        [
          0.03292120200280829,
          -0.7461082716193903,
          0.6650102606158912,
          -8.423679021229464
        ],
        [
          -0.9994579332412091,
          -0.02457611470091442,
          0.021904830766680594,
          9.604517318891137
        ],
        [
          -1.7589733947165342e-08,
          -0.6653709564538528,
          -0.7465129242995303,
          1.494537410435884
        ],
        [
          0.0,
          0.0,
          0.0,
          1.0
        ]
      ],
      "color": [
        144,
        238,
        144
      ],
      "visible": true
    }
  ],
  "algorithms": [
    {
      "key": "iperceive",
      "paper_name": "I-Perceive (Ours)",
      "color": [
        255,
        102,
        31
      ],
      "pose": [
        [
          0.22256069658975097,
          -0.7200457239142246,
          0.6572677559365476,
          -8.597127387838016
        ],
        [
          -0.9729381474051765,
          -0.20699557998067294,
          0.10268493032894177,
          9.46695214730679
        ],
        [
          0.062113667933277036,
          -0.662334509015092,
          -0.7466290460915661,
          1.499034149301087
        ],
        [
          0.0,
          0.0,
          0.0,
          1.0
        ]
      ],
      "metrics": {
        "coverage_iou": 0.46166394779771613,
        "trans_error": 0.2214243426207916,
        "rot_error": 0.20168116314080978,
        "soft_f1": 0.7749427284935619
      }
    },
    {
      "key": "nbv_l",
      "paper_name": "NBV+L",
      "color": [
        30,
        85,
        230
      ],
      "pose": [
        [
          0.707106781186547,
          -0.031997668794487205,
          0.7297052817717641,
          -8.210307546030483
        ],
        [
          -0.7071067811865481,
          -0.03199766879448715,
          0.729705281771763,
          9.011733487580479
        ],
        [
          0.0,
          -0.998629534754574,
          -0.05233595624294399,
          1.0134695562644713
        ],
        [
          0.0,
          0.0,
          0.0,
          1.0
        ]
      ],
      "metrics": {
        "coverage_iou": 0.2689393939393939,
        "trans_error": 0.7926829748720002,
        "rot_error": 1.0704627538497842,
        "soft_f1": 0.6835820895522389
      }
    },
    {
      "key": "vln",
      "paper_name": "VLN+P",
      "color": [
        20,
        107,
        58
      ],
      "pose": [
        [
          -0.19424298615798508,
          -0.4904767227729643,
          0.8495306037726491,
          -10.900363842632292
        ],
        [
          -0.9809534455459287,
          0.09712149307899254,
          -0.1682193605197642,
          8.538647036217396
        ],
        [
          0.0,
          -0.8660254037844387,
          -0.5000000000000001,
          1.9264191337629213
        ],
        [
          0.0,
          0.0,
          0.0,
          1.0
        ]
      ],
      "metrics": {
        "coverage_iou": 0.006886553098948894,
        "trans_error": 2.7306719158146318,
        "rot_error": 0.3919456239277836,
        "soft_f1": 0.03354746609564597
      }
    },
    {
      "key": "vlm",
      "paper_name": "VLM",
      "color": [
        0,
        200,
        209
      ],
      "pose": [
        [
          0.21814860991717988,
          -0.54767251944861,
          0.8077536724967668,
          -9.956407592891193
        ],
        [
          -0.975915561916707,
          -0.12242247533475735,
          0.18055900293729094,
          8.944471635530281
        ],
        [
          0.0,
          -0.8276880746837678,
          -0.5611884273809264,
          1.7476111789443105
        ],
        [
          0.0,
          0.0,
          0.0,
          1.0
        ]
      ],
      "metrics": {
        "coverage_iou": 0.10815602836879433,
        "trans_error": 1.6878873148734572,
        "rot_error": 0.3094974246131728,
        "soft_f1": 0.32411671185795354
      }
    }
  ],
  "vln_trajectory": {
    "points": [
      [
        -10.851803096092794,
        8.783885397603878,
        1.9264191337629213
      ],
      [
        -10.851803096092794,
        8.783885397603878,
        1.9264191337629213
      ],
      [
        -10.851803096092794,
        8.783885397603878,
        1.9264191337629213
      ],
      [
        -10.851803096092794,
        8.783885397603878,
        1.9264191337629213
      ],
      [
        -10.851803096092794,
        8.783885397603878,
        1.9264191337629213
      ],
      [
        -10.851803096092794,
        8.783885397603878,
        1.9264191337629213
      ],
      [
        -10.851803096092794,
        8.783885397603878,
        1.9264191337629213
      ],
      [
        -10.851803096092794,
        8.783885397603878,
        1.9264191337629213
      ],
      [
        -10.851803096092794,
        8.783885397603878,
        1.9264191337629213
      ],
      [
        -10.851803096092794,
        8.783885397603878,
        1.9264191337629213
      ],
      [
        -10.851803096092794,
        8.783885397603878,
        1.9264191337629213
      ],
      [
        -10.851803096092794,
        8.783885397603878,
        1.9264191337629213
      ],
      [
        -10.851803096092794,
        8.783885397603878,
        1.9264191337629213
      ],
      [
        -10.851803096092794,
        8.783885397603878,
        1.9264191337629213
      ],
      [
        -10.900363842632292,
        8.538647036217396,
        1.9264191337629213
      ],
      [
        -10.900363842632292,
        8.538647036217396,
        1.9264191337629213
      ],
      [
        -10.900363842632292,
        8.538647036217396,
        1.9264191337629213
      ],
      [
        -10.900363842632292,
        8.538647036217396,
        1.9264191337629213
      ],
      [
        -10.900363842632292,
        8.538647036217396,
        1.9264191337629213
      ],
      [
        -10.900363842632292,
        8.538647036217396,
        1.9264191337629213
      ],
      [
        -10.900363842632292,
        8.538647036217396,
        1.9264191337629213
      ]
    ],
    "color": [
      108,
      147,
      125
    ]
  },
  "images": {
    "start": "images/start.png",
    "target": "images/target.png",
    "context": [
      "images/context_0.png",
      "images/context_1.png"
    ],
    "renders": {
      "iperceive": "images/render_iperceive.png",
      "nbv_l": "images/render_nbv_l.png",
      "vln": "images/render_vln.png",
      "vlm": "images/render_vlm.png"
    }
  }
}