{
  "dataset": "replica",
  "data_name": "room_0_20260504_101259_269867",
  "instruction": "Prepare to open the cabinet door below the lantern",
  "target_2d_coord": null,
  "fov_rad": 1.0471975667402222,
  "gt_cameras": [
    {
      "label": "start",
      "pose": [
        [
          0.14751478827881392,
          0.1848498561570249,
          -0.9716326043921043,
          4.949117386068646
        ],
        [
          0.9890598501804916,
          -0.027569704087570226,
          0.1449155760346937,
          0.3796523220279888
        ],
        [
          -3.4083152572736285e-18,
          -0.9823799886475961,
          -0.18689451009793995,
          -0.02736306190490745
        ],
        [
          0.0,
          0.0,
          0.0,
          1.0
        ]
      ],
      "color": [
        0,
        0,
        0
      ],
      "visible": false
    },
    {
      "label": "context_0",
      "pose": [
        [
          0.9999365943161818,
          -0.0033056041230581645,
          0.01076232267455865,
          0.029711784362529414
        ],
        [
          -0.011258538963576342,
          -0.29359035501866226,
          0.9558650342043592,
          -0.8806025251763792
        ],
        [
          -1.1556251344746471e-08,
          -0.9559256345992773,
          -0.2936089586266899,
          -0.027362998497667324
        ],
        [
          0.0,
          0.0,
          0.0,
          1.0
        ]
      ],
      "color": [
        0,
        0,
        0
      ],
      "visible": false
    },
    {
      "label": "context_1",
      "pose": [
        [
          -0.8616248747969159,
          -0.1441608100538881,
          0.48664181555932523,
          1.0235515450577135
        ],
        [
          -0.5075456702425994,
          0.24473174214007526,
          -0.826137861631599,
          3.1248358668144265
        ],
        [
          -1.6202632235895464e-08,
          -0.9588138637527491,
          -0.28403515433692356,
          -0.02736311472021813
        ],
        [
          0.0,
          0.0,
          0.0,
          1.0
        ]
      ],
      "color": [
        0,
        0,
        0
      ],
      "visible": false
    },
    {
      "label": "context_2",
      "pose": [
        [
          0.9741370255870784,
          0.07193626816838922,
          -0.21420147455221353,
          2.817010458386876
        ],
        [
          0.225958163476413,
          -0.31012720432438123,
          0.9234522175180874,
          0.06792491552686952
        ],
        [
          6.5212352184929046e-09,
          -0.9479695602830667,
          -0.31836096479199294,
          -0.027363076089573002
        ],
        [
          0.0,
          0.0,
          0.0,
          1.0
        ]
      ],
      "color": [
        0,
        0,
        0
      ],
      "visible": false
    },
    {
      "label": "context_3",
      "pose": [
        [
          -0.607028115993407,
          0.27696821753422163,
          -0.7448526746435642,
          6.13267731261192
        ],
        [
          0.7946803363719083,
          0.2115661981175499,
          -0.5689665224745779,
          2.3973940869494523
        ],
        [
          -3.99167768283526e-09,
          -0.9372984122265441,
          -0.3485278430979427,
          -0.02736308087234815
        ],
        [
          0.0,
          0.0,
          0.0,
          1.0
        ]
      ],
      "color": [
        0,
        0,
        0
      ],
      "visible": false
    },
    {
      "label": "target",
      "pose": [
        [
          -0.04030460801522398,
          0.3798794885764557,
          -0.9241575409090457,
          1.0082346952575092
        ],
        [
          0.9991874420022071,
          0.015323340658473197,
          -0.03727808628403792,
          0.5657952769902056
        ],
        [
          -2.388458569813068e-09,
          -0.9249090567691777,
          -0.3801884276084231,
          -0.4519630458886336
        ],
        [
          0.0,
          0.0,
          0.0,
          1.0
        ]
      ],
      "color": [
        144,
        238,
        144
      ],
      "visible": true
    }
  ],
  "algorithms": [
    {
      "key": "iperceive",
      "paper_name": "I-Perceive (Ours)",
      "color": [
        255,
        102,
        31
      ],
      "pose": [
        [
          0.10466846738750196,
          0.3342031778612722,
          -0.9366710455962111,
          0.9982555276463816
        ],
        [
          0.994505133331504,
          -0.037071675339723165,
          0.0979040044452257,
          0.93492269522258
        ],
        [
          -0.00200413430917729,
          -0.9417716741729427,
          -0.3362470331292963,
          -0.6021986115998622
        ],
        [
          0.0,
          0.0,
          0.0,
          1.0
        ]
      ],
      "metrics": {
        "coverage_iou": 0.43768115942028984,
        "trans_error": 0.39865443646244364,
        "rot_error": 0.15266187065313847,
        "soft_f1": 0.7057694749763662
      }
    },
    {
      "key": "nbv_l",
      "paper_name": "NBV+L",
      "color": [
        30,
        85,
        230
      ],
      "pose": [
        [
          -0.7071067811865476,
          -0.06162841671621935,
          -0.7044160264027587,
          -0.19219133044306153
        ],
        [
          0.7071067811865476,
          -0.06162841671621935,
          -0.7044160264027587,
          0.713412390797235
        ],
        [
          0.0,
          -0.9961946980917455,
          0.08715574274765817,
          -0.7997818721752308
        ],
        [
          0.0,
          0.0,
          0.0,
          1.0
        ]
      ],
      "metrics": {
        "coverage_iou": 0.1348364279398762,
        "trans_error": 1.2584878159632884,
        "rot_error": 0.878780815417171,
        "soft_f1": 0.34922468736153417
      }
    },
    {
      "key": "vln",
      "paper_name": "VLN+P",
      "color": [
        20,
        107,
        58
      ],
      "pose": [
        [
          0.36677837100690963,
          0.0,
          0.930308350258943,
          4.949117386068646
        ],
        [
          -0.930308350258943,
          0.0,
          0.36677837100690963,
          0.3796523220279888
        ],
        [
          0.0,
          -1.0,
          0.0,
          -0.02736306190490745
        ],
        [
          0.0,
          0.0,
          0.0,
          1.0
        ]
      ],
      "metrics": {
        "coverage_iou": 0.0,
        "trans_error": 3.9680587293331397,
        "rot_error": 2.812776293588277,
        "soft_f1": 0.0
      }
    },
    {
      "key": "vlm",
      "paper_name": "VLM",
      "color": [
        0,
        200,
        209
      ],
      "pose": [
        [
          -0.013427204531402734,
          0.2130990413422168,
          -0.9769383341631651,
          3.4975450341963756
        ],
        [
          0.9999098510258172,
          0.002861582382264093,
          -0.013118733467741384,
          0.958065813765304
        ],
        [
          0.0,
          -0.9770264120919648,
          -0.21311825373417057,
          -0.32584080165333074
        ],
        [
          0.0,
          0.0,
          0.0,
          1.0
        ]
      ],
      "metrics": {
        "coverage_iou": 0.18299576071596796,
        "trans_error": 2.52318222635979,
        "rot_error": 0.1772801819901206,
        "soft_f1": 0.3858964730450589
      }
    }
  ],
  "vln_trajectory": {
    "points": [
      [
        4.949117386068646,
        0.3796523220279888,
        -0.02736306190490745
      ],
      [
        4.949117386068646,
        0.3796523220279888,
        -0.02736306190490745
      ],
      [
        4.949117386068646,
        0.3796523220279888,
        -0.02736306190490745
      ],
      [
        4.949117386068646,
        0.3796523220279888,
        -0.02736306190490745
      ],
      [
        4.949117386068646,
        0.3796523220279888,
        -0.02736306190490745
      ],
      [
        4.949117386068646,
        0.3796523220279888,
        -0.02736306190490745
      ],
      [
        4.949117386068646,
        0.3796523220279888,
        -0.02736306190490745
      ],
      [
        4.949117386068646,
        0.3796523220279888,
        -0.02736306190490745
      ],
      [
        4.949117386068646,
        0.3796523220279888,
        -0.02736306190490745
      ],
      [
        4.949117386068646,
        0.3796523220279888,
        -0.02736306190490745
      ],
      [
        4.949117386068646,
        0.3796523220279888,
        -0.02736306190490745
      ],
      [
        4.949117386068646,
        0.3796523220279888,
        -0.02736306190490745
      ],
      [
        4.949117386068646,
        0.3796523220279888,
        -0.02736306190490745
      ],
      [
        4.949117386068646,
        0.3796523220279888,
        -0.02736306190490745
      ],
      [
        4.949117386068646,
        0.3796523220279888,
        -0.02736306190490745
      ],
      [
        4.949117386068646,
        0.3796523220279888,
        -0.02736306190490745
      ],
      [
        4.949117386068646,
        0.3796523220279888,
        -0.02736306190490745
      ],
      [
        4.949117386068646,
        0.3796523220279888,
        -0.02736306190490745
      ],
      [
        4.949117386068646,
        0.3796523220279888,
        -0.02736306190490745
      ],
      [
        4.949117386068646,
        0.3796523220279888,
        -0.02736306190490745
      ],
      [
        4.949117386068646,
        0.3796523220279888,
        -0.02736306190490745
      ]
    ],
    "color": [
      108,
      147,
      125
    ]
  },
  "images": {
    "start": "images/start.png",
    "target": "images/target.png",
    "context": [
      "images/context_0.png",
      "images/context_1.png",
      "images/context_2.png",
      "images/context_3.png"
    ],
    "renders": {
      "iperceive": "images/render_iperceive.png",
      "nbv_l": "images/render_nbv_l.png",
      "vln": "images/render_vln.png",
      "vlm": "images/render_vlm.png"
    }
  }
}