{
  "dataset": "replica",
  "data_name": "office_2_20260504_094810_877537",
  "instruction": "peek at the poster on the wall",
  "target_2d_coord": null,
  "fov_rad": 1.0471975667402222,
  "gt_cameras": [
    {
      "label": "start",
      "pose": [
        [
          0.5737660814667935,
          -0.15853486236978145,
          0.803529203683124,
          -2.2794518497199276
        ],
        [
          -0.8190192206280881,
          -0.11106201718688631,
          0.5629145091220682,
          0.3557893163242526
        ],
        [
          2.4360429914820407e-17,
          -0.981087114252233,
          -0.19356671782159712,
          0.3334041505754001
        ],
        [
          0.0,
          0.0,
          0.0,
          1.0
        ]
      ],
      "color": [
        0,
        0,
        0
      ],
      "visible": false
    },
    {
      "label": "context_0",
      "pose": [
        [
          -0.6246548086639575,
          0.1572805923816915,
          -0.7648981652912773,
          2.045985227317857
        ],
        [
          0.7809009750064477,
          0.12581118470397232,
          -0.6118539062225807,
          2.9065650318212275
        ],
        [
          -6.236990732905179e-10,
          -0.9795071776785983,
          -0.20140914160329113,
          0.3334041684806171
        ],
        [
          0.0,
          0.0,
          0.0,
          1.0
        ]
      ],
      "color": [
        0,
        0,
        0
      ],
      "visible": false
    },
    {
      "label": "context_1",
      "pose": [
        [
          -0.9959431272773612,
          0.026316863394744205,
          -0.08605073437396732,
          0.0361816815763043
        ],
        [
          0.08998502686237658,
          0.2912716450136048,
          -0.9523988179846097,
          1.3329422655555012
        ],
        [
          7.16696502145453e-09,
          -0.9562783458361188,
          -0.29245809661016775,
          0.3334041209115666
        ],
        [
          0.0,
          0.0,
          0.0,
          1.0
        ]
      ],
      "color": [
        0,
        0,
        0
      ],
      "visible": false
    },
    {
      "label": "context_2",
      "pose": [
        [
          0.5491197000396846,
          0.1255499849280917,
          -0.8262594672825972,
          1.4063005581784176
        ],
        [
          0.8357436895727217,
          -0.08249176472681749,
          0.5428881633044682,
          0.9985743287768631
        ],
        [
          -2.537879628672357e-09,
          -0.9886517502817989,
          -0.15022546223085567,
          0.3334041460639325
        ],
        [
          0.0,
          0.0,
          0.0,
          1.0
        ]
      ],
      "color": [
        0,
        0,
        0
      ],
      "visible": false
    },
    {
      "label": "target",
      "pose": [
        [
          0.9123945939274571,
          0.02503574276356696,
          0.4085453394707062,
          0.344023139081846
        ],
        [
          -0.4093116804388219,
          0.05580705551028575,
          0.910686283499375,
          3.158945708045258
        ],
        [
          1.5168810374444064e-09,
          -0.9981276527629747,
          0.061165473895568895,
          0.3334041663673922
        ],
        [
          0.0,
          0.0,
          0.0,
          1.0
        ]
      ],
      "color": [
        144,
        238,
        144
      ],
      "visible": true
    }
  ],
  "algorithms": [
    {
      "key": "iperceive",
      "paper_name": "I-Perceive (Ours)",
      "color": [
        255,
        102,
        31
      ],
      "pose": [
        [
          0.7908663829696624,
          0.009808489242420865,
          0.6119102743215963,
          0.06252669357000995
        ],
        [
          -0.6114123082734506,
          -0.03072865449238317,
          0.7907153568655633,
          2.503852830030889
        ],
        [
          0.026558905936528307,
          -0.9994796368600349,
          -0.018305240334613504,
          0.3115568712806302
        ],
        [
          0.0,
          0.0,
          0.0,
          1.0
        ]
      ],
      "metrics": {
        "coverage_iou": 0.33500156396621833,
        "trans_error": 0.7133472217090168,
        "rot_error": 0.2517691078905342,
        "soft_f1": 0.5925647368513829
      }
    },
    {
      "key": "nbv_l",
      "paper_name": "NBV+L",
      "color": [
        30,
        85,
        230
      ],
      "pose": [
        [
          1.0,
          -2.419057808168928e-17,
          2.7649957270774064e-16,
          1.0353678797638943
        ],
        [
          -2.775557561562892e-16,
          -0.08715574274765817,
          0.9961946980917455,
          3.970607961379026
        ],
        [
          0.0,
          -0.9961946980917455,
          -0.08715574274765817,
          -0.38123997255109815
        ],
        [
          0.0,
          0.0,
          0.0,
          1.0
        ]
      ],
      "metrics": {
        "coverage_iou": 0.08569299552906111,
        "trans_error": 1.2835378356665472,
        "rot_error": 0.44670587619393,
        "soft_f1": 0.24713456084274976
      }
    },
    {
      "key": "vln",
      "paper_name": "VLN+P",
      "color": [
        20,
        107,
        58
      ],
      "pose": [
        [
          0.5737660814667933,
          -0.11398544468070702,
          0.8110485818736026,
          -1.8699422394058838
        ],
        [
          -0.8190192206280879,
          -0.0798528047834392,
          0.56818222940354,
          0.6426723570576498
        ],
        [
          0.0,
          -0.9902680687415703,
          -0.1391731009600654,
          0.33340415057540024
        ],
        [
          0.0,
          0.0,
          0.0,
          1.0
        ]
      ],
      "metrics": {
        "coverage_iou": 0.1262135922330097,
        "trans_error": 3.3516077192409037,
        "rot_error": 0.5734095266536292,
        "soft_f1": 0.26498026551847864
      }
    },
    {
      "key": "vlm",
      "paper_name": "VLM",
      "color": [
        0,
        200,
        209
      ],
      "pose": [
        [
          0.9794967725189819,
          0.019923808904567283,
          0.20047222865931327,
          -0.9510632115122923
        ],
        [
          -0.20145985363068666,
          0.09686945645301513,
          0.9746949449861735,
          0.8916353331292106
        ],
        [
          0.0,
          -0.9950976586472463,
          0.0988971675770763,
          0.1734312058821372
        ],
        [
          0.0,
          0.0,
          0.0,
          1.0
        ]
      ],
      "metrics": {
        "coverage_iou": 0.19038701622971285,
        "trans_error": 2.616015368506314,
        "rot_error": 0.22208841958899317,
        "soft_f1": 0.3928122643880372
      }
    }
  ],
  "vln_trajectory": {
    "points": [
      [
        -2.279451849719928,
        0.355789316324253,
        0.33340415057540024
      ],
      [
        -2.279451849719928,
        0.355789316324253,
        0.33340415057540024
      ],
      [
        -2.279451849719928,
        0.355789316324253,
        0.33340415057540024
      ],
      [
        -2.279451849719928,
        0.355789316324253,
        0.33340415057540024
      ],
      [
        -2.279451849719928,
        0.355789316324253,
        0.33340415057540024
      ],
      [
        -2.279451849719928,
        0.355789316324253,
        0.33340415057540024
      ],
      [
        -2.279451849719928,
        0.355789316324253,
        0.33340415057540024
      ],
      [
        -2.279451849719928,
        0.355789316324253,
        0.33340415057540024
      ],
      [
        -2.279451849719928,
        0.355789316324253,
        0.33340415057540024
      ],
      [
        -2.279451849719928,
        0.355789316324253,
        0.33340415057540024
      ],
      [
        -2.279451849719928,
        0.355789316324253,
        0.33340415057540024
      ],
      [
        -2.279451849719928,
        0.355789316324253,
        0.33340415057540024
      ],
      [
        -2.279451849719928,
        0.355789316324253,
        0.33340415057540024
      ],
      [
        -2.279451849719928,
        0.355789316324253,
        0.33340415057540024
      ],
      [
        -2.279451849719928,
        0.355789316324253,
        0.33340415057540024
      ],
      [
        -2.074697044562906,
        0.49923083669095136,
        0.33340415057540024
      ],
      [
        -1.8699422394058838,
        0.6426723570576498,
        0.33340415057540024
      ],
      [
        -1.8699422394058838,
        0.6426723570576498,
        0.33340415057540024
      ],
      [
        -1.8699422394058838,
        0.6426723570576498,
        0.33340415057540024
      ],
      [
        -1.8699422394058838,
        0.6426723570576498,
        0.33340415057540024
      ],
      [
        -1.8699422394058838,
        0.6426723570576498,
        0.33340415057540024
      ]
    ],
    "color": [
      108,
      147,
      125
    ]
  },
  "images": {
    "start": "images/start.png",
    "target": "images/target.png",
    "context": [
      "images/context_0.png",
      "images/context_1.png",
      "images/context_2.png"
    ],
    "renders": {
      "iperceive": "images/render_iperceive.png",
      "nbv_l": "images/render_nbv_l.png",
      "vln": "images/render_vln.png",
      "vlm": "images/render_vlm.png"
    }
  }
}