{
  "dataset": "hssd",
  "data_name": "20260503_083833_641c0c",
  "instruction": "Look at the door handle on the closed door",
  "target_2d_coord": null,
  "fov_rad": 0.8726646221409238,
  "gt_cameras": [
    {
      "label": "start",
      "pose": [
        [
          -0.7358545188366369,
          -0.03958628524925314,
          0.675981547919665,
          -6.1044878389087485
        ],
        [
          -0.6771396658797221,
          0.043018816283306095,
          -0.7345959803442171,
          2.1564455277453525
        ],
        [
          3.245239317504896e-18,
          -0.9982896911547008,
          -0.05846103432417253,
          1.5431978688634993
        ],
        [
          0.0,
          0.0,
          0.0,
          1.0
        ]
      ],
      "color": [
        0,
        0,
        0
      ],
      "visible": false
    },
    {
      "label": "context_0",
      "pose": [
        [
          -0.9979052691641559,
          -0.011000148360766529,
          0.06375007449840175,
          -5.053641881758115
        ],
        [
          -0.0646921146495612,
          0.1696821916319643,
          -0.9833731931422638,
          1.2606533107252142
        ],
        [
          -2.2444499730989165e-09,
          -0.985437435022465,
          -0.1700383762435115,
          1.6096844099234238
        ],
        [
          0.0,
          0.0,
          0.0,
          1.0
        ]
      ],
      "color": [
        0,
        0,
        0
      ],
      "visible": false
    },
    {
      "label": "context_1",
      "pose": [
        [
          -0.16655999859094517,
          -0.0960653702282338,
          0.9813404934358035,
          -5.949986245155173
        ],
        [
          -0.9860313495655859,
          0.01622731854547602,
          -0.16576761372795223,
          2.25195868381086
        ],
        [
          2.3343338720338558e-09,
          -0.995242755442048,
          -0.09742628521617348,
          1.609897492746414
        ],
        [
          0.0,
          0.0,
          0.0,
          1.0
        ]
      ],
      "color": [
        0,
        0,
        0
      ],
      "visible": false
    },
    {
      "label": "context_2",
      "pose": [
        [
          -0.970012721160173,
          -0.03898615009791957,
          0.2399071397834941,
          -5.056569217150999
        ],
        [
          -0.24305422609117944,
          0.15559105050991745,
          -0.9574529344104878,
          4.025242670536667
        ],
        [
          5.546659565675016e-09,
          -0.9870519205465026,
          -0.16040104767528607,
          1.7537140436474385
        ],
        [
          0.0,
          0.0,
          0.0,
          1.0
        ]
      ],
      "color": [
        0,
        0,
        0
      ],
      "visible": false
    },
    {
      "label": "target",
      "pose": [
        [
          -0.44438716643424925,
          -0.2879279465867069,
          0.8483027522244364,
          -3.7997591114363325
        ],
        [
          -0.8958348358796558,
          0.14282932857299274,
          -0.42080845202744793,
          0.9422146383896282
        ],
        [
          -3.919974008587124e-09,
          -0.94694100475179,
          -0.3214074133850682,
          1.3654558913758046
        ],
        [
          0.0,
          0.0,
          0.0,
          1.0
        ]
      ],
      "color": [
        144,
        238,
        144
      ],
      "visible": true
    }
  ],
  "algorithms": [
    {
      "key": "iperceive",
      "paper_name": "I-Perceive (Ours)",
      "color": [
        255,
        102,
        31
      ],
      "pose": [
        [
          -0.2918211737423465,
          -0.23666089994618789,
          0.9267319032767174,
          -3.908099711687779
        ],
        [
          -0.956313619175299,
          0.054513099295896365,
          -0.287215206331362,
          0.8264316853948628
        ],
        [
          0.017453573247901293,
          -0.9700618466702703,
          -0.24223013749185635,
          1.2371426335702087
        ],
        [
          0.0,
          0.0,
          0.0,
          1.0
        ]
      ],
      "metrics": {
        "coverage_iou": 0.6724137931034483,
        "trans_error": 0.20397961741771872,
        "rot_error": 0.18529010037067759,
        "soft_f1": 0.9511918274687855
      }
    },
    {
      "key": "nbv_l",
      "paper_name": "NBV+L",
      "color": [
        30,
        85,
        230
      ],
      "pose": [
        [
          -0.7071067811865476,
          0.0,
          -0.7071067811865476,
          -2.781195344447827
        ],
        [
          0.7071067811865476,
          0.0,
          -0.7071067811865476,
          0.7247245047305149
        ],
        [
          0.0,
          -1.0,
          0.0,
          1.0076818768111009
        ],
        [
          0.0,
          0.0,
          0.0,
          1.0
        ]
      ],
      "metrics": {
        "coverage_iou": 0.0102880658436214,
        "trans_error": 1.1012612714308887,
        "rot_error": 1.9148249761702214,
        "soft_f1": 0.2983425414364641
      }
    },
    {
      "key": "vln",
      "paper_name": "VLN+P",
      "color": [
        20,
        107,
        58
      ],
      "pose": [
        [
          0.7358545188366361,
          0.0,
          -0.6771396658797227,
          -6.288451468617907
        ],
        [
          0.6771396658797227,
          0.0,
          0.7358545188366361,
          1.9871606112754223
        ],
        [
          0.0,
          -1.0,
          0.0,
          1.543197868863499
        ],
        [
          0.0,
          0.0,
          0.0,
          1.0
        ]
      ],
      "metrics": {
        "coverage_iou": 0.0,
        "trans_error": 2.7050127320341764,
        "rot_error": 2.7801026894777037,
        "soft_f1": 0.0
      }
    },
    {
      "key": "vlm",
      "paper_name": "VLM",
      "color": [
        0,
        200,
        209
      ],
      "pose": [
        [
          -0.0219985855907134,
          -0.27029918468770386,
          0.9625250194094545,
          -5.555472331650588
        ],
        [
          -0.9997580018344481,
          0.005947639067196128,
          -0.021179314377909063,
          1.7140809135896589
        ],
        [
          0.0,
          -0.9627580050805546,
          -0.2703646124279416,
          1.4762065777974196
        ],
        [
          0.0,
          0.0,
          0.0,
          1.0
        ]
      ],
      "metrics": {
        "coverage_iou": 0.08275862068965517,
        "trans_error": 1.9210861840338593,
        "rot_error": 0.44168260631726214,
        "soft_f1": 0.21994453153261784
      }
    }
  ],
  "vln_trajectory": {
    "points": [
      [
        -6.1044878389087485,
        2.156445527745353,
        1.543197868863499
      ],
      [
        -6.1044878389087485,
        2.156445527745353,
        1.543197868863499
      ],
      [
        -6.1044878389087485,
        2.156445527745353,
        1.543197868863499
      ],
      [
        -6.1044878389087485,
        2.156445527745353,
        1.543197868863499
      ],
      [
        -6.1044878389087485,
        2.156445527745353,
        1.543197868863499
      ],
      [
        -6.1044878389087485,
        2.156445527745353,
        1.543197868863499
      ],
      [
        -6.1044878389087485,
        2.156445527745353,
        1.543197868863499
      ],
      [
        -6.288451468617907,
        1.9871606112754223,
        1.543197868863499
      ],
      [
        -6.288451468617907,
        1.9871606112754223,
        1.543197868863499
      ],
      [
        -6.288451468617907,
        1.9871606112754223,
        1.543197868863499
      ],
      [
        -6.288451468617907,
        1.9871606112754223,
        1.543197868863499
      ],
      [
        -6.288451468617907,
        1.9871606112754223,
        1.543197868863499
      ],
      [
        -6.288451468617907,
        1.9871606112754223,
        1.543197868863499
      ],
      [
        -6.288451468617907,
        1.9871606112754223,
        1.543197868863499
      ],
      [
        -6.288451468617907,
        1.9871606112754223,
        1.543197868863499
      ],
      [
        -6.288451468617907,
        1.9871606112754223,
        1.543197868863499
      ],
      [
        -6.288451468617907,
        1.9871606112754223,
        1.543197868863499
      ],
      [
        -6.288451468617907,
        1.9871606112754223,
        1.543197868863499
      ],
      [
        -6.288451468617907,
        1.9871606112754223,
        1.543197868863499
      ]
    ],
    "color": [
      108,
      147,
      125
    ]
  },
  "images": {
    "start": "images/start.png",
    "target": "images/target.png",
    "context": [
      "images/context_0.png",
      "images/context_1.png",
      "images/context_2.png"
    ],
    "renders": {
      "iperceive": "images/render_iperceive.png",
      "nbv_l": "images/render_nbv_l.png",
      "vln": "images/render_vln.png",
      "vlm": "images/render_vlm.png"
    }
  }
}