{
  "dataset": "replica",
  "data_name": "room_1_20260504_101730_006132",
  "instruction": "Focus on the wooden frame mounted on the wall above the dresser",
  "target_2d_coord": null,
  "fov_rad": 1.0471975667402222,
  "gt_cameras": [
    {
      "label": "start",
      "pose": [
        [
          -0.8450646810619679,
          0.08876706740482579,
          -0.5272438644175789,
          0.2893090936174193
        ],
        [
          0.5346640859657914,
          0.14030101417746021,
          -0.8333366310196269,
          1.6404462735594398
        ],
        [
          4.747178429544094e-18,
          -0.9861217131597515,
          -0.16602399475641105,
          0.09204649925231871
        ],
        [
          0.0,
          0.0,
          0.0,
          1.0
        ]
      ],
      "color": [
        0,
        0,
        0
      ],
      "visible": false
    },
    {
      "label": "context_0",
      "pose": [
        [
          0.22925659076490956,
          0.17502384362341128,
          -0.9575009561326212,
          -0.5570021823311343
        ],
        [
          0.9733660069595139,
          -0.04122331715167203,
          0.22551992372249047,
          -0.9479461254502561
        ],
        [
          2.437399782007077e-09,
          -0.9837008124750425,
          -0.17981297597720639,
          0.09204649213143284
        ],
        [
          0.0,
          0.0,
          0.0,
          1.0
        ]
      ],
      "color": [
        0,
        0,
        0
      ],
      "visible": false
    },
    {
      "label": "context_1",
      "pose": [
        [
          0.990421786138173,
          -0.020469328929689418,
          0.13654930586475256,
          -3.2082121133422867
        ],
        [
          -0.13807501037169018,
          -0.14682791874285717,
          0.9794778143272518,
          -2.0345437663523755
        ],
        [
          -3.380709601152887e-11,
          -0.988950229408514,
          -0.1482478567173708,
          0.09204646224891966
        ],
        [
          0.0,
          0.0,
          0.0,
          1.0
        ]
      ],
      "color": [
        0,
        0,
        0
      ],
      "visible": false
    },
    {
      "label": "context_2",
      "pose": [
        [
          -0.913465691976322,
          -0.0747692822621846,
          0.39998749731013006,
          -4.544263015458767
        ],
        [
          -0.40691578858220423,
          0.16784596665720414,
          -0.8979127582235913,
          0.5041082834887713
        ],
        [
          9.975524017935555e-10,
          -0.982973704132524,
          -0.18374633187825018,
          0.09204650025887051
        ],
        [
          0.0,
          0.0,
          0.0,
          1.0
        ]
      ],
      "color": [
        0,
        0,
        0
      ],
      "visible": false
    },
    {
      "label": "target",
      "pose": [
        [
          -0.4616651632867219,
          -0.05425708830812706,
          -0.8853933904320905,
          -3.466605538549991
        ],
        [
          0.8870542692874357,
          -0.028237963538381344,
          -0.46080071605549255,
          -1.0788586719335698
        ],
        [
          1.2612832028802146e-09,
          -0.9981276137765586,
          0.06116546962489286,
          0.09204650099851663
        ],
        [
          0.0,
          0.0,
          0.0,
          1.0
        ]
      ],
      "color": [
        144,
        238,
        144
      ],
      "visible": true
    }
  ],
  "algorithms": [
    {
      "key": "iperceive",
      "paper_name": "I-Perceive (Ours)",
      "color": [
        255,
        102,
        31
      ],
      "pose": [
        [
          -0.6278770270818226,
          0.06976036264432148,
          -0.7751799203939325,
          -2.6983537217861033
        ],
        [
          0.7783025777625721,
          0.06131626602516829,
          -0.6248882985217128,
          -1.2941651712771376
        ],
        [
          0.003938705933163027,
          -0.9956775314798373,
          -0.09279374967960216,
          -0.06903634512762746
        ],
        [
          0.0,
          0.0,
          0.0,
          1.0
        ]
      ],
      "metrics": {
        "coverage_iou": 0.1675603217158177,
        "trans_error": 0.8139505246547565,
        "rot_error": 0.2513103879411707,
        "soft_f1": 0.3907669448962475
      }
    },
    {
      "key": "nbv_l",
      "paper_name": "NBV+L",
      "color": [
        30,
        85,
        230
      ],
      "pose": [
        [
          0.27563735581699916,
          -0.0670542262539547,
          0.958920110759857,
          -5.184118615932233
        ],
        [
          -0.9612616959383189,
          -0.019227489973948627,
          0.27496591707171397,
          -1.7552088570075413
        ],
        [
          0.0,
          -0.9975640502598242,
          -0.0697564737441253,
          0.17665338784743
        ],
        [
          0.0,
          0.0,
          0.0,
          1.0
        ]
      ],
      "metrics": {
        "coverage_iou": 0.06885593220338983,
        "trans_error": 1.847825407600904,
        "rot_error": 2.9414056495515184,
        "soft_f1": 0.5175834084761046
      }
    },
    {
      "key": "vln",
      "paper_name": "VLN+P",
      "color": [
        20,
        107,
        58
      ],
      "pose": [
        [
          -0.6778885521422108,
          -0.0640738239735397,
          -0.7323671592554821,
          -1.7323937841538637
        ],
        [
          0.735164682825921,
          -0.05908188026208899,
          -0.6753089815411601,
          -0.2237472448316402
        ],
        [
          6.938893903907228e-18,
          -0.9961946980917457,
          0.08715574274765815,
          0.09204649925231867
        ],
        [
          0.0,
          0.0,
          0.0,
          1.0
        ]
      ],
      "metrics": {
        "coverage_iou": 0.15765853658536585,
        "trans_error": 1.9335734629429324,
        "rot_error": 0.26628631317123364,
        "soft_f1": 0.34488341968911923
      }
    },
    {
      "key": "vlm",
      "paper_name": "VLM",
      "color": [
        0,
        200,
        209
      ],
      "pose": [
        [
          -0.8764926794167094,
          -0.18803366248361733,
          -0.443174824084034,
          -1.748718934560951
        ],
        [
          0.48141518767994573,
          -0.3423450960179759,
          -0.8068700343323735,
          0.8294329793254034
        ],
        [
          0.0,
          -0.9205667694444766,
          0.39058523140866463,
          -0.20679669130922118
        ],
        [
          0.0,
          0.0,
          0.0,
          1.0
        ]
      ],
      "metrics": {
        "coverage_iou": 0.11895910780669144,
        "trans_error": 2.5849602076212386,
        "rot_error": 0.677343566812163,
        "soft_f1": 0.2604054276643556
      }
    }
  ],
  "vln_trajectory": {
    "points": [
      [
        0.2893090936174193,
        1.6404462735594396,
        0.09204649925231867
      ],
      [
        0.2893090936174193,
        1.6404462735594396,
        0.09204649925231867
      ],
      [
        0.2893090936174193,
        1.6404462735594396,
        0.09204649925231867
      ],
      [
        0.2893090936174193,
        1.6404462735594396,
        0.09204649925231867
      ],
      [
        0.2893090936174193,
        1.6404462735594396,
        0.09204649925231867
      ],
      [
        0.2893090936174193,
        1.6404462735594396,
        0.09204649925231867
      ],
      [
        0.2893090936174193,
        1.6404462735594396,
        0.09204649925231867
      ],
      [
        0.2893090936174193,
        1.6404462735594396,
        0.09204649925231867
      ],
      [
        0.2893090936174193,
        1.6404462735594396,
        0.09204649925231867
      ],
      [
        0.2893090936174193,
        1.6404462735594396,
        0.09204649925231867
      ],
      [
        0.2893090936174193,
        1.6404462735594396,
        0.09204649925231867
      ],
      [
        0.2893090936174193,
        1.6404462735594396,
        0.09204649925231867
      ],
      [
        0.2893090936174193,
        1.6404462735594396,
        0.09204649925231867
      ],
      [
        0.2893090936174193,
        1.6404462735594396,
        0.09204649925231867
      ],
      [
        0.2893090936174193,
        1.6404462735594396,
        0.09204649925231867
      ],
      [
        0.2893090936174193,
        1.6404462735594396,
        0.09204649925231867
      ],
      [
        -0.26206441850202145,
        1.1320298594527816,
        0.09204649925231867
      ],
      [
        -0.8134379306214622,
        0.6236134453461234,
        0.09204649925231867
      ],
      [
        -1.364811442740903,
        0.11519703123946523,
        0.09204649925231867
      ],
      [
        -1.5486026134473834,
        -0.05427510679608749,
        0.09204649925231867
      ],
      [
        -1.7323937841538637,
        -0.2237472448316402,
        0.09204649925231867
      ]
    ],
    "color": [
      108,
      147,
      125
    ]
  },
  "images": {
    "start": "images/start.png",
    "target": "images/target.png",
    "context": [
      "images/context_0.png",
      "images/context_1.png",
      "images/context_2.png"
    ],
    "renders": {
      "iperceive": "images/render_iperceive.png",
      "nbv_l": "images/render_nbv_l.png",
      "vln": "images/render_vln.png",
      "vlm": "images/render_vlm.png"
    }
  }
}