{
  "dataset": "hssd",
  "data_name": "20260430_095434_477f37",
  "instruction": "Inspect the handle of the door.",
  "target_2d_coord": null,
  "fov_rad": 0.8726646221409238,
  "gt_cameras": [
    {
      "label": "start",
      "pose": [
        [
          -0.05664891419491922,
          0.0,
          -0.9983941609006619,
          -7.437183448851593
        ],
        [
          0.9983941609006619,
          0.0,
          -0.056648914194919235,
          7.201111852945685
        ],
        [
          0.0,
          -1.0,
          0.0,
          1.5
        ],
        [
          0.0,
          0.0,
          0.0,
          1.0
        ]
      ],
      "color": [
        0,
        0,
        0
      ],
      "visible": false
    },
    {
      "label": "context_0",
      "pose": [
        [
          -0.9838542314461696,
          0.0,
          -0.17897161968909986,
          -8.838657233470316
        ],
        [
          0.17897161968909986,
          0.0,
          -0.9838542314461696,
          8.989113780531712
        ],
        [
          0.0,
          -1.0,
          0.0,
          1.5
        ],
        [
          0.0,
          0.0,
          0.0,
          1.0
        ]
      ],
      "color": [
        0,
        0,
        0
      ],
      "visible": false
    },
    {
      "label": "context_1",
      "pose": [
        [
          -0.6194845110668178,
          0.0,
          -0.7850089088008185,
          -8.628557235713027
        ],
        [
          0.7850089088008185,
          0.0,
          -0.6194845110668178,
          8.322104026468926
        ],
        [
          0.0,
          -1.0,
          0.0,
          1.5
        ],
        [
          0.0,
          0.0,
          0.0,
          1.0
        ]
      ],
      "color": [
        0,
        0,
        0
      ],
      "visible": false
    },
    {
      "label": "target",
      "pose": [
        [
          -0.9631178431009287,
          0.1320656202929439,
          -0.2344412024418401,
          -9.17717564428347
        ],
        [
          0.2690799123434168,
          0.4727025146324892,
          -0.8391354667619221,
          6.644297990125544
        ],
        [
          -4.160789032028202e-09,
          -0.8712697776513625,
          -0.49080442460991197,
          1.295273552424265
        ],
        [
          0.0,
          0.0,
          0.0,
          1.0
        ]
      ],
      "color": [
        144,
        238,
        144
      ],
      "visible": true
    }
  ],
  "algorithms": [
    {
      "key": "iperceive",
      "paper_name": "I-Perceive (Ours)",
      "color": [
        255,
        102,
        31
      ],
      "pose": [
        [
          -0.8942434309726895,
          0.10797190494018932,
          -0.4343624991605626,
          -9.393563743813765
        ],
        [
          0.44726467681935433,
          0.25204898147429433,
          -0.8581524728032585,
          6.724546678763591
        ],
        [
          0.016824276999755885,
          -0.9616721636454505,
          -0.2736851788025836,
          1.1948737228839035
        ],
        [
          0.0,
          0.0,
          0.0,
          1.0
        ]
      ],
      "metrics": {
        "coverage_iou": 0.17371937639198218,
        "trans_error": 0.25168187777920414,
        "rot_error": 0.30255649031917253,
        "soft_f1": 0.5052415093261733
      }
    },
    {
      "key": "nbv_l",
      "paper_name": "NBV+L",
      "color": [
        30,
        85,
        230
      ],
      "pose": [
        [
          -0.7071067811865476,
          0.0,
          -0.7071067811865476,
          -9.252407841009667
        ],
        [
          0.7071067811865476,
          0.0,
          -0.7071067811865476,
          6.24055011500845
        ],
        [
          0.0,
          -1.0,
          0.0,
          1.0149800612751168
        ],
        [
          0.0,
          0.0,
          0.0,
          1.0
        ]
      ],
      "metrics": {
        "coverage_iou": 0.00881057268722467,
        "trans_error": 0.4972290055996833,
        "rot_error": 0.7214493502773222,
        "soft_f1": 0.1469387755102041
      }
    },
    {
      "key": "vln",
      "paper_name": "VLN+P",
      "color": [
        20,
        107,
        58
      ],
      "pose": [
        [
          0.9983941609006618,
          0.007884005054527635,
          -0.05609761085610999,
          -4.691360749253233
        ],
        [
          0.056648914194919624,
          -0.13894961135296763,
          0.9886778575579588,
          7.888092994517249
        ],
        [
          0.0,
          -0.9902680687415703,
          -0.13917310096006544,
          1.5
        ],
        [
          0.0,
          0.0,
          0.0,
          1.0
        ]
      ],
      "metrics": {
        "coverage_iou": 0.0,
        "trans_error": 4.6595573267664685,
        "rot_error": 2.8182455508878546,
        "soft_f1": 0.0
      }
    },
    {
      "key": "vlm",
      "paper_name": "VLM",
      "color": [
        0,
        200,
        209
      ],
      "pose": [
        [
          -0.6263147740413065,
          0.1797093593117152,
          -0.7585738922434386,
          -8.513333398330735
        ],
        [
          0.7795702686849898,
          0.14438034811189823,
          -0.6094460691984976,
          6.749590856471292
        ],
        [
          0.0,
          -0.9730667301140554,
          -0.2305236186275499,
          1.2589189419474593
        ],
        [
          0.0,
          0.0,
          0.0,
          1.0
        ]
      ],
      "metrics": {
        "coverage_iou": 0.23189926547743966,
        "trans_error": 0.6731231815836791,
        "rot_error": 0.679989643868531,
        "soft_f1": 0.5430769230769231
      }
    }
  ],
  "vln_trajectory": {
    "points": [
      [
        -7.437183448851593,
        7.201111852945685,
        1.5
      ],
      [
        -7.437183448851593,
        7.201111852945685,
        1.5
      ],
      [
        -7.437183448851593,
        7.201111852945685,
        1.5
      ],
      [
        -7.437183448851593,
        7.201111852945685,
        1.5
      ],
      [
        -7.437183448851593,
        7.201111852945685,
        1.5
      ],
      [
        -6.688387828176097,
        7.243598538591875,
        1.5
      ],
      [
        -5.939592207500601,
        7.2860852242380645,
        1.5
      ],
      [
        -5.190796586825105,
        7.328571909884254,
        1.5
      ],
      [
        -5.190796586825105,
        7.328571909884254,
        1.5
      ],
      [
        -4.691360749253233,
        7.888092994517249,
        1.5
      ],
      [
        -4.691360749253233,
        7.888092994517249,
        1.5
      ],
      [
        -4.691360749253233,
        7.888092994517249,
        1.5
      ]
    ],
    "color": [
      108,
      147,
      125
    ]
  },
  "images": {
    "start": "images/start.png",
    "target": "images/target.png",
    "context": [
      "images/context_0.png",
      "images/context_1.png"
    ],
    "renders": {
      "iperceive": "images/render_iperceive.png",
      "nbv_l": "images/render_nbv_l.png",
      "vln": "images/render_vln.png",
      "vlm": "images/render_vlm.png"
    }
  }
}