{
  "dataset": "replica",
  "data_name": "frl_apartment_0_20260502_105908_149666",
  "instruction": "Inspect the potted plant between the white and red walls",
  "target_2d_coord": null,
  "fov_rad": 1.0471975667402222,
  "gt_cameras": [
    {
      "label": "start",
      "pose": [
        [
          -0.9561097398173999,
          -0.010193573139094622,
          0.29283144724049265,
          4.085319299196654
        ],
        [
          -0.2930088145880658,
          0.0332623937458377,
          -0.9555309768584128,
          -1.927704950929208
        ],
        [
          -1.931194393952599e-18,
          -0.9993946689016081,
          -0.03478930541193966,
          -0.14106273651123244
        ],
        [
          0.0,
          0.0,
          0.0,
          1.0
        ]
      ],
      "color": [
        0,
        0,
        0
      ],
      "visible": false
    },
    {
      "label": "context_0",
      "pose": [
        [
          -0.7482525065998584,
          -0.07599033575101627,
          0.6590475411328145,
          0.8077987963959239
        ],
        [
          -0.6634140453336801,
          0.08570810423007164,
          -0.7433276227032253,
          -2.7224075015843794
        ],
        [
          -2.430665810987387e-09,
          -0.9934181334839657,
          -0.11454435872122615,
          -0.14106274766096968
        ],
        [
          0.0,
          0.0,
          0.0,
          1.0
        ]
      ],
      "color": [
        0,
        0,
        0
      ],
      "visible": false
    },
    {
      "label": "context_1",
      "pose": [
        [
          0.337096696445784,
          0.20435059408612602,
          -0.9190248389527115,
          5.320657542586886
        ],
        [
          0.9414700202332287,
          -0.07316845242862774,
          0.32906010089154697,
          -8.17892483925782
        ],
        [
          -4.522001519763341e-09,
          -0.9761594269771983,
          -0.21705479789437318,
          -0.14106272960713837
        ],
        [
          0.0,
          0.0,
          0.0,
          1.0
        ]
      ],
      "color": [
        0,
        0,
        0
      ],
      "visible": false
    },
    {
      "label": "context_2",
      "pose": [
        [
          0.7101851840748252,
          -0.13074394570337677,
          0.6917680136843767,
          2.542796058036406
        ],
        [
          -0.7040148772810665,
          -0.13188984211309782,
          0.6978309690699942,
          -8.01043401317885
        ],
        [
          -1.1043410491629047e-09,
          -0.9826042419074685,
          -0.18571190499032264,
          -0.1410627376789191
        ],
        [
          0.0,
          0.0,
          0.0,
          1.0
        ]
      ],
      "color": [
        0,
        0,
        0
      ],
      "visible": false
    },
    {
      "label": "target",
      "pose": [
        [
          -0.8574219033654766,
          -0.010701312988272276,
          0.5145028681714167,
          4.957143533937092
        ],
        [
          -0.5146141488851692,
          0.017829940505475282,
          -0.8572364593155679,
          -7.288717188472035
        ],
        [
          9.002653310330455e-11,
          -0.9997837481734849,
          -0.020794828131753266,
          -0.14106273347436582
        ],
        [
          0.0,
          0.0,
          0.0,
          1.0
        ]
      ],
      "color": [
        144,
        238,
        144
      ],
      "visible": true
    }
  ],
  "algorithms": [
    {
      "key": "iperceive",
      "paper_name": "I-Perceive (Ours)",
      "color": [
        255,
        102,
        31
      ],
      "pose": [
        [
          -0.8979984108372296,
          -0.06385658243050726,
          0.43534032994964655,
          5.001048449644386
        ],
        [
          -0.43977100522077317,
          0.09842969884429144,
          -0.8926998216479934,
          -6.19161328778224
        ],
        [
          0.01415434202579469,
          -0.9930931430384246,
          -0.11647198784940949,
          -0.06606275244644719
        ],
        [
          0.0,
          0.0,
          0.0,
          1.0
        ]
      ],
      "metrics": {
        "coverage_iou": 0.4522906332068865,
        "trans_error": 1.1005407234646571,
        "rot_error": 0.12949941820540947,
        "soft_f1": 0.7569780424264979
      }
    },
    {
      "key": "nbv_l",
      "paper_name": "NBV+L",
      "color": [
        30,
        85,
        230
      ],
      "pose": [
        [
          0.7071067811865476,
          0.0,
          -0.7071067811865476,
          6.602959818879405
        ],
        [
          0.7071067811865476,
          0.0,
          0.7071067811865476,
          -9.462630221024407
        ],
        [
          0.0,
          -1.0,
          0.0,
          -0.1714969967148917
        ],
        [
          0.0,
          0.0,
          0.0,
          1.0
        ]
      ],
      "metrics": {
        "coverage_iou": 0.21773082223242995,
        "trans_error": 2.7268175880070658,
        "rot_error": 2.8967653613571125,
        "soft_f1": 0.5763260554167094
      }
    },
    {
      "key": "vln",
      "paper_name": "VLN+P",
      "color": [
        20,
        107,
        58
      ],
      "pose": [
        [
          0.9561097398174003,
          -0.06091995806551208,
          -0.28660586898317286,
          4.085319299196654
        ],
        [
          0.29300881458806555,
          0.1987863926127637,
          0.9352164480406132,
          -1.9277049509292083
        ],
        [
          0.0,
          -0.9781476007338058,
          0.2079116908177594,
          -0.14106273651123247
        ],
        [
          0.0,
          0.0,
          0.0,
          1.0
        ]
      ],
      "metrics": {
        "coverage_iou": 0.0,
        "trans_error": 5.431439170860686,
        "rot_error": 2.9000248298669,
        "soft_f1": 0.0
      }
    },
    {
      "key": "vlm",
      "paper_name": "VLM",
      "color": [
        0,
        200,
        209
      ],
      "pose": [
        [
          -0.8424467916899043,
          -0.039716693467477235,
          0.5373136769442943,
          4.034625784837836
        ],
        [
          -0.5387795496967076,
          0.06210183925325784,
          -0.8401547228873831,
          -3.358327999599049
        ],
        [
          0.0,
          -0.9972792717295257,
          -0.07371603745879877,
          -0.07897514922892296
        ],
        [
          0.0,
          0.0,
          0.0,
          1.0
        ]
      ],
      "metrics": {
        "coverage_iou": 0.154006968641115,
        "trans_error": 4.037679338319789,
        "rot_error": 0.060130435401169954,
        "soft_f1": 0.3411597076215817
      }
    }
  ],
  "vln_trajectory": {
    "points": [
      [
        4.085319299196654,
        -1.9277049509292083,
        -0.14106273651123247
      ],
      [
        4.085319299196654,
        -1.9277049509292083,
        -0.14106273651123247
      ],
      [
        4.085319299196654,
        -1.9277049509292083,
        -0.14106273651123247
      ],
      [
        4.085319299196654,
        -1.9277049509292083,
        -0.14106273651123247
      ],
      [
        4.085319299196654,
        -1.9277049509292083,
        -0.14106273651123247
      ],
      [
        4.085319299196654,
        -1.9277049509292083,
        -0.14106273651123247
      ],
      [
        4.085319299196654,
        -1.9277049509292083,
        -0.14106273651123247
      ],
      [
        4.085319299196654,
        -1.9277049509292083,
        -0.14106273651123247
      ],
      [
        4.085319299196654,
        -1.9277049509292083,
        -0.14106273651123247
      ],
      [
        4.085319299196654,
        -1.9277049509292083,
        -0.14106273651123247
      ],
      [
        4.085319299196654,
        -1.9277049509292083,
        -0.14106273651123247
      ],
      [
        4.085319299196654,
        -1.9277049509292083,
        -0.14106273651123247
      ],
      [
        4.085319299196654,
        -1.9277049509292083,
        -0.14106273651123247
      ],
      [
        4.085319299196654,
        -1.9277049509292083,
        -0.14106273651123247
      ],
      [
        4.085319299196654,
        -1.9277049509292083,
        -0.14106273651123247
      ],
      [
        4.085319299196654,
        -1.9277049509292083,
        -0.14106273651123247
      ],
      [
        4.085319299196654,
        -1.9277049509292083,
        -0.14106273651123247
      ],
      [
        4.085319299196654,
        -1.9277049509292083,
        -0.14106273651123247
      ],
      [
        4.085319299196654,
        -1.9277049509292083,
        -0.14106273651123247
      ],
      [
        4.085319299196654,
        -1.9277049509292083,
        -0.14106273651123247
      ],
      [
        4.085319299196654,
        -1.9277049509292083,
        -0.14106273651123247
      ]
    ],
    "color": [
      108,
      147,
      125
    ]
  },
  "images": {
    "start": "images/start.png",
    "target": "images/target.png",
    "context": [
      "images/context_0.png",
      "images/context_1.png",
      "images/context_2.png"
    ],
    "renders": {
      "iperceive": "images/render_iperceive.png",
      "nbv_l": "images/render_nbv_l.png",
      "vln": "images/render_vln.png",
      "vlm": "images/render_vlm.png"
    }
  }
}