{
  "dataset": "hssd",
  "data_name": "20260503_095946_0f0bb2",
  "instruction": "Check the toaster on the countertop",
  "target_2d_coord": null,
  "fov_rad": 0.8726646221409238,
  "gt_cameras": [
    {
      "label": "start",
      "pose": [
        [
          0.4833370376763113,
          0.046908290503870326,
          -0.8741767099919173,
          -9.201347389089847
        ],
        [
          0.8754343539125524,
          -0.025898588595787836,
          0.4826426784884009,
          0.8703183312720683
        ],
        [
          2.9744471376093947e-18,
          -0.998563405793919,
          -0.05358287608228363,
          1.6204619599182362
        ],
        [
          0.0,
          0.0,
          0.0,
          1.0
        ]
      ],
      "color": [
        0,
        0,
        0
      ],
      "visible": false
    },
    {
      "label": "context_0",
      "pose": [
        [
          0.07444010117271649,
          0.10684938895178309,
          -0.9914846736471512,
          -8.207598672224636
        ],
        [
          0.9972255103742728,
          -0.007976006420350568,
          0.07401154674265314,
          2.524233017723765
        ],
        [
          4.253324904085476e-09,
          -0.9942432333678092,
          -0.10714666495520958,
          1.738493545708318
        ],
        [
          0.0,
          0.0,
          0.0,
          1.0
        ]
      ],
      "color": [
        0,
        0,
        0
      ],
      "visible": false
    },
    {
      "label": "context_1",
      "pose": [
        [
          0.9184131166043499,
          0.1289849481163425,
          -0.37400571257109344,
          -11.038328905886912
        ],
        [
          0.3956228076666675,
          -0.29943033971028066,
          0.8682304410565909,
          1.3055654586869183
        ],
        [
          -6.0010002869703705e-09,
          -0.9453593506890926,
          -0.32603015268345636,
          1.953235132504318
        ],
        [
          0.0,
          0.0,
          0.0,
          1.0
        ]
      ],
      "color": [
        0,
        0,
        0
      ],
      "visible": false
    },
    {
      "label": "context_2",
      "pose": [
        [
          -0.2690296039946342,
          0.33174325707286234,
          -0.9041954699541347,
          -10.19626621358166
        ],
        [
          0.9631318970320861,
          0.0926651521960977,
          -0.25256703644394274,
          1.7214548555618578
        ],
        [
          5.734615941832555e-09,
          -0.9388075170806838,
          -0.34444217593777426,
          1.8131785080012366
        ],
        [
          0.0,
          0.0,
          0.0,
          1.0
        ]
      ],
      "color": [
        0,
        0,
        0
      ],
      "visible": false
    },
    {
      "label": "target",
      "pose": [
        [
          0.0987768362750846,
          0.41466745553228257,
          -0.9045960859667641,
          -11.442141749515798
        ],
        [
          0.9951095946916291,
          -0.041160837229982844,
          0.0897922709030598,
          1.977393471222174
        ],
        [
          -4.976381667853857e-10,
          -0.9090416306115328,
          -0.41670532330925003,
          1.5216410264502156
        ],
        [
          0.0,
          0.0,
          0.0,
          1.0
        ]
      ],
      "color": [
        144,
        238,
        144
      ],
      "visible": true
    }
  ],
  "algorithms": [
    {
      "key": "iperceive",
      "paper_name": "I-Perceive (Ours)",
      "color": [
        255,
        102,
        31
      ],
      "pose": [
        [
          0.21748691226763242,
          0.4524063051427033,
          -0.864886118445399,
          -11.760227001149122
        ],
        [
          0.9757486143441467,
          -0.07827645430566686,
          0.20441974711911443,
          2.1922990467377503
        ],
        [
          0.024780561550768146,
          -0.8883700221154802,
          -0.4584589212790446,
          1.475905867728999
        ],
        [
          0.0,
          0.0,
          0.0,
          1.0
        ]
      ],
      "metrics": {
        "coverage_iou": 0.442225392296719,
        "trans_error": 0.38659326662163407,
        "rot_error": 0.13194759029013678,
        "soft_f1": 0.7763869730425463
      }
    },
    {
      "key": "nbv_l",
      "paper_name": "NBV+L",
      "color": [
        30,
        85,
        230
      ],
      "pose": [
        [
          0.7071067811865481,
          0.13324161653246377,
          -0.7181506253410251,
          -11.97005137641231
        ],
        [
          0.707106781186547,
          -0.13324161653246397,
          0.7181506253410262,
          1.9658725173229943
        ],
        [
          0.0,
          -0.981627183447664,
          -0.19080899537654494,
          1.0465636059904446
        ],
        [
          0.0,
          0.0,
          0.0,
          1.0
        ]
      ],
      "metrics": {
        "coverage_iou": 0.23636363636363636,
        "trans_error": 0.7102956453480949,
        "rot_error": 0.7073281574412409,
        "soft_f1": 0.5094428079859176
      }
    },
    {
      "key": "vln",
      "paper_name": "VLN+P",
      "color": [
        20,
        107,
        58
      ],
      "pose": [
        [
          0.4833370376763107,
          0.15201758022394135,
          -0.8621345389863149,
          -9.201347389089847
        ],
        [
          0.8754343539125524,
          -0.08393059579142383,
          0.47599406202158445,
          0.8703183312720687
        ],
        [
          0.0,
          -0.9848077530122081,
          -0.1736481776669303,
          1.6204619599182362
        ],
        [
          0.0,
          0.0,
          0.0,
          1.0
        ]
      ],
      "metrics": {
        "coverage_iou": 0.11346808084850911,
        "trans_error": 2.501307699974268,
        "rot_error": 0.47825092595384605,
        "soft_f1": 0.29298277529370087
      }
    },
    {
      "key": "vlm",
      "paper_name": "VLM",
      "color": [
        0,
        200,
        209
      ],
      "pose": [
        [
          0.5648933739900296,
          0.243691346066666,
          -0.7883590577106202,
          -10.639670069053622
        ],
        [
          0.8251639085794775,
          -0.16682700886512644,
          0.5396973902947415,
          1.2473605702289694
        ],
        [
          -0.0,
          -0.9553969211617397,
          -0.29532477551785014,
          1.421235333995924
        ],
        [
          0.0,
          0.0,
          0.0,
          1.0
        ]
      ],
      "metrics": {
        "coverage_iou": 0.24190871369294606,
        "trans_error": 1.0894907561095326,
        "rot_error": 0.5176078045193886,
        "soft_f1": 0.5169155621136184
      }
    }
  ],
  "vln_trajectory": {
    "points": [
      [
        -9.201347389089847,
        0.8703183312720687,
        1.6204619599182362
      ],
      [
        -9.201347389089847,
        0.8703183312720687,
        1.6204619599182362
      ],
      [
        -9.201347389089847,
        0.8703183312720687,
        1.6204619599182362
      ],
      [
        -9.201347389089847,
        0.8703183312720687,
        1.6204619599182362
      ],
      [
        -9.201347389089847,
        0.8703183312720687,
        1.6204619599182362
      ],
      [
        -9.201347389089847,
        0.8703183312720687,
        1.6204619599182362
      ],
      [
        -9.201347389089847,
        0.8703183312720687,
        1.6204619599182362
      ],
      [
        -9.201347389089847,
        0.8703183312720687,
        1.6204619599182362
      ],
      [
        -9.201347389089847,
        0.8703183312720687,
        1.6204619599182362
      ],
      [
        -9.201347389089847,
        0.8703183312720687,
        1.6204619599182362
      ],
      [
        -9.201347389089847,
        0.8703183312720687,
        1.6204619599182362
      ],
      [
        -9.201347389089847,
        0.8703183312720687,
        1.6204619599182362
      ]
    ],
    "color": [
      108,
      147,
      125
    ]
  },
  "images": {
    "start": "images/start.png",
    "target": "images/target.png",
    "context": [
      "images/context_0.png",
      "images/context_1.png",
      "images/context_2.png"
    ],
    "renders": {
      "iperceive": "images/render_iperceive.png",
      "nbv_l": "images/render_nbv_l.png",
      "vln": "images/render_vln.png",
      "vlm": "images/render_vlm.png"
    }
  }
}