{
  "dataset": "hssd",
  "data_name": "20260504_082300_f43ca9",
  "instruction": "Check the faucet closely",
  "target_2d_coord": null,
  "fov_rad": 0.8726646221409238,
  "gt_cameras": [
    {
      "label": "start",
      "pose": [
        [
          0.2901385659433825,
          0.5176333149424481,
          -0.8049070529036318,
          -3.8689617381995394
        ],
        [
          0.9569846459334224,
          -0.156936047323344,
          0.24403168748793183,
          2.0330640184472815
        ],
        [
          -3.835784548943257e-17,
          -0.8410866948847887,
          -0.5409003343387601,
          1.662969487592419
        ],
        [
          0.0,
          0.0,
          0.0,
          1.0
        ]
      ],
      "color": [
        0,
        0,
        0
      ],
      "visible": false
    },
    {
      "label": "context_0",
      "pose": [
        [
          -0.19299338387980564,
          0.31990079746315736,
          -0.9275866533186353,
          -3.0998647497249405
        ],
        [
          0.9812000366787977,
          0.06292167130190573,
          -0.18244809537233983,
          3.121602003880401
        ],
        [
          -3.3254856091069485e-09,
          -0.9453593562483291,
          -0.3260301293894139,
          1.6896999109905253
        ],
        [
          0.0,
          0.0,
          0.0,
          1.0
        ]
      ],
      "color": [
        0,
        0,
        0
      ],
      "visible": false
    },
    {
      "label": "context_1",
      "pose": [
        [
          0.11820451572031836,
          -0.04863105110626775,
          -0.9917977218128696,
          -3.1799342273807545
        ],
        [
          0.9929892857224365,
          0.005788993345114041,
          0.11806266646403815,
          1.9942183487940102
        ],
        [
          2.285035910487565e-10,
          -0.9988000560559249,
          0.04897441419918641,
          1.5668527818905948
        ],
        [
          0.0,
          0.0,
          0.0,
          1.0
        ]
      ],
      "color": [
        0,
        0,
        0
      ],
      "visible": false
    },
    {
      "label": "target",
      "pose": [
        [
          0.3180639014227471,
          0.2649576474979789,
          -0.9102926918016189,
          -4.787904018244314
        ],
        [
          0.9480692519538287,
          -0.08888956525660917,
          0.305390396899118,
          3.438816445680504
        ],
        [
          -6.110366813222301e-10,
          -0.9601542302282196,
          -0.2794707499116784,
          1.3700490221720425
        ],
        [
          0.0,
          0.0,
          0.0,
          1.0
        ]
      ],
      "color": [
        144,
        238,
        144
      ],
      "visible": true
    }
  ],
  "algorithms": [
    {
      "key": "iperceive",
      "paper_name": "I-Perceive (Ours)",
      "color": [
        255,
        102,
        31
      ],
      "pose": [
        [
          0.23470285994040027,
          0.5833689945070685,
          -0.7775572590395292,
          -4.801100965780021
        ],
        [
          0.9717179610957025,
          -0.11936147604488953,
          0.20375758932823948,
          3.434219119409719
        ],
        [
          0.026055478133931817,
          -0.8033887732057245,
          -0.5948845845923589,
          1.4443378398186058
        ],
        [
          0.0,
          0.0,
          0.0,
          1.0
        ]
      ],
      "metrics": {
        "coverage_iou": 0.5466321243523317,
        "trans_error": 0.07559182655898601,
        "rot_error": 0.3643028436501626,
        "soft_f1": 0.9063802639810221
      }
    },
    {
      "key": "nbv_l",
      "paper_name": "NBV+L",
      "color": [
        30,
        85,
        230
      ],
      "pose": [
        [
          -0.5446390350150261,
          0.09434519350717344,
          -0.8532062793099249,
          -5.323968225206049
        ],
        [
          0.8386705679454247,
          0.12507985779662004,
          -0.560785481881946,
          3.83910485587023
        ],
        [
          0.05381150528310298,
          -0.9870971467239733,
          -0.15080963108686873,
          0.96526927504082
        ],
        [
          0.0,
          0.0,
          0.0,
          1.0
        ]
      ],
      "metrics": {
        "coverage_iou": 0.06918238993710692,
        "trans_error": 0.7819477327480099,
        "rot_error": 0.907720111792315,
        "soft_f1": 0.47549019607843135
      }
    },
    {
      "key": "vln",
      "paper_name": "VLN+P",
      "color": [
        20,
        107,
        58
      ],
      "pose": [
        [
          0.9569846459334223,
          -0.16641664470180842,
          0.23766759941959836,
          -3.86896173819954
        ],
        [
          -0.2901385659433826,
          -0.54890384285716,
          0.7839159290695398,
          2.0330640184472815
        ],
        [
          0.0,
          -0.8191520442889921,
          -0.573576436351046,
          1.6629694875924188
        ],
        [
          0.0,
          0.0,
          0.0,
          1.0
        ]
      ],
      "metrics": {
        "coverage_iou": 0.0,
        "trans_error": 1.7048159341965392,
        "rot_error": 1.5688599680770436,
        "soft_f1": 0.0
      }
    },
    {
      "key": "vlm",
      "paper_name": "VLM",
      "color": [
        0,
        200,
        209
      ],
      "pose": [
        [
          0.8284254924808647,
          0.12927661089905643,
          -0.5449759272502692,
          -4.562903182432825
        ],
        [
          0.560099279956542,
          -0.19120903004663303,
          0.8060570100314177,
          2.6137765682816294
        ],
        [
          -0.0,
          -0.9729987999494552,
          -0.23081017156295397,
          1.2012774569186166
        ],
        [
          0.0,
          0.0,
          0.0,
          1.0
        ]
      ],
      "metrics": {
        "coverage_iou": 0.12697576396206534,
        "trans_error": 0.8716651504456524,
        "rot_error": 0.6544729543938312,
        "soft_f1": 0.33248201389070414
      }
    }
  ],
  "vln_trajectory": {
    "points": [
      [
        -3.86896173819954,
        2.0330640184472815,
        1.6629694875924188
      ],
      [
        -3.86896173819954,
        2.0330640184472815,
        1.6629694875924188
      ],
      [
        -3.86896173819954,
        2.0330640184472815,
        1.6629694875924188
      ],
      [
        -3.86896173819954,
        2.0330640184472815,
        1.6629694875924188
      ],
      [
        -3.86896173819954,
        2.0330640184472815,
        1.6629694875924188
      ],
      [
        -3.86896173819954,
        2.0330640184472815,
        1.6629694875924188
      ],
      [
        -3.86896173819954,
        2.0330640184472815,
        1.6629694875924188
      ],
      [
        -3.86896173819954,
        2.0330640184472815,
        1.6629694875924188
      ]
    ],
    "color": [
      108,
      147,
      125
    ]
  },
  "images": {
    "start": "images/start.png",
    "target": "images/target.png",
    "context": [
      "images/context_0.png",
      "images/context_1.png"
    ],
    "renders": {
      "iperceive": "images/render_iperceive.png",
      "nbv_l": "images/render_nbv_l.png",
      "vln": "images/render_vln.png",
      "vlm": "images/render_vlm.png"
    }
  }
}