{
  "dataset": "hssd",
  "data_name": "20260503_120856_29d1c0",
  "instruction": "Check the range hood",
  "target_2d_coord": null,
  "fov_rad": 0.8726646221409238,
  "gt_cameras": [
    {
      "label": "start",
      "pose": [
        [
          -0.5234355673439713,
          0.049812616395530945,
          -0.8506079649798293,
          -9.849582037031297
        ],
        [
          0.8520652597303183,
          0.030600584668989756,
          -0.5225403308631987,
          2.340746663677819
        ],
        [
          2.1827380863837526e-19,
          -0.9982896911547007,
          -0.05846103432417469,
          1.7436966153169349
        ],
        [
          0.0,
          0.0,
          0.0,
          1.0
        ]
      ],
      "color": [
        0,
        0,
        0
      ],
      "visible": false
    },
    {
      "label": "context_0",
      "pose": [
        [
          0.13758702899655456,
          0.07721713790196047,
          -0.9874752403619051,
          -9.249932644053695
        ],
        [
          0.9904897019805752,
          -0.010726088314138947,
          0.13716833115253269,
          1.5987126371998805
        ],
        [
          -2.4582800101091706e-09,
          -0.9969566209649847,
          -0.07795855049522084,
          1.517237698100954
        ],
        [
          0.0,
          0.0,
          0.0,
          1.0
        ]
      ],
      "color": [
        0,
        0,
        0
      ],
      "visible": false
    },
    {
      "label": "context_1",
      "pose": [
        [
          0.3956228036191562,
          0.03576410141151351,
          -0.9177164768265036,
          -8.561742808685729
        ],
        [
          0.9184130990458963,
          -0.01540602295106367,
          0.39532270927356183,
          0.5864559280483239
        ],
        [
          1.0200260081028034e-09,
          -0.9992415294240079,
          -0.03894119167769135,
          1.7226512590636216
        ],
        [
          0.0,
          0.0,
          0.0,
          1.0
        ]
      ],
      "color": [
        0,
        0,
        0
      ],
      "visible": false
    },
    {
      "label": "context_2",
      "pose": [
        [
          -0.778885346825603,
          0.3183623527264581,
          -0.5403545620553247,
          -10.325564714021798
        ],
        [
          0.6271663517590252,
          0.39537798266562735,
          -0.6710727407931821,
          1.957569955568577
        ],
        [
          2.2777358471559594e-10,
          -0.8615808725299222,
          -0.5076202831584891,
          1.6975603715265066
        ],
        [
          0.0,
          0.0,
          0.0,
          1.0
        ]
      ],
      "color": [
        0,
        0,
        0
      ],
      "visible": false
    },
    {
      "label": "target",
      "pose": [
        [
          -0.9970406758818473,
          0.007115835143316044,
          -0.07654593784710029,
          -11.322733399106314
        ],
        [
          0.07687599695411662,
          0.09228862921985694,
          -0.9927602262336288,
          1.4385441304335531
        ],
        [
          2.108999176686499e-09,
          -0.9957068923093172,
          -0.09256255201243427,
          1.5622674571311514
        ],
        [
          0.0,
          0.0,
          0.0,
          1.0
        ]
      ],
      "color": [
        144,
        238,
        144
      ],
      "visible": true
    }
  ],
  "algorithms": [
    {
      "key": "iperceive",
      "paper_name": "I-Perceive (Ours)",
      "color": [
        255,
        102,
        31
      ],
      "pose": [
        [
          -0.9150460298065868,
          -0.006388183426738657,
          -0.4032988603700521,
          -10.832823529452751
        ],
        [
          0.40322406481083806,
          0.010448481377302261,
          -0.9150416635098443,
          1.5041604621194178
        ],
        [
          0.010059312890955983,
          -0.9999250205782404,
          -0.006984967673936443,
          1.7987519678006063
        ],
        [
          0.0,
          0.0,
          0.0,
          1.0
        ]
      ],
      "metrics": {
        "coverage_iou": 0.3534551231135822,
        "trans_error": 0.5479434943058513,
        "rot_error": 0.3484270737315824,
        "soft_f1": 0.7181875159135869
      }
    },
    {
      "key": "nbv_l",
      "paper_name": "NBV+L",
      "color": [
        30,
        85,
        230
      ],
      "pose": [
        [
          -0.7071067811865469,
          -0.10809735395875197,
          -0.7223632127406596,
          -11.292744432667194
        ],
        [
          0.7071067811865481,
          -0.10809735395875178,
          -0.7223632127406584,
          0.6292076669543114
        ],
        [
          0.0,
          -0.9876883405951377,
          0.15643446504023067,
          1.8961877230706494
        ],
        [
          0.0,
          0.0,
          0.0,
          1.0
        ]
      ],
      "metrics": {
        "coverage_iou": 0.0691747572815534,
        "trans_error": 0.8760293814972138,
        "rot_error": 0.7302435375739823,
        "soft_f1": 0.23829154715315923
      }
    },
    {
      "key": "vln",
      "paper_name": "VLN+P",
      "color": [
        20,
        107,
        58
      ],
      "pose": [
        [
          -0.7261306497842452,
          0.0,
          -0.6875567463445539,
          -9.849582037031297
        ],
        [
          0.6875567463445539,
          0.0,
          -0.7261306497842452,
          2.340746663677818
        ],
        [
          0.0,
          -1.0,
          0.0,
          1.7436966153169349
        ],
        [
          0.0,
          0.0,
          0.0,
          1.0
        ]
      ],
      "metrics": {
        "coverage_iou": 0.16095380029806258,
        "trans_error": 1.7369688774793772,
        "rot_error": 0.687201573259833,
        "soft_f1": 0.39658515273115835
      }
    },
    {
      "key": "vlm",
      "paper_name": "VLM",
      "color": [
        0,
        200,
        209
      ],
      "pose": [
        [
          -0.8548072501234457,
          -0.11756036444922467,
          -0.505454375633408,
          -10.378403584320282
        ],
        [
          0.518945628304539,
          -0.19364543485349342,
          -0.832584458432902,
          1.7860318496766885
        ],
        [
          0.0,
          -0.9740025699509046,
          0.22653695885888708,
          1.5671804537495138
        ],
        [
          0.0,
          0.0,
          0.0,
          1.0
        ]
      ],
      "metrics": {
        "coverage_iou": 0.19641214351425942,
        "trans_error": 1.0062458029202321,
        "rot_error": 0.566505002482873,
        "soft_f1": 0.46193082900329496
      }
    }
  ],
  "vln_trajectory": {
    "points": [
      [
        -9.849582037031297,
        2.340746663677818,
        1.7436966153169349
      ],
      [
        -9.849582037031297,
        2.340746663677818,
        1.7436966153169349
      ],
      [
        -9.849582037031297,
        2.340746663677818,
        1.7436966153169349
      ],
      [
        -9.849582037031297,
        2.340746663677818,
        1.7436966153169349
      ],
      [
        -9.849582037031297,
        2.340746663677818,
        1.7436966153169349
      ],
      [
        -9.849582037031297,
        2.340746663677818,
        1.7436966153169349
      ],
      [
        -9.849582037031297,
        2.340746663677818,
        1.7436966153169349
      ],
      [
        -9.849582037031297,
        2.340746663677818,
        1.7436966153169349
      ],
      [
        -9.849582037031297,
        2.340746663677818,
        1.7436966153169349
      ],
      [
        -9.849582037031297,
        2.340746663677818,
        1.7436966153169349
      ],
      [
        -9.849582037031297,
        2.340746663677818,
        1.7436966153169349
      ]
    ],
    "color": [
      108,
      147,
      125
    ]
  },
  "images": {
    "start": "images/start.png",
    "target": "images/target.png",
    "context": [
      "images/context_0.png",
      "images/context_1.png",
      "images/context_2.png"
    ],
    "renders": {
      "iperceive": "images/render_iperceive.png",
      "nbv_l": "images/render_nbv_l.png",
      "vln": "images/render_vln.png",
      "vlm": "images/render_vlm.png"
    }
  }
}