{
  "dataset": "replica",
  "data_name": "frl_apartment_0_20260502_110145_376801",
  "instruction": "Look at the blue blanket on the armchair",
  "target_2d_coord": null,
  "fov_rad": 1.0471975667402222,
  "gt_cameras": [
    {
      "label": "start",
      "pose": [
        [
          -0.33699606978517527,
          0.13025841453731085,
          -0.9324518188043667,
          4.445377187960833
        ],
        [
          0.9415060535914495,
          0.04662378280848531,
          -0.3337552605237584,
          -5.296677488827786
        ],
        [
          0.0,
          -0.9903832431533024,
          -0.1383511173830798,
          -0.14106273651123252
        ],
        [
          0.0,
          0.0,
          0.0,
          1.0
        ]
      ],
      "color": [
        0,
        0,
        0
      ],
      "visible": false
    },
    {
      "label": "context_0",
      "pose": [
        [
          -0.9931549226823981,
          0.020083107324323737,
          -0.11506511146705145,
          3.6994376432982534
        ],
        [
          0.1168045524109948,
          0.1707607719827304,
          -0.978364668646692,
          -4.573598490151991
        ],
        [
          2.71717773281388e-09,
          -0.9851078372597473,
          -0.17193770629539445,
          -0.14106273929997087
        ],
        [
          0.0,
          0.0,
          0.0,
          1.0
        ]
      ],
      "color": [
        0,
        0,
        0
      ],
      "visible": false
    },
    {
      "label": "context_1",
      "pose": [
        [
          -0.9734543522735457,
          -0.033025466895797134,
          0.2264860029014074,
          4.044849379846409
        ],
        [
          -0.22888115345635032,
          0.14046060461252705,
          -0.9632674845210221,
          -1.8993736870483988
        ],
        [
          4.81864070867033e-09,
          -0.9895353395993141,
          -0.1442908903311414,
          -0.14106273106139655
        ],
        [
          0.0,
          0.0,
          0.0,
          1.0
        ]
      ],
      "color": [
        0,
        0,
        0
      ],
      "visible": false
    },
    {
      "label": "context_2",
      "pose": [
        [
          0.586131171451117,
          0.13771013215397487,
          -0.7984273212080137,
          4.70516102044874
        ],
        [
          0.8102161735672654,
          -0.09962304427149478,
          0.5776028450568917,
          -8.448188018192338
        ],
        [
          2.7345147812773973e-09,
          -0.9854497513805457,
          -0.16996714569109284,
          -0.14106274215071235
        ],
        [
          0.0,
          0.0,
          0.0,
          1.0
        ]
      ],
      "color": [
        0,
        0,
        0
      ],
      "visible": false
    },
    {
      "label": "context_3",
      "pose": [
        [
          -0.7832449227387962,
          -0.13251718946768176,
          0.6074261600521733,
          2.397995497315275
        ],
        [
          -0.6217132419627667,
          0.16694743021729755,
          -0.7652458281131432,
          -7.306952050295955
        ],
        [
          -4.37313077417123e-09,
          -0.9770198011945136,
          -0.2131484332603131,
          -0.14106275341869617
        ],
        [
          0.0,
          0.0,
          0.0,
          1.0
        ]
      ],
      "color": [
        0,
        0,
        0
      ],
      "visible": false
    },
    {
      "label": "target",
      "pose": [
        [
          -0.9910010440231767,
          0.08874304247015719,
          -0.1002078442099566,
          3.0141381708614094
        ],
        [
          0.13385415233997394,
          0.6570168413419201,
          -0.7418975278284936,
          -7.842828042730838
        ],
        [
          -7.330445903064309e-09,
          -0.7486344785734016,
          -0.6629829745285111,
          -0.1410627257178818
        ],
        [
          0.0,
          0.0,
          0.0,
          1.0
        ]
      ],
      "color": [
        144,
        238,
        144
      ],
      "visible": true
    }
  ],
  "algorithms": [
    {
      "key": "iperceive",
      "paper_name": "I-Perceive (Ours)",
      "color": [
        255,
        102,
        31
      ],
      "pose": [
        [
          -0.9958820573465321,
          -0.0894806903080952,
          -0.014566168703506632,
          3.663522910164044
        ],
        [
          -0.03166434077764646,
          0.4938652594882746,
          -0.8689617472139466,
          -6.661489047459934
        ],
        [
          0.08494903046703761,
          -0.8649221592064578,
          -0.4946648971074691,
          -0.46273170584022083
        ],
        [
          0.0,
          0.0,
          0.0,
          1.0
        ]
      ],
      "metrics": {
        "coverage_iou": 0.2891863332159211,
        "trans_error": 1.3859052027061536,
        "rot_error": 0.282319085835098,
        "soft_f1": 0.5889250158331413
      }
    },
    {
      "key": "nbv_l",
      "paper_name": "NBV+L",
      "color": [
        30,
        85,
        230
      ],
      "pose": [
        [
          -1.0,
          0.0,
          0.0,
          2.8947078028144593
        ],
        [
          0.0,
          0.2588190451025206,
          -1.0,
          -8.23956779791295
        ],
        [
          0.0,
          -0.9659258262890683,
          -0.2588190451025206,
          -0.8400984597994612
        ],
        [
          0.0,
          0.0,
          0.0,
          1.0
        ]
      ],
      "metrics": {
        "coverage_iou": 0.24017094017094018,
        "trans_error": 0.8125989149080893,
        "rot_error": 0.4536978352900536,
        "soft_f1": 0.6202830188679246
      }
    },
    {
      "key": "vln",
      "paper_name": "VLN+P",
      "color": [
        20,
        107,
        58
      ],
      "pose": [
        [
          0.7626001842052,
          0.0,
          0.6468701253344404,
          4.445377187960833
        ],
        [
          -0.6468701253344404,
          0.0,
          0.7626001842052,
          -5.296677488827786
        ],
        [
          0.0,
          -0.9999999999999999,
          0.0,
          -0.14106273651123247
        ],
        [
          0.0,
          0.0,
          0.0,
          1.0
        ]
      ],
      "metrics": {
        "coverage_iou": 0.0,
        "trans_error": 2.920843652488313,
        "rot_error": 2.610276589590028,
        "soft_f1": 0.0
      }
    },
    {
      "key": "vlm",
      "paper_name": "VLM",
      "color": [
        0,
        200,
        209
      ],
      "pose": [
        [
          -0.939179649245824,
          0.09363159828672721,
          -0.33041596548103425,
          3.4601293013891774
        ],
        [
          0.3434262460012209,
          0.2560575746937575,
          -0.9035999845061197,
          -6.64519937531823
        ],
        [
          0.0,
          -0.96211623115101,
          -0.2726396114943246,
          -0.3667749912162444
        ],
        [
          0.0,
          0.0,
          0.0,
          1.0
        ]
      ],
      "metrics": {
        "coverage_iou": 0.3310727496917386,
        "trans_error": 1.2977551779903438,
        "rot_error": 0.49728912459140096,
        "soft_f1": 0.6578815555411853
      }
    }
  ],
  "vln_trajectory": {
    "points": [
      [
        4.445377187960833,
        -5.296677488827786,
        -0.14106273651123247
      ],
      [
        4.445377187960833,
        -5.296677488827786,
        -0.14106273651123247
      ],
      [
        4.445377187960833,
        -5.296677488827786,
        -0.14106273651123247
      ],
      [
        4.445377187960833,
        -5.296677488827786,
        -0.14106273651123247
      ],
      [
        4.445377187960833,
        -5.296677488827786,
        -0.14106273651123247
      ],
      [
        4.445377187960833,
        -5.296677488827786,
        -0.14106273651123247
      ],
      [
        4.445377187960833,
        -5.296677488827786,
        -0.14106273651123247
      ],
      [
        4.445377187960833,
        -5.296677488827786,
        -0.14106273651123247
      ]
    ],
    "color": [
      108,
      147,
      125
    ]
  },
  "images": {
    "start": "images/start.png",
    "target": "images/target.png",
    "context": [
      "images/context_0.png",
      "images/context_1.png",
      "images/context_2.png",
      "images/context_3.png"
    ],
    "renders": {
      "iperceive": "images/render_iperceive.png",
      "nbv_l": "images/render_nbv_l.png",
      "vln": "images/render_vln.png",
      "vlm": "images/render_vlm.png"
    }
  }
}