{
  "dataset": "hssd",
  "data_name": "20260430_094731_2af496",
  "instruction": "Look at the monitor screen closely",
  "target_2d_coord": null,
  "fov_rad": 0.8726646221409238,
  "gt_cameras": [
    {
      "label": "start",
      "pose": [
        [
          0.0936619889773904,
          0.0,
          -0.9956040537386331,
          -6.460792508191378
        ],
        [
          0.9956040537386333,
          0.0,
          0.0936619889773904,
          3.770852149810011
        ],
        [
          0.0,
          -1.0,
          0.0,
          1.5
        ],
        [
          0.0,
          0.0,
          0.0,
          1.0
        ]
      ],
      "color": [
        0,
        0,
        0
      ],
      "visible": false
    },
    {
      "label": "context_0",
      "pose": [
        [
          -0.946649994391061,
          -0.0031490027570213654,
          -0.32224807665776023,
          -6.383658705924403
        ],
        [
          0.32226345569933046,
          -0.00925020661539826,
          -0.9466048525529301,
          5.196739014980259
        ],
        [
          -2.3748767044073438e-11,
          -0.999952258501363,
          0.009771516970664482,
          1.414273522111759
        ],
        [
          0.0,
          0.0,
          0.0,
          1.0
        ]
      ],
      "color": [
        0,
        0,
        0
      ],
      "visible": false
    },
    {
      "label": "target",
      "pose": [
        [
          -0.045631080136066565,
          0.3579187162015198,
          -0.9326371285899632,
          -8.039010754305
        ],
        [
          0.9989583685819362,
          0.016349248835795006,
          -0.04260161818482157,
          3.4028259600591757
        ],
        [
          1.2947449944936433e-09,
          -0.9336096048261165,
          -0.3582919322728832,
          1.144075601237692
        ],
        [
          0.0,
          0.0,
          0.0,
          1.0
        ]
      ],
      "color": [
        144,
        238,
        144
      ],
      "visible": true
    }
  ],
  "algorithms": [
    {
      "key": "iperceive",
      "paper_name": "I-Perceive (Ours)",
      "color": [
        255,
        102,
        31
      ],
      "pose": [
        [
          -0.010407473887793062,
          0.3621499401731694,
          -0.9320617866767592,
          -8.217379315599642
        ],
        [
          0.999945200135729,
          0.004793274403207634,
          -0.00930304222070423,
          3.470625256339173
        ],
        [
          0.0010985331726665046,
          -0.9321075011448681,
          -0.3621799640509624,
          1.254681786381505
        ],
        [
          0.0,
          0.0,
          0.0,
          1.0
        ]
      ],
      "metrics": {
        "coverage_iou": 0.1791044776119403,
        "trans_error": 0.2205579693274127,
        "rot_error": 0.0355047197812103,
        "soft_f1": 0.48635235732009924
      }
    },
    {
      "key": "nbv_l",
      "paper_name": "NBV+L",
      "color": [
        30,
        85,
        230
      ],
      "pose": [
        [
          -0.7071067811865482,
          0.0,
          -0.7071067811865468,
          -8.276326211141749
        ],
        [
          0.7071067811865468,
          0.0,
          -0.7071067811865482,
          3.635695883327919
        ],
        [
          0.0,
          -1.0,
          0.0,
          0.9961616545842961
        ],
        [
          0.0,
          0.0,
          0.0,
          1.0
        ]
      ],
      "metrics": {
        "coverage_iou": 0.3983739837398374,
        "trans_error": 0.3639032405286631,
        "rot_error": 0.8217756071655178,
        "soft_f1": 0.831592689295039
      }
    },
    {
      "key": "vln",
      "paper_name": "VLN+P",
      "color": [
        20,
        107,
        58
      ],
      "pose": [
        [
          0.7702274053207354,
          0.2695329741857282,
          -0.5780153284468184,
          -3.4973958442198247
        ],
        [
          0.6377693502300715,
          -0.3255121671816984,
          0.6980630952312166,
          3.240965169443182
        ],
        [
          -2.7755575615628914e-17,
          -0.9063077870366503,
          -0.4226182617406994,
          1.5
        ],
        [
          0.0,
          0.0,
          0.0,
          1.0
        ]
      ],
      "metrics": {
        "coverage_iou": 0.0,
        "trans_error": 4.55841496140464,
        "rot_error": 0.9272914495844324,
        "soft_f1": 0.0
      }
    },
    {
      "key": "vlm",
      "paper_name": "VLM",
      "color": [
        0,
        200,
        209
      ],
      "pose": [
        [
          -0.2140118613068297,
          0.2892012949847874,
          -0.9330388706796241,
          -7.63486859677053
        ],
        [
          0.9768310617604183,
          0.0633605030131811,
          -0.2044175223358565,
          3.568903489595588
        ],
        [
          0.0,
          -0.9551691251485459,
          -0.29606070722566574,
          1.253323250077768
        ],
        [
          0.0,
          0.0,
          0.0,
          1.0
        ]
      ],
      "metrics": {
        "coverage_iou": 0.23300970873786409,
        "trans_error": 0.45038612618357854,
        "rot_error": 0.18231823298190603,
        "soft_f1": 0.5480427046263345
      }
    }
  ],
  "vln_trajectory": {
    "points": [
      [
        -6.460792508191378,
        3.770852149810011,
        1.5
      ],
      [
        -6.460792508191378,
        3.770852149810011,
        1.5
      ],
      [
        -6.460792508191378,
        3.770852149810011,
        1.5
      ],
      [
        -6.460792508191378,
        3.770852149810011,
        1.5
      ],
      [
        -6.460792508191378,
        3.770852149810011,
        1.5
      ],
      [
        -5.714089467887403,
        3.7006056580769684,
        1.5
      ],
      [
        -4.967386427583428,
        3.6303591663439256,
        1.5
      ],
      [
        -4.220683387279452,
        3.560112674610883,
        1.5
      ],
      [
        -3.4739803469754773,
        3.48986618287784,
        1.5
      ],
      [
        -3.4739803469754773,
        3.48986618287784,
        1.5
      ],
      [
        -3.4739803469754773,
        3.48986618287784,
        1.5
      ],
      [
        -3.4739803469754773,
        3.48986618287784,
        1.5
      ],
      [
        -3.4739803469754773,
        3.48986618287784,
        1.5
      ],
      [
        -3.4973958442198247,
        3.240965169443182,
        1.5
      ],
      [
        -3.4973958442198247,
        3.240965169443182,
        1.5
      ],
      [
        -3.4973958442198247,
        3.240965169443182,
        1.5
      ],
      [
        -3.4973958442198247,
        3.240965169443182,
        1.5
      ],
      [
        -3.4973958442198247,
        3.240965169443182,
        1.5
      ],
      [
        -3.4973958442198247,
        3.240965169443182,
        1.5
      ],
      [
        -3.4973958442198247,
        3.240965169443182,
        1.5
      ],
      [
        -3.4973958442198247,
        3.240965169443182,
        1.5
      ]
    ],
    "color": [
      108,
      147,
      125
    ]
  },
  "images": {
    "start": "images/start.png",
    "target": "images/target.png",
    "context": [
      "images/context_0.png"
    ],
    "renders": {
      "iperceive": "images/render_iperceive.png",
      "nbv_l": "images/render_nbv_l.png",
      "vln": "images/render_vln.png",
      "vlm": "images/render_vlm.png"
    }
  }
}