{
  "dataset": "replica",
  "data_name": "apartment_0_20260501_102822_700785",
  "instruction": "Look at the top of the refrigerator",
  "target_2d_coord": null,
  "fov_rad": 1.0471975667402222,
  "gt_cameras": [
    {
      "label": "start",
      "pose": [
        [
          0.8722746626953031,
          -0.062423299015821616,
          0.48501571578638214,
          -1.0529188351784255
        ],
        [
          -0.48901627050620217,
          -0.11134652439476092,
          0.8651387395588129,
          -1.1626217961827676
        ],
        [
          6.678215334344103e-18,
          -0.991819178704056,
          -0.127650760886145,
          -0.07476460933685525
        ],
        [
          0.0,
          0.0,
          0.0,
          1.0
        ]
      ],
      "color": [
        0,
        0,
        0
      ],
      "visible": false
    },
    {
      "label": "context_0",
      "pose": [
        [
          0.8137484871562625,
          0.09030257212281491,
          -0.5741592856271815,
          1.838535312215536
        ],
        [
          0.5812172102944329,
          -0.1264304987921622,
          0.8038668727202161,
          -7.287141298049411
        ],
        [
          -3.8290150355946295e-09,
          -0.9878566435199124,
          -0.1553680323408514,
          -0.07476456428526157
        ],
        [
          0.0,
          0.0,
          0.0,
          1.0
        ]
      ],
      "color": [
        0,
        0,
        0
      ],
      "visible": false
    },
    {
      "label": "context_1",
      "pose": [
        [
          0.9454652350293363,
          -0.02862664177996538,
          0.3244626086569288,
          -1.9602378762066295
        ],
        [
          -0.32572297287754476,
          -0.08309360042332456,
          0.9418067726708852,
          -3.049872876072767
        ],
        [
          -4.878385855000555e-10,
          -0.9961305260960313,
          -0.08788646418566745,
          -0.07476462974606202
        ],
        [
          0.0,
          0.0,
          0.0,
          1.0
        ]
      ],
      "color": [
        0,
        0,
        0
      ],
      "visible": false
    },
    {
      "label": "context_2",
      "pose": [
        [
          -0.2012292206455129,
          0.1347484558347188,
          -0.9702317519535772,
          2.959171112379656
        ],
        [
          0.9795441853386586,
          0.027681571049810533,
          -0.19931614473784776,
          1.6814404631909243
        ],
        [
          6.57807884552053e-09,
          -0.9904931016559179,
          -0.13756240723098973,
          -0.07476457502711664
        ],
        [
          0.0,
          0.0,
          0.0,
          1.0
        ]
      ],
      "color": [
        0,
        0,
        0
      ],
      "visible": false
    },
    {
      "label": "target",
      "pose": [
        [
          0.1682164054108572,
          -0.10429394419615215,
          0.9802173335494104,
          0.4866622938388585
        ],
        [
          -0.9857500674933698,
          -0.017797571924017347,
          0.1672722504358738,
          0.002926418263781372
        ],
        [
          -1.6605784108891797e-09,
          -0.9943872613833318,
          -0.10580161108246403,
          -0.0747646041479354
        ],
        [
          0.0,
          0.0,
          0.0,
          1.0
        ]
      ],
      "color": [
        144,
        238,
        144
      ],
      "visible": true
    }
  ],
  "algorithms": [
    {
      "key": "iperceive",
      "paper_name": "I-Perceive (Ours)",
      "color": [
        255,
        102,
        31
      ],
      "pose": [
        [
          0.3011428460464832,
          -0.1390974953722692,
          0.943379445634277,
          0.2460642346398636
        ],
        [
          -0.9535784364222226,
          -0.04501564794456882,
          0.29776112475098365,
          0.021391483040268833
        ],
        [
          0.0010490104350970447,
          -0.9892549947933567,
          -0.1461965047032402,
          -0.012954929276652344
        ],
        [
          0.0,
          0.0,
          0.0,
          1.0
        ]
      ],
      "metrics": {
        "coverage_iou": 0.32419100236779796,
        "trans_error": 0.24909601696336325,
        "rot_error": 0.14277524039132167,
        "soft_f1": 0.6308991799601881
      }
    },
    {
      "key": "nbv_l",
      "paper_name": "NBV+L",
      "color": [
        30,
        85,
        230
      ],
      "pose": [
        [
          0.7071067811865474,
          -0.0984102434476223,
          0.7002252665996708,
          1.1665802156798724
        ],
        [
          -0.7071067811865477,
          -0.09841024344762225,
          0.7002252665996704,
          -0.017137931949808394
        ],
        [
          0.0,
          -0.9902680687415704,
          -0.13917310096006544,
          0.7480102974523299
        ],
        [
          0.0,
          0.0,
          0.0,
          1.0
        ]
      ],
      "metrics": {
        "coverage_iou": 0.008113956004327443,
        "trans_error": 1.067543671786516,
        "rot_error": 0.6172655235450617,
        "soft_f1": 0.03215249468909686
      }
    },
    {
      "key": "vln",
      "paper_name": "VLN+P",
      "color": [
        20,
        107,
        58
      ],
      "pose": [
        [
          0.27100460806356597,
          0.20013122992674465,
          0.9415434101603186,
          -0.6900202550432378
        ],
        [
          -0.9625780500345483,
          0.05634502628190017,
          0.26508250716518245,
          -0.8768019784930503
        ],
        [
          0.0,
          -0.9781476007338056,
          0.20791169081775943,
          -0.07476460933685525
        ],
        [
          0.0,
          0.0,
          0.0,
          1.0
        ]
      ],
      "metrics": {
        "coverage_iou": 0.19961781566955755,
        "trans_error": 1.4691847946518135,
        "rot_error": 0.3324491161943031,
        "soft_f1": 0.45914893601688334
      }
    },
    {
      "key": "vlm",
      "paper_name": "VLM",
      "color": [
        0,
        200,
        209
      ],
      "pose": [
        [
          0.18405582329789583,
          0.6634508201143478,
          0.7252285592830257,
          -0.2858826279941974
        ],
        [
          -0.9829157918713757,
          0.12423443383824484,
          0.13580261977869582,
          -0.45558991769401624
        ],
        [
          0.0,
          -0.737833866624791,
          0.674982359222454,
          -0.20241537022300024
        ],
        [
          0.0,
          0.0,
          0.0,
          1.0
        ]
      ],
      "metrics": {
        "coverage_iou": 0.0958304538124856,
        "trans_error": 0.9073905735298552,
        "rot_error": 0.8470843919459824,
        "soft_f1": 0.2465396615688573
      }
    }
  ],
  "vln_trajectory": {
    "points": [
      [
        -1.0529188351784255,
        -1.1626217961827676,
        -0.07476460933685525
      ],
      [
        -1.0529188351784255,
        -1.1626217961827676,
        -0.07476460933685525
      ],
      [
        -1.0529188351784255,
        -1.1626217961827676,
        -0.07476460933685525
      ],
      [
        -1.0529188351784255,
        -1.1626217961827676,
        -0.07476460933685525
      ],
      [
        -1.0529188351784255,
        -1.1626217961827676,
        -0.07476460933685525
      ],
      [
        -1.0529188351784255,
        -1.1626217961827676,
        -0.07476460933685525
      ],
      [
        -1.0529188351784255,
        -1.1626217961827676,
        -0.07476460933685525
      ],
      [
        -1.0529188351784255,
        -1.1626217961827676,
        -0.07476460933685525
      ],
      [
        -1.0529188351784255,
        -1.1626217961827676,
        -0.07476460933685525
      ],
      [
        -0.9306647675518749,
        -0.9445531305089419,
        -0.07476460933685525
      ],
      [
        -0.9306647675518749,
        -0.9445531305089419,
        -0.07476460933685525
      ],
      [
        -0.6900202550432378,
        -0.8768019784930503,
        -0.07476460933685525
      ],
      [
        -0.6900202550432378,
        -0.8768019784930503,
        -0.07476460933685525
      ]
    ],
    "color": [
      108,
      147,
      125
    ]
  },
  "images": {
    "start": "images/start.png",
    "target": "images/target.png",
    "context": [
      "images/context_0.png",
      "images/context_1.png",
      "images/context_2.png"
    ],
    "renders": {
      "iperceive": "images/render_iperceive.png",
      "nbv_l": "images/render_nbv_l.png",
      "vln": "images/render_vln.png",
      "vlm": "images/render_vlm.png"
    }
  }
}