{
  "dataset": "replica",
  "data_name": "room_1_20260504_102030_085766",
  "instruction": "Prepare to open the top drawer under the wooden frame",
  "target_2d_coord": null,
  "fov_rad": 1.0471975667402222,
  "gt_cameras": [
    {
      "label": "start",
      "pose": [
        [
          -0.18989651740075075,
          0.1591290334983959,
          -0.9688226170857763,
          1.0754474961915064
        ],
        [
          0.9818041111540867,
          0.030778083871712675,
          -0.18738569015300888,
          -0.1345040199411114
        ],
        [
          1.3694294572502334e-17,
          -0.9867779184046693,
          -0.162078190232208,
          0.09204649925231866
        ],
        [
          0.0,
          0.0,
          0.0,
          1.0
        ]
      ],
      "color": [
        0,
        0,
        0
      ],
      "visible": false
    },
    {
      "label": "context_0",
      "pose": [
        [
          0.6980348665824105,
          -0.17215454878319414,
          0.6950612904921923,
          -3.3983125844362627
        ],
        [
          -0.7160638199592482,
          -0.16782004725608013,
          0.6775610917722696,
          -0.7441399957430356
        ],
        [
          -3.705042661561464e-09,
          -0.970669466631357,
          -0.24041785796441364,
          0.09204645465372563
        ],
        [
          0.0,
          0.0,
          0.0,
          1.0
        ]
      ],
      "color": [
        0,
        0,
        0
      ],
      "visible": false
    },
    {
      "label": "context_1",
      "pose": [
        [
          -0.33664402416978734,
          -0.11159948978979359,
          0.9349953719349883,
          -4.139868035622776
        ],
        [
          -0.9416320213210859,
          0.0398980680741551,
          -0.3342713446906894,
          -0.11390663577997748
        ],
        [
          7.471003982129076e-09,
          -0.9929520331956011,
          -0.11851711634058548,
          0.09204658007623123
        ],
        [
          0.0,
          0.0,
          0.0,
          1.0
        ]
      ],
      "color": [
        0,
        0,
        0
      ],
      "visible": false
    },
    {
      "label": "context_2",
      "pose": [
        [
          -0.7244540439692867,
          0.11172423967422915,
          -0.6802088220571276,
          0.10120827073018512
        ],
        [
          0.6893230982688967,
          0.11741820070633895,
          -0.7148752553531554,
          1.544778531081229
        ],
        [
          4.629291672220148e-10,
          -0.9867779081940375,
          -0.16207819073302665,
          0.09204650011359848
        ],
        [
          0.0,
          0.0,
          0.0,
          1.0
        ]
      ],
      "color": [
        0,
        0,
        0
      ],
      "visible": false
    },
    {
      "label": "target",
      "pose": [
        [
          -0.4207229304659934,
          0.1844930229431385,
          -0.8882311323395985,
          -3.0643780085963748
        ],
        [
          0.9071892096587069,
          0.08556147477708732,
          -0.4119308346211651,
          -0.9609109639264147
        ],
        [
          -2.1272932582139248e-09,
          -0.9791024301917557,
          -0.2033677483549758,
          -0.5145535124655554
        ],
        [
          0.0,
          0.0,
          0.0,
          1.0
        ]
      ],
      "color": [
        144,
        238,
        144
      ],
      "visible": true
    }
  ],
  "algorithms": [
    {
      "key": "iperceive",
      "paper_name": "I-Perceive (Ours)",
      "color": [
        255,
        102,
        31
      ],
      "pose": [
        [
          -0.24497069480065925,
          0.29338534967369956,
          -0.9240748910992571,
          -2.88220796461822
        ],
        [
          0.9695273321668121,
          0.0717064994827073,
          -0.23425391695389242,
          -0.9227122070927609
        ],
        [
          -0.0024644909479393986,
          -0.9533012373177405,
          -0.3020111159670687,
          -0.3647328241539982
        ],
        [
          0.0,
          0.0,
          0.0,
          1.0
        ]
      ],
      "metrics": {
        "coverage_iou": 0.5452775073028238,
        "trans_error": 0.23893787631243688,
        "rot_error": 0.21262722572305776,
        "soft_f1": 0.8426075350302596
      }
    },
    {
      "key": "nbv_l",
      "paper_name": "NBV+L",
      "color": [
        30,
        85,
        230
      ],
      "pose": [
        [
          -0.7071067811865475,
          -0.07391278520356673,
          -0.7032331762534043,
          -0.8383965067480623
        ],
        [
          0.7071067811865477,
          -0.0739127852035667,
          -0.7032331762534041,
          -0.2105816348564581
        ],
        [
          0.0,
          -0.9945218953682733,
          0.10452846326765347,
          -0.8769330412598444
        ],
        [
          0.0,
          0.0,
          0.0,
          1.0
        ]
      ],
      "metrics": {
        "coverage_iou": 0.0,
        "trans_error": 2.376827028136588,
        "rot_error": 0.4670361788786041,
        "soft_f1": 0.0
      }
    },
    {
      "key": "vln",
      "paper_name": "VLN+P",
      "color": [
        20,
        107,
        58
      ],
      "pose": [
        [
          -0.8285174599716657,
          0.19151870405040472,
          -0.5261933147816995,
          0.6554750739794272
        ],
        [
          0.5599632296161053,
          0.28336966040732803,
          -0.7785517433276584,
          -0.7558921149198609
        ],
        [
          -2.7755575615628914e-17,
          -0.9396926207859082,
          -0.34202014332566866,
          0.09204649925231867
        ],
        [
          0.0,
          0.0,
          0.0,
          1.0
        ]
      ],
      "metrics": {
        "coverage_iou": 0.0,
        "trans_error": 3.7745600173768095,
        "rot_error": 0.560620959060313,
        "soft_f1": 0.0
      }
    },
    {
      "key": "vlm",
      "paper_name": "VLM",
      "color": [
        0,
        200,
        209
      ],
      "pose": [
        [
          0.21022012917276583,
          0.08223517485794776,
          -0.9741893416100734,
          -0.3163592661409351
        ],
        [
          0.9776540785423982,
          -0.017682623599296992,
          0.20947512389794626,
          -0.70360725885146
        ],
        [
          -0.0,
          -0.9964560707019293,
          -0.08411479751667753,
          -0.18525377651879643
        ],
        [
          0.0,
          0.0,
          0.0,
          1.0
        ]
      ],
      "metrics": {
        "coverage_iou": 0.12873380914618027,
        "trans_error": 2.7796133853840272,
        "rot_error": 0.65681132589616,
        "soft_f1": 0.29532290116470766
      }
    }
  ],
  "vln_trajectory": {
    "points": [
      [
        1.0754474961915064,
        -0.13450401994111147,
        0.09204649925231867
      ],
      [
        1.0754474961915064,
        -0.13450401994111147,
        0.09204649925231867
      ],
      [
        1.0754474961915064,
        -0.13450401994111147,
        0.09204649925231867
      ],
      [
        1.0754474961915064,
        -0.13450401994111147,
        0.09204649925231867
      ],
      [
        1.0754474961915064,
        -0.13450401994111147,
        0.09204649925231867
      ],
      [
        1.0754474961915064,
        -0.13450401994111147,
        0.09204649925231867
      ],
      [
        0.6554750739794272,
        -0.7558921149198609,
        0.09204649925231867
      ],
      [
        0.6554750739794272,
        -0.7558921149198609,
        0.09204649925231867
      ]
    ],
    "color": [
      108,
      147,
      125
    ]
  },
  "images": {
    "start": "images/start.png",
    "target": "images/target.png",
    "context": [
      "images/context_0.png",
      "images/context_1.png",
      "images/context_2.png"
    ],
    "renders": {
      "iperceive": "images/render_iperceive.png",
      "nbv_l": "images/render_nbv_l.png",
      "vln": "images/render_vln.png",
      "vlm": "images/render_vlm.png"
    }
  }
}