{
  "dataset": "replica",
  "data_name": "frl_apartment_4_20260504_075347_492646",
  "instruction": "Inspect the wooden cabinet front below the TV",
  "target_2d_coord": null,
  "fov_rad": 1.0471975667402222,
  "gt_cameras": [
    {
      "label": "start",
      "pose": [
        [
          0.8605128277671885,
          0.06543130269264967,
          -0.5052092812647644,
          4.598264738062172
        ],
        [
          0.5094287715158194,
          -0.110524725835581,
          0.8533853828903168,
          -4.883104868045814
        ],
        [
          6.632959215959871e-18,
          -0.9917172125192305,
          -0.12844053251636534,
          -0.03185820579528987
        ],
        [
          0.0,
          0.0,
          0.0,
          1.0
        ]
      ],
      "color": [
        0,
        0,
        0
      ],
      "visible": false
    },
    {
      "label": "context_0",
      "pose": [
        [
          0.8759092392532355,
          -0.13833317271521264,
          0.46221955705461404,
          1.5242566279588843
        ],
        [
          -0.48247586931003955,
          -0.25113650258371467,
          0.839134934520096,
          -4.2323603161024055
        ],
        [
          -2.006464785986317e-09,
          -0.9580158537076482,
          -0.28671520409228246,
          -0.03185820085001184
        ],
        [
          0.0,
          0.0,
          0.0,
          1.0
        ]
      ],
      "color": [
        0,
        0,
        0
      ],
      "visible": false
    },
    {
      "label": "context_1",
      "pose": [
        [
          0.9439092130276987,
          0.07424894198987356,
          -0.3217491121426483,
          4.4272697235198875
        ],
        [
          0.3302050866031544,
          -0.2122446431921645,
          0.9197373649786962,
          -5.269299403599339
        ],
        [
          -3.2371536944075796e-09,
          -0.9743917819443972,
          -0.22485705276036194,
          -0.031858203621938044
        ],
        [
          0.0,
          0.0,
          0.0,
          1.0
        ]
      ],
      "color": [
        0,
        0,
        0
      ],
      "visible": false
    },
    {
      "label": "context_2",
      "pose": [
        [
          0.27662040405351745,
          0.1557537806459855,
          -0.9482730889286968,
          5.430846807133506
        ],
        [
          0.9609792643386716,
          -0.04483413363607003,
          0.2729629221014491,
          -5.47834196465104
        ],
        [
          9.224746244651527e-10,
          -0.9867779093023307,
          -0.16207818611563485,
          -0.03185821353196759
        ],
        [
          0.0,
          0.0,
          0.0,
          1.0
        ]
      ],
      "color": [
        0,
        0,
        0
      ],
      "visible": false
    },
    {
      "label": "target",
      "pose": [
        [
          0.9848098621720086,
          0.08122648557868806,
          -0.15346599997360993,
          2.1799283998341474
        ],
        [
          0.17363628365301365,
          -0.46069086189076114,
          0.8704104396351333,
          -1.974362740759517
        ],
        [
          -2.700046630721431e-09,
          -0.8838360851602944,
          -0.4677967693044619,
          -0.19005823285667212
        ],
        [
          0.0,
          0.0,
          0.0,
          1.0
        ]
      ],
      "color": [
        144,
        238,
        144
      ],
      "visible": true
    }
  ],
  "algorithms": [
    {
      "key": "iperceive",
      "paper_name": "I-Perceive (Ours)",
      "color": [
        255,
        102,
        31
      ],
      "pose": [
        [
          0.9543219712265432,
          0.06737123208550153,
          -0.2910851898339971,
          2.873858772453513
        ],
        [
          0.2986919807277165,
          -0.23876406977443748,
          0.9239993248710352,
          -2.589741326443883
        ],
        [
          -0.007249704384418104,
          -0.9687377754139656,
          -0.24798105994689415,
          -0.2565060835337756
        ],
        [
          0.0,
          0.0,
          0.0,
          1.0
        ]
      ],
      "metrics": {
        "coverage_iou": 0.30153696023420345,
        "trans_error": 0.9298631287915392,
        "rot_error": 0.26857754241295684,
        "soft_f1": 0.5731807789831345
      }
    },
    {
      "key": "nbv_l",
      "paper_name": "NBV+L",
      "color": [
        30,
        85,
        230
      ],
      "pose": [
        [
          0.7071067811865476,
          0.35355339059327356,
          -0.7071067811865476,
          4.063544645769002
        ],
        [
          0.7071067811865476,
          -0.35355339059327356,
          0.7071067811865476,
          -3.714358349303925
        ],
        [
          0.0,
          -0.8660254037844388,
          -0.4999999999999997,
          -0.4748401892824992
        ],
        [
          0.0,
          0.0,
          0.0,
          1.0
        ]
      ],
      "metrics": {
        "coverage_iou": 0.19498227433869647,
        "trans_error": 2.5800572735406586,
        "rot_error": 0.5215914096886718,
        "soft_f1": 0.43275860079436335
      }
    },
    {
      "key": "vln",
      "paper_name": "VLN+P",
      "color": [
        20,
        107,
        58
      ],
      "pose": [
        [
          -0.24825391694182203,
          0.0,
          0.9686949946825588,
          4.598264738062172
        ],
        [
          -0.9686949946825588,
          0.0,
          -0.24825391694182203,
          -4.883104868045815
        ],
        [
          0.0,
          -1.0,
          0.0,
          -0.031858205795290084
        ],
        [
          0.0,
          0.0,
          0.0,
          1.0
        ]
      ],
      "metrics": {
        "coverage_iou": 0.0,
        "trans_error": 3.7860478811045546,
        "rot_error": 2.0339770945345848,
        "soft_f1": 0.0
      }
    },
    {
      "key": "vlm",
      "paper_name": "VLM",
      "color": [
        0,
        200,
        209
      ],
      "pose": [
        [
          0.868462055337961,
          0.1582432492390256,
          -0.46982202216205227,
          3.8909717442915017
        ],
        [
          0.49575564387928484,
          -0.2772096680576466,
          0.8230316770922034,
          -3.6883653319993717
        ],
        [
          -0.0,
          -0.9476887010013598,
          -0.319196061996941,
          -0.2116749513182015
        ],
        [
          0.0,
          0.0,
          0.0,
          1.0
        ]
      ],
      "metrics": {
        "coverage_iou": 0.1426720228067902,
        "trans_error": 2.421970560258087,
        "rot_error": 0.3800258723442965,
        "soft_f1": 0.3308392032857892
      }
    }
  ],
  "vln_trajectory": {
    "points": [
      [
        4.598264738062172,
        -4.883104868045815,
        -0.031858205795290084
      ],
      [
        4.598264738062172,
        -4.883104868045815,
        -0.031858205795290084
      ],
      [
        4.598264738062172,
        -4.883104868045815,
        -0.031858205795290084
      ],
      [
        4.598264738062172,
        -4.883104868045815,
        -0.031858205795290084
      ],
      [
        4.598264738062172,
        -4.883104868045815,
        -0.031858205795290084
      ],
      [
        4.598264738062172,
        -4.883104868045815,
        -0.031858205795290084
      ],
      [
        4.598264738062172,
        -4.883104868045815,
        -0.031858205795290084
      ]
    ],
    "color": [
      108,
      147,
      125
    ]
  },
  "images": {
    "start": "images/start.png",
    "target": "images/target.png",
    "context": [
      "images/context_0.png",
      "images/context_1.png",
      "images/context_2.png"
    ],
    "renders": {
      "iperceive": "images/render_iperceive.png",
      "nbv_l": "images/render_nbv_l.png",
      "vln": "images/render_vln.png",
      "vlm": "images/render_vlm.png"
    }
  }
}