{
  "dataset": "replica",
  "data_name": "hotel_0_20260501_080129_505033",
  "instruction": "Look at the alarm clock on the nightstand",
  "target_2d_coord": null,
  "fov_rad": 1.0471975667402222,
  "gt_cameras": [
    {
      "label": "start",
      "pose": [
        [
          0.3423943403363674,
          -0.13742859727942786,
          0.9294511801893806,
          -2.456000039749831
        ],
        [
          -0.9395563398251452,
          -0.05008190771997668,
          0.33871180495150127,
          0.1536755307843997
        ],
        [
          0.0,
          -0.9892447539254058,
          -0.14626967160373136,
          0.46479153633117626
        ],
        [
          0.0,
          0.0,
          0.0,
          1.0
        ]
      ],
      "color": [
        0,
        0,
        0
      ],
      "visible": false
    },
    {
      "label": "context_0",
      "pose": [
        [
          -0.4246143714335687,
          -0.10730233762187658,
          0.8989932338980973,
          -1.783588039377925
        ],
        [
          -0.9053743077165706,
          0.05032406578865771,
          -0.4216216662575784,
          1.7143055443383712
        ],
        [
          1.661337678537933e-09,
          -0.9929519939070005,
          -0.11851709993205445,
          0.4647915333403983
        ],
        [
          0.0,
          0.0,
          0.0,
          1.0
        ]
      ],
      "color": [
        0,
        0,
        0
      ],
      "visible": false
    },
    {
      "label": "context_1",
      "pose": [
        [
          -0.9823313114570569,
          -0.037693785779659844,
          0.18331509802249024,
          3.5924645211872943
        ],
        [
          -0.18715034221397014,
          0.1978504899104475,
          -0.9622005447449111,
          0.7854932055848467
        ],
        [
          -2.7173703565086527e-09,
          -0.9795072108610521,
          -0.20140912815000175,
          0.4647915565487567
        ],
        [
          0.0,
          0.0,
          0.0,
          1.0
        ]
      ],
      "color": [
        0,
        0,
        0
      ],
      "visible": false
    },
    {
      "label": "context_2",
      "pose": [
        [
          -0.1741640171845226,
          0.08340033035937616,
          -0.9811785303156482,
          3.496229140963852
        ],
        [
          0.984716664632504,
          0.014750779174577233,
          -0.17353823928850898,
          1.3329797836900155
        ],
        [
          9.957836846763435e-10,
          -0.9964069509421176,
          -0.08469474806875693,
          0.4647915580729194
        ],
        [
          0.0,
          0.0,
          0.0,
          1.0
        ]
      ],
      "color": [
        0,
        0,
        0
      ],
      "visible": false
    },
    {
      "label": "target",
      "pose": [
        [
          -0.9982161397496432,
          0.027718077168760347,
          -0.052879906908801955,
          0.05751384482731359
        ],
        [
          0.05970405191441741,
          0.4634295152346217,
          -0.8841201541748651,
          0.015329146001419491
        ],
        [
          -6.117270856531576e-10,
          -0.8857001790547065,
          -0.4642576924404599,
          0.1857915297395178
        ],
        [
          0.0,
          0.0,
          0.0,
          1.0
        ]
      ],
      "color": [
        144,
        238,
        144
      ],
      "visible": true
    }
  ],
  "algorithms": [
    {
      "key": "iperceive",
      "paper_name": "I-Perceive (Ours)",
      "color": [
        255,
        102,
        31
      ],
      "pose": [
        [
          -0.9590723977647625,
          -0.14469075157145006,
          0.24340220629791962,
          -0.5311808541315495
        ],
        [
          -0.2821672057523636,
          0.4164035610761197,
          -0.8642856014894311,
          0.007267123699093825
        ],
        [
          0.023700628217826633,
          -0.897592629700028,
          -0.4401882000894416,
          0.07614327520671493
        ],
        [
          0.0,
          0.0,
          0.0,
          1.0
        ]
      ],
      "metrics": {
        "coverage_iou": 0.6791699920191541,
        "trans_error": 0.5988731187610036,
        "rot_error": 0.34802218348579395,
        "soft_f1": 0.9655786605666193
      }
    },
    {
      "key": "nbv_l",
      "paper_name": "NBV+L",
      "color": [
        30,
        85,
        230
      ],
      "pose": [
        [
          0.6018150231520482,
          -0.1409645362369083,
          0.8071191525951441,
          0.25654221288147594
        ],
        [
          -0.798635510047293,
          -0.15126532462677264,
          0.610568401336777,
          -1.5597974297103598
        ],
        [
          0.03602064909444086,
          -0.9780157764480689,
          -0.20539633360285645,
          -0.0542980887024731
        ],
        [
          0.0,
          0.0,
          0.0,
          1.0
        ]
      ],
      "metrics": {
        "coverage_iou": 0.028735632183908046,
        "trans_error": 1.6057020499784824,
        "rot_error": 2.3072583149009733,
        "soft_f1": 0.1401637460847271
      }
    },
    {
      "key": "vln",
      "paper_name": "VLN+P",
      "color": [
        20,
        107,
        58
      ],
      "pose": [
        [
          -0.8189235576763703,
          -0.11932106217608568,
          0.5613614618085634,
          -2.412686046482515
        ],
        [
          -0.573902610799669,
          0.170263781526989,
          -0.8010281131255338,
          0.3998947379702705
        ],
        [
          0.0,
          -0.9781476007338056,
          -0.2079116908177593,
          0.4647915363311763
        ],
        [
          0.0,
          0.0,
          0.0,
          1.0
        ]
      ],
      "metrics": {
        "coverage_iou": 0.14680796071336263,
        "trans_error": 2.5154757956065366,
        "rot_error": 0.7225930356369143,
        "soft_f1": 0.34546622057403115
      }
    },
    {
      "key": "vlm",
      "paper_name": "VLM",
      "color": [
        0,
        200,
        209
      ],
      "pose": [
        [
          -0.5336867797164878,
          -0.10037959700982499,
          0.8397037320745872,
          -0.7766084163013258
        ],
        [
          -0.8456822223245828,
          0.06334680150915009,
          -0.5299139190309264,
          0.1364413336448935
        ],
        [
          0.0,
          -0.9929305712096417,
          -0.1186965911780727,
          0.15765404765650531
        ],
        [
          0.0,
          0.0,
          0.0,
          1.0
        ]
      ],
      "metrics": {
        "coverage_iou": 0.1262848751835536,
        "trans_error": 0.8433383565960874,
        "rot_error": 1.1221639704937005,
        "soft_f1": 0.27970283927342615
      }
    }
  ],
  "vln_trajectory": {
    "points": [
      [
        -2.456000039749831,
        0.15367553078439938,
        0.4647915363311763
      ],
      [
        -2.456000039749831,
        0.15367553078439938,
        0.4647915363311763
      ],
      [
        -2.456000039749831,
        0.15367553078439938,
        0.4647915363311763
      ],
      [
        -2.456000039749831,
        0.15367553078439938,
        0.4647915363311763
      ],
      [
        -2.456000039749831,
        0.15367553078439938,
        0.4647915363311763
      ],
      [
        -2.456000039749831,
        0.15367553078439938,
        0.4647915363311763
      ],
      [
        -2.456000039749831,
        0.15367553078439938,
        0.4647915363311763
      ],
      [
        -2.456000039749831,
        0.15367553078439938,
        0.4647915363311763
      ],
      [
        -2.456000039749831,
        0.15367553078439938,
        0.4647915363311763
      ],
      [
        -2.456000039749831,
        0.15367553078439938,
        0.4647915363311763
      ],
      [
        -2.456000039749831,
        0.15367553078439938,
        0.4647915363311763
      ],
      [
        -2.456000039749831,
        0.15367553078439938,
        0.4647915363311763
      ],
      [
        -2.456000039749831,
        0.15367553078439938,
        0.4647915363311763
      ],
      [
        -2.456000039749831,
        0.15367553078439938,
        0.4647915363311763
      ],
      [
        -2.456000039749831,
        0.15367553078439938,
        0.4647915363311763
      ],
      [
        -2.412686046482515,
        0.3998947379702705,
        0.4647915363311763
      ],
      [
        -2.412686046482515,
        0.3998947379702705,
        0.4647915363311763
      ],
      [
        -2.412686046482515,
        0.3998947379702705,
        0.4647915363311763
      ],
      [
        -2.412686046482515,
        0.3998947379702705,
        0.4647915363311763
      ],
      [
        -2.412686046482515,
        0.3998947379702705,
        0.4647915363311763
      ],
      [
        -2.412686046482515,
        0.3998947379702705,
        0.4647915363311763
      ]
    ],
    "color": [
      108,
      147,
      125
    ]
  },
  "images": {
    "start": "images/start.png",
    "target": "images/target.png",
    "context": [
      "images/context_0.png",
      "images/context_1.png",
      "images/context_2.png"
    ],
    "renders": {
      "iperceive": "images/render_iperceive.png",
      "nbv_l": "images/render_nbv_l.png",
      "vln": "images/render_vln.png",
      "vlm": "images/render_vlm.png"
    }
  }
}