{
  "dataset": "replica",
  "data_name": "apartment_2_20260502_102012_037298",
  "instruction": "Look at the painting opposite the chair",
  "target_2d_coord": null,
  "fov_rad": 1.0471975667402222,
  "gt_cameras": [
    {
      "label": "start",
      "pose": [
        [
          -0.19098477868482108,
          -0.12802299930962086,
          0.9732085726906019,
          -1.9190127775266617
        ],
        [
          -0.9815929982995548,
          0.024908943148607667,
          -0.1893534532046077,
          0.5894762552895891
        ],
        [
          1.357907536130267e-17,
          -0.9914583481916869,
          -0.13042370873814219,
          -0.1610726118087773
        ],
        [
          0.0,
          0.0,
          0.0,
          1.0
        ]
      ],
      "color": [
        0,
        0,
        0
      ],
      "visible": false
    },
    {
      "label": "context_0",
      "pose": [
        [
          -0.6085580086958526,
          0.083004749171665,
          -0.7891561116215664,
          0.05048051054267777
        ],
        [
          0.7935094235759831,
          0.06365797447355766,
          -0.6052193637932979,
          1.391969609456112
        ],
        [
          -1.1093179291821187e-09,
          -0.9945138799552817,
          -0.10460460895517815,
          -0.16107261450995125
        ],
        [
          0.0,
          0.0,
          0.0,
          1.0
        ]
      ],
      "color": [
        0,
        0,
        0
      ],
      "visible": false
    },
    {
      "label": "context_1",
      "pose": [
        [
          0.5001378366732137,
          0.10606792400569631,
          -0.85942522492226,
          0.5733323077009538
        ],
        [
          0.8659458176262429,
          -0.06126085735884555,
          0.496371791792522,
          -1.1112069862035003
        ],
        [
          -1.072752747743877e-09,
          -0.9924700223111964,
          -0.12248795664674458,
          -0.16107261043758703
        ],
        [
          0.0,
          0.0,
          0.0,
          1.0
        ]
      ],
      "color": [
        0,
        0,
        0
      ],
      "visible": false
    },
    {
      "label": "context_2",
      "pose": [
        [
          0.3726236395976721,
          -0.032283867876623684,
          0.9274208134122848,
          -1.9765448986938599
        ],
        [
          -0.9279825243164198,
          -0.01296332029421405,
          0.37239810349100466,
          -0.8501087426240572
        ],
        [
          3.3710945424036964e-09,
          -0.9993946666569458,
          -0.03478930308800929,
          -0.1610726091502415
        ],
        [
          0.0,
          0.0,
          0.0,
          1.0
        ]
      ],
      "color": [
        0,
        0,
        0
      ],
      "visible": false
    },
    {
      "label": "target",
      "pose": [
        [
          0.11358900372015984,
          0.0011958825512602966,
          0.9935271014237426,
          -0.8461942544464449
        ],
        [
          -0.9935278420464779,
          0.0001367221444618684,
          0.11358892952462019,
          -0.1163814196457359
        ],
        [
          -9.295493680339106e-10,
          -0.9999992970579963,
          0.0012036700487672858,
          -0.16107261540677004
        ],
        [
          0.0,
          0.0,
          0.0,
          1.0
        ]
      ],
      "color": [
        144,
        238,
        144
      ],
      "visible": true
    }
  ],
  "algorithms": [
    {
      "key": "iperceive",
      "paper_name": "I-Perceive (Ours)",
      "color": [
        255,
        102,
        31
      ],
      "pose": [
        [
          -0.14132558227094988,
          -0.062336427528035046,
          0.9879986541373247,
          -1.0824369848605588
        ],
        [
          -0.989932271466698,
          0.01677951441951072,
          -0.14054352262297354,
          0.2704000702593182
        ],
        [
          -0.007817156889456478,
          -0.9979141012217797,
          -0.06408022229776808,
          -0.1463384815800684
        ],
        [
          0.0,
          0.0,
          0.0,
          1.0
        ]
      ],
      "metrics": {
        "coverage_iou": 0.6748291571753986,
        "trans_error": 0.4534618366395586,
        "rot_error": 0.2636786422685733,
        "soft_f1": 0.8847512038523274
      }
    },
    {
      "key": "nbv_l",
      "paper_name": "NBV+L",
      "color": [
        30,
        85,
        230
      ],
      "pose": [
        [
          0.0,
          0.0,
          -1.0,
          -1.2149227477399231
        ],
        [
          1.0,
          0.0,
          0.0,
          -0.2637905730936193
        ],
        [
          0.0,
          -1.0,
          0.0,
          0.060653832440888567
        ],
        [
          0.0,
          0.0,
          0.0,
          1.0
        ]
      ],
      "metrics": {
        "coverage_iou": 0.0,
        "trans_error": 0.45481070254687817,
        "rot_error": 3.027757968455949,
        "soft_f1": 0.0
      }
    },
    {
      "key": "vln",
      "paper_name": "VLN+P",
      "color": [
        20,
        107,
        58
      ],
      "pose": [
        [
          0.19098477868482103,
          -0.17045183536533592,
          -0.9666803950279008,
          -2.4780572108780627
        ],
        [
          0.9815929982995548,
          0.033164158780741165,
          0.1880832907561324,
          1.4186139528638886
        ],
        [
          6.938893903907228e-18,
          -0.984807753012208,
          0.17364817766693033,
          -0.1610726118087773
        ],
        [
          0.0,
          0.0,
          0.0,
          1.0
        ]
      ],
      "metrics": {
        "coverage_iou": 0.0,
        "trans_error": 2.2403543187382753,
        "rot_error": 2.8367500747120196,
        "soft_f1": 0.0
      }
    },
    {
      "key": "vlm",
      "paper_name": "VLM",
      "color": [
        0,
        200,
        209
      ],
      "pose": [
        [
          -0.2015491118833421,
          -0.028778510025813688,
          0.979055541253779,
          -1.0311291575390706
        ],
        [
          -0.9794784099198083,
          0.0059218080544557235,
          -0.20146209740378,
          0.39554978367167537
        ],
        [
          0.0,
          -0.999568271580316,
          -0.029381464394064426,
          -0.15481149870268718
        ],
        [
          0.0,
          0.0,
          0.0,
          1.0
        ]
      ],
      "metrics": {
        "coverage_iou": 0.6898148148148148,
        "trans_error": 0.5443470124749102,
        "rot_error": 0.31823513233264267,
        "soft_f1": 0.8936170212765957
      }
    }
  ],
  "vln_trajectory": {
    "points": [
      [
        -1.9190127775266612,
        0.5894762552895891,
        -0.1610726118087773
      ],
      [
        -1.9190127775266612,
        0.5894762552895891,
        -0.1610726118087773
      ],
      [
        -1.9190127775266612,
        0.5894762552895891,
        -0.1610726118087773
      ],
      [
        -1.9190127775266612,
        0.5894762552895891,
        -0.1610726118087773
      ],
      [
        -2.0587738858645115,
        0.796760679683164,
        -0.1610726118087773
      ],
      [
        -2.4780572108780627,
        1.4186139528638886,
        -0.1610726118087773
      ],
      [
        -2.4780572108780627,
        1.4186139528638886,
        -0.1610726118087773
      ],
      [
        -2.4780572108780627,
        1.4186139528638886,
        -0.1610726118087773
      ]
    ],
    "color": [
      108,
      147,
      125
    ]
  },
  "images": {
    "start": "images/start.png",
    "target": "images/target.png",
    "context": [
      "images/context_0.png",
      "images/context_1.png",
      "images/context_2.png"
    ],
    "renders": {
      "iperceive": "images/render_iperceive.png",
      "nbv_l": "images/render_nbv_l.png",
      "vln": "images/render_vln.png",
      "vlm": "images/render_vlm.png"
    }
  }
}