{
  "dataset": "replica",
  "data_name": "frl_apartment_0_20260502_115714_627011",
  "instruction": "look at the trash bin",
  "target_2d_coord": null,
  "fov_rad": 1.0471975667402222,
  "gt_cameras": [
    {
      "label": "start",
      "pose": [
        [
          -0.9697053408167515,
          0.028951075138616084,
          -0.24255594661806645,
          0.5650008468698793
        ],
        [
          0.2442776125466026,
          0.11492666843936511,
          -0.9628708682320597,
          2.5489746763354235
        ],
        [
          0.0,
          -0.992952010990333,
          -0.11851710370344674,
          -0.14106273651123252
        ],
        [
          0.0,
          0.0,
          0.0,
          1.0
        ]
      ],
      "color": [
        0,
        0,
        0
      ],
      "visible": false
    },
    {
      "label": "context_0",
      "pose": [
        [
          -0.3297338373902647,
          0.040390561634851,
          -0.9432095068922921,
          2.4150761440302344
        ],
        [
          0.9440739419424097,
          0.014107090779356443,
          -0.3294319356206388,
          -1.9533208736818275
        ],
        [
          -1.5556602395161434e-09,
          -0.999084379885216,
          -0.04278326248995295,
          -0.14106272946333775
        ],
        [
          0.0,
          0.0,
          0.0,
          1.0
        ]
      ],
      "color": [
        0,
        0,
        0
      ],
      "visible": false
    },
    {
      "label": "context_1",
      "pose": [
        [
          0.8930048580114716,
          0.06137294704952889,
          -0.4458426500482512,
          1.8120560805181376
        ],
        [
          0.4500470272080791,
          -0.12177915066030094,
          0.8846623885299546,
          -4.922023441633218
        ],
        [
          -4.942731959833857e-09,
          -0.9906579767536763,
          -0.13637008283551522,
          -0.14106271047541552
        ],
        [
          0.0,
          0.0,
          0.0,
          1.0
        ]
      ],
      "color": [
        0,
        0,
        0
      ],
      "visible": false
    },
    {
      "label": "context_2",
      "pose": [
        [
          0.24932030968783855,
          0.10130131502321674,
          -0.9631082347497391,
          4.327461008976565
        ],
        [
          0.9684210663655848,
          -0.02608005409617814,
          0.24795251957033274,
          -2.7217528312296966
        ],
        [
          -3.868204367929451e-09,
          -0.9945138918093988,
          -0.10460462040550293,
          -0.14106271254847186
        ],
        [
          0.0,
          0.0,
          0.0,
          1.0
        ]
      ],
      "color": [
        0,
        0,
        0
      ],
      "visible": false
    },
    {
      "label": "target",
      "pose": [
        [
          0.2025667807550984,
          0.6463006476628292,
          -0.7357052252541656,
          0.09067066042503935
        ],
        [
          0.9792684533058726,
          -0.1336906573866632,
          0.15218446545113856,
          -0.965636919297864
        ],
        [
          2.0788989557596338e-09,
          -0.7512804226268,
          -0.6599831252932518,
          -0.14106274816227576
        ],
        [
          0.0,
          0.0,
          0.0,
          1.0
        ]
      ],
      "color": [
        144,
        238,
        144
      ],
      "visible": true
    }
  ],
  "algorithms": [
    {
      "key": "iperceive",
      "paper_name": "I-Perceive (Ours)",
      "color": [
        255,
        102,
        31
      ],
      "pose": [
        [
          -0.4847002823548697,
          0.3563515111030634,
          -0.7987986175446448,
          0.44624560783448597
        ],
        [
          0.8718076372450364,
          0.27077662350929066,
          -0.40820517297280134,
          0.2217762172090807
        ],
        [
          0.07083145217036418,
          -0.8942558894287191,
          -0.44191548415034143,
          -0.6001214568744364
        ],
        [
          0.0,
          0.0,
          0.0,
          1.0
        ]
      ],
      "metrics": {
        "coverage_iou": 0.35588809368900454,
        "trans_error": 1.3217861514039189,
        "rot_error": 0.7679222990439715,
        "soft_f1": 0.8289821445120978
      }
    },
    {
      "key": "nbv_l",
      "paper_name": "NBV+L",
      "color": [
        30,
        85,
        230
      ],
      "pose": [
        [
          -0.7071067811865475,
          0.18301270189221924,
          -0.7071067811865476,
          -0.4962314798588193
        ],
        [
          0.7071067811865475,
          0.18301270189221924,
          -0.7071067811865476,
          -0.2961322026398
        ],
        [
          0.0,
          -0.9659258262890682,
          -0.2588190451025207,
          -1.1444437691306173
        ],
        [
          0.0,
          0.0,
          0.0,
          1.0
        ]
      ],
      "metrics": {
        "coverage_iou": 0.00910010111223458,
        "trans_error": 1.3414411111069546,
        "rot_error": 1.074619388523761,
        "soft_f1": 0.16480529861824827
      }
    },
    {
      "key": "vln",
      "paper_name": "VLN+P",
      "color": [
        20,
        107,
        58
      ],
      "pose": [
        [
          -0.9697053408167513,
          0.07548593362223907,
          -0.23232181519746914,
          0.4550618610102626
        ],
        [
          0.2442776125466026,
          0.2996554298485265,
          -0.9222445832699842,
          0.6652088758262473
        ],
        [
          0.0,
          -0.9510565162951535,
          -0.3090169943749474,
          -0.14106273651123247
        ],
        [
          0.0,
          0.0,
          0.0,
          1.0
        ]
      ],
      "metrics": {
        "coverage_iou": 0.04612407268035695,
        "trans_error": 1.6710593196830692,
        "rot_error": 1.5705293524917576,
        "soft_f1": 0.14399082748184422
      }
    },
    {
      "key": "vlm",
      "paper_name": "VLM",
      "color": [
        0,
        200,
        209
      ],
      "pose": [
        [
          -0.9977661554929327,
          0.040931394116204965,
          -0.05279507485132006,
          -0.1803290891405942
        ],
        [
          0.06680343518751551,
          0.6113452045041571,
          -0.7885393724963374,
          1.102889474240757
        ],
        [
          0.0,
          -0.7903047905115304,
          -0.6127139121111302,
          -0.3673800941888773
        ],
        [
          0.0,
          0.0,
          0.0,
          1.0
        ]
      ],
      "metrics": {
        "coverage_iou": 0.06556769772180034,
        "trans_error": 2.0984427976652786,
        "rot_error": 1.708740094507072,
        "soft_f1": 0.22099611478049916
      }
    }
  ],
  "vln_trajectory": {
    "points": [
      [
        0.5650008468698793,
        2.548974676335424,
        -0.14106273651123247
      ],
      [
        0.5650008468698793,
        2.548974676335424,
        -0.14106273651123247
      ],
      [
        0.6932395633500229,
        2.334370781693399,
        -0.14106273651123247
      ],
      [
        0.8214782798301665,
        2.1197668870513744,
        -0.14106273651123247
      ],
      [
        0.8214782798301665,
        2.1197668870513744,
        -0.14106273651123247
      ],
      [
        0.6382700704202146,
        1.3924878814388109,
        -0.14106273651123247
      ],
      [
        0.4550618610102626,
        0.6652088758262473,
        -0.14106273651123247
      ],
      [
        0.4550618610102626,
        0.6652088758262473,
        -0.14106273651123247
      ]
    ],
    "color": [
      108,
      147,
      125
    ]
  },
  "images": {
    "start": "images/start.png",
    "target": "images/target.png",
    "context": [
      "images/context_0.png",
      "images/context_1.png",
      "images/context_2.png"
    ],
    "renders": {
      "iperceive": "images/render_iperceive.png",
      "nbv_l": "images/render_nbv_l.png",
      "vln": "images/render_vln.png",
      "vlm": "images/render_vlm.png"
    }
  }
}