{
  "dataset": "replica",
  "data_name": "apartment_1_20260502_085959_486866",
  "instruction": "Inspect the chess pieces on the console table",
  "target_2d_coord": null,
  "fov_rad": 1.0471975667402222,
  "gt_cameras": [
    {
      "label": "start",
      "pose": [
        [
          0.9093050696353371,
          0.02445282886091783,
          -0.41541106087365254,
          1.498989615683662
        ],
        [
          0.41613013629809936,
          -0.05343299922462122,
          0.9077337849052368,
          -0.44580857779329425
        ],
        [
          -2.01480316971543e-19,
          -0.9982719938746956,
          -0.05876245608753696,
          -0.3001371622085574
        ],
        [
          0.0,
          0.0,
          0.0,
          1.0
        ]
      ],
      "color": [
        0,
        0,
        0
      ],
      "visible": false
    },
    {
      "label": "context_0",
      "pose": [
        [
          0.16090845092789458,
          0.0875241246442448,
          -0.9830808448317263,
          1.8529332837390498
        ],
        [
          0.9869693076923185,
          -0.014269309722447865,
          0.16027450074559363,
          0.2564127076001117
        ],
        [
          8.397900014278648e-10,
          -0.9960601825579702,
          -0.0886796805105228,
          -0.30013716183686057
        ],
        [
          0.0,
          0.0,
          0.0,
          1.0
        ]
      ],
      "color": [
        0,
        0,
        0
      ],
      "visible": false
    },
    {
      "label": "context_1",
      "pose": [
        [
          0.886618423347671,
          -0.05113870539662242,
          0.45966576045566904,
          -0.6576793020777436
        ],
        [
          -0.4625016623348183,
          -0.09803320401884157,
          0.8811820142560622,
          0.30327961295579164
        ],
        [
          9.118121882534247e-10,
          -0.9938683461270353,
          -0.11056978192455091,
          -0.30013716486563663
        ],
        [
          0.0,
          0.0,
          0.0,
          1.0
        ]
      ],
      "color": [
        0,
        0,
        0
      ],
      "visible": false
    },
    {
      "label": "context_2",
      "pose": [
        [
          0.3353546397783033,
          -0.17865909808316796,
          0.9249963238025865,
          -2.148948543277158
        ],
        [
          -0.9420919902281699,
          -0.06359692921472072,
          0.3292691291903006,
          1.5766732001218389
        ],
        [
          3.2298558411136824e-09,
          -0.9818535110408411,
          -0.18964082902189675,
          -0.3001371692479413
        ],
        [
          0.0,
          0.0,
          0.0,
          1.0
        ]
      ],
      "color": [
        0,
        0,
        0
      ],
      "visible": false
    },
    {
      "label": "context_3",
      "pose": [
        [
          -0.984687881451099,
          0.019968145150459735,
          -0.17317937433943392,
          -0.4323099933424688
        ],
        [
          0.17432676392625457,
          0.11279044132525493,
          -0.978206785708872,
          6.282878769013237
        ],
        [
          -7.862229547961341e-10,
          -0.9934181624816323,
          -0.11454436201199758,
          -0.3001371776601953
        ],
        [
          0.0,
          0.0,
          0.0,
          1.0
        ]
      ],
      "color": [
        0,
        0,
        0
      ],
      "visible": false
    },
    {
      "label": "target",
      "pose": [
        [
          0.8613807370253215,
          -0.1260631714475417,
          0.49206840576273136,
          0.9423913489474735
        ],
        [
          -0.5079598658770809,
          -0.21377355673239634,
          0.8344325415159616,
          2.417696499581554
        ],
        [
          -6.713066491581543e-10,
          -0.9687150772331468,
          -0.24817545756262557,
          -0.44553716971636803
        ],
        [
          0.0,
          0.0,
          0.0,
          1.0
        ]
      ],
      "color": [
        144,
        238,
        144
      ],
      "visible": true
    }
  ],
  "algorithms": [
    {
      "key": "iperceive",
      "paper_name": "I-Perceive (Ours)",
      "color": [
        255,
        102,
        31
      ],
      "pose": [
        [
          0.8420459932957544,
          -0.20420820993063837,
          0.49925704856818864,
          0.858732651256049
        ],
        [
          -0.5394041339119189,
          -0.32106341353430523,
          0.7784352923088766,
          2.026980876601196
        ],
        [
          0.001330300331499272,
          -0.9247796290726561,
          -0.38050091960833377,
          -0.3560168651767481
        ],
        [
          0.0,
          0.0,
          0.0,
          1.0
        ]
      ],
      "metrics": {
        "coverage_iou": 0.7330159311481413,
        "trans_error": 0.40947689766305473,
        "rot_error": 0.14436411906147378,
        "soft_f1": 0.9144931055493769
      }
    },
    {
      "key": "nbv_l",
      "paper_name": "NBV+L",
      "color": [
        30,
        85,
        230
      ],
      "pose": [
        [
          0.0,
          -0.18843210117272535,
          1.0156183541839978,
          1.181613127688815
        ],
        [
          -1.0,
          0.0,
          0.0,
          3.6375297438801564
        ],
        [
          0.0,
          -0.981627183447664,
          -0.19080899537654472,
          -0.6050987726983046
        ],
        [
          0.0,
          0.0,
          0.0,
          1.0
        ]
      ],
      "metrics": {
        "coverage_iou": 0.05051334702258727,
        "trans_error": 1.2532678103504205,
        "rot_error": 1.0299408529982332,
        "soft_f1": 0.16761428709590392
      }
    },
    {
      "key": "vln",
      "paper_name": "VLN+P",
      "color": [
        20,
        107,
        58
      ],
      "pose": [
        [
          0.937224222138921,
          -0.07250449082599715,
          0.34110681061239057,
          1.7605351204391504
        ],
        [
          -0.3487273396739842,
          -0.1948598727002623,
          0.9167436242347929,
          0.25710958881089696
        ],
        [
          -1.3877787807814457e-17,
          -0.9781476007338056,
          -0.20791169081775931,
          -0.30013716220855735
        ],
        [
          0.0,
          0.0,
          0.0,
          1.0
        ]
      ],
      "metrics": {
        "coverage_iou": 0.16454081632653061,
        "trans_error": 2.314872773717785,
        "rot_error": 0.18136743700113936,
        "soft_f1": 0.4222287708295782
      }
    },
    {
      "key": "vlm",
      "paper_name": "VLM",
      "color": [
        0,
        200,
        209
      ],
      "pose": [
        [
          0.9833874133410961,
          -0.020411768680001625,
          0.18036783244709167,
          1.5082138818182687
        ],
        [
          -0.18151913200075642,
          -0.11058160196502015,
          0.9771502003400203,
          1.4209360784371279
        ],
        [
          0.0,
          -0.9936574203447603,
          -0.11244968205288997,
          -0.45882130426008827
        ],
        [
          0.0,
          0.0,
          0.0,
          1.0
        ]
      ],
      "metrics": {
        "coverage_iou": 0.2536177510987244,
        "trans_error": 1.1462385561575517,
        "rot_error": 0.37626727068843213,
        "soft_f1": 0.536794217160729
      }
    }
  ],
  "vln_trajectory": {
    "points": [
      [
        1.4989896156836622,
        -0.44580857779329386,
        -0.30013716220855735
      ],
      [
        1.4989896156836622,
        -0.44580857779329386,
        -0.30013716220855735
      ],
      [
        1.7605351204391504,
        0.25710958881089696,
        -0.30013716220855735
      ],
      [
        1.7605351204391504,
        0.25710958881089696,
        -0.30013716220855735
      ],
      [
        1.7605351204391504,
        0.25710958881089696,
        -0.30013716220855735
      ],
      [
        1.7605351204391504,
        0.25710958881089696,
        -0.30013716220855735
      ]
    ],
    "color": [
      108,
      147,
      125
    ]
  },
  "images": {
    "start": "images/start.png",
    "target": "images/target.png",
    "context": [
      "images/context_0.png",
      "images/context_1.png",
      "images/context_2.png",
      "images/context_3.png"
    ],
    "renders": {
      "iperceive": "images/render_iperceive.png",
      "nbv_l": "images/render_nbv_l.png",
      "vln": "images/render_vln.png",
      "vlm": "images/render_vlm.png"
    }
  }
}