{
  "dataset": "replica",
  "data_name": "apartment_0_20260501_092923_961797",
  "instruction": "Check the table lamp",
  "target_2d_coord": null,
  "fov_rad": 1.0471975667402222,
  "gt_cameras": [
    {
      "label": "start",
      "pose": [
        [
          0.12336937369404122,
          0.12076791409877384,
          -0.9849848265626079,
          5.024997957762829
        ],
        [
          0.9923608202838016,
          -0.015013754695031724,
          0.12245239701866761,
          -8.014266448266737
        ],
        [
          0.0,
          -0.9925672259822952,
          -0.12169758381254497,
          -0.07476460933685525
        ],
        [
          0.0,
          0.0,
          0.0,
          1.0
        ]
      ],
      "color": [
        0,
        0,
        0
      ],
      "visible": false
    },
    {
      "label": "context_0",
      "pose": [
        [
          -0.5365264230384917,
          0.12109969161324889,
          -0.8351492306264625,
          2.8357782206700346
        ],
        [
          0.8438835121026923,
          0.07699306879969761,
          -0.5309733222369211,
          -6.77242254957343
        ],
        [
          -1.3846242902237904e-09,
          -0.9896499019079625,
          -0.14350284959253312,
          -0.0747645996566994
        ],
        [
          0.0,
          0.0,
          0.0,
          1.0
        ]
      ],
      "color": [
        0,
        0,
        0
      ],
      "visible": false
    },
    {
      "label": "context_1",
      "pose": [
        [
          0.8780080118185181,
          0.077201920429356,
          -0.47237882952609017,
          1.5059265002639792
        ],
        [
          0.47864589839564364,
          -0.14161596563305648,
          0.8665119615180308,
          -8.226616741392414
        ],
        [
          1.5635242545108952e-09,
          -0.9869066761437998,
          -0.16129233832465434,
          -0.07476461486024794
        ],
        [
          0.0,
          0.0,
          0.0,
          1.0
        ]
      ],
      "color": [
        0,
        0,
        0
      ],
      "visible": false
    },
    {
      "label": "context_2",
      "pose": [
        [
          -0.6451939596117044,
          -0.11266243069504125,
          0.755666534931714,
          -2.3608560293608587
        ],
        [
          -0.7640187971563461,
          0.09514049129283227,
          -0.6381406908405551,
          -2.83478400215044
        ],
        [
          2.393151232737978e-10,
          -0.9890679944302208,
          -0.14746029561448049,
          -0.07476458086497206
        ],
        [
          0.0,
          0.0,
          0.0,
          1.0
        ]
      ],
      "color": [
        0,
        0,
        0
      ],
      "visible": false
    },
    {
      "label": "target",
      "pose": [
        [
          0.598545720790796,
          0.25503536212919375,
          -0.7594076640264676,
          -0.7631989015959766
        ],
        [
          0.8010886631948763,
          -0.1905535979786343,
          0.5674031219341685,
          -7.518605976201705
        ],
        [
          4.18640372368273e-09,
          -0.9479695763928829,
          -0.3183609724040214,
          -0.07476462423650354
        ],
        [
          0.0,
          0.0,
          0.0,
          1.0
        ]
      ],
      "color": [
        144,
        238,
        144
      ],
      "visible": true
    }
  ],
  "algorithms": [
    {
      "key": "iperceive",
      "paper_name": "I-Perceive (Ours)",
      "color": [
        255,
        102,
        31
      ],
      "pose": [
        [
          0.1768270546047375,
          0.270610368735973,
          -0.9463097885581221,
          1.3994748917009474
        ],
        [
          0.9842233600460685,
          -0.04271181876703796,
          0.17169753253772854,
          -7.59420872254665
        ],
        [
          0.006044520465553922,
          -0.9617410316994754,
          -0.27389364327942234,
          -0.23159815028686376
        ],
        [
          0.0,
          0.0,
          0.0,
          1.0
        ]
      ],
      "metrics": {
        "coverage_iou": 0.20925138513078212,
        "trans_error": 2.169670426789554,
        "rot_error": 0.466386167642477,
        "soft_f1": 0.46676558308229543
      }
    },
    {
      "key": "nbv_l",
      "paper_name": "NBV+L",
      "color": [
        30,
        85,
        230
      ],
      "pose": [
        [
          0.7071067811865475,
          0.1830127018922193,
          -0.7071067811865476,
          -2.191976870183715
        ],
        [
          0.7071067811865475,
          -0.1830127018922193,
          0.7071067811865476,
          -6.862564779390395
        ],
        [
          0.0,
          -0.9659258262890683,
          -0.25881904510252074,
          -0.4970608550529805
        ],
        [
          0.0,
          0.0,
          0.0,
          1.0
        ]
      ],
      "metrics": {
        "coverage_iou": 0.10201342281879194,
        "trans_error": 1.627922407483907,
        "rot_error": 0.0,
        "soft_f1": 0.2579292879214076
      }
    },
    {
      "key": "vln",
      "paper_name": "VLN+P",
      "color": [
        20,
        107,
        58
      ],
      "pose": [
        [
          0.9904772888039166,
          0.0,
          -0.1376762156788261,
          0.3141093586345963
        ],
        [
          0.1376762156788261,
          0.0,
          0.9904772888039166,
          -7.819830307279345
        ],
        [
          0.0,
          -1.0,
          0.0,
          -0.07476460933685525
        ],
        [
          0.0,
          0.0,
          0.0,
          1.0
        ]
      ],
      "metrics": {
        "coverage_iou": 0.03458083832335329,
        "trans_error": 1.1186280555317312,
        "rot_error": 0.8515347917603145,
        "soft_f1": 0.08893564898427858
      }
    },
    {
      "key": "vlm",
      "paper_name": "VLM",
      "color": [
        0,
        200,
        209
      ],
      "pose": [
        [
          0.34660981053058865,
          -0.060595831981569565,
          -0.9360500971584859,
          2.7499107529915436
        ],
        [
          0.938009402534937,
          0.02239115064871957,
          0.34588581515968086,
          -7.731429724148899
        ],
        [
          -0.0,
          -0.9979112092361163,
          0.06460045263705405,
          -0.27558691488118847
        ],
        [
          0.0,
          0.0,
          0.0,
          1.0
        ]
      ],
      "metrics": {
        "coverage_iou": 0.1492330029669844,
        "trans_error": 3.5252747129641375,
        "rot_error": 0.48248082502868095,
        "soft_f1": 0.3493509366206948
      }
    }
  ],
  "vln_trajectory": {
    "points": [
      [
        5.024997957762828,
        -8.014266448266737,
        -0.07476460933685525
      ],
      [
        4.2807273425499766,
        -7.921739417996206,
        -0.07476460933685525
      ],
      [
        3.536456727337125,
        -7.829212387725676,
        -0.07476460933685525
      ],
      [
        2.7921861121242735,
        -7.736685357455145,
        -0.07476460933685525
      ],
      [
        2.047915496911422,
        -7.6441583271846145,
        -0.07476460933685525
      ],
      [
        1.7998252918404716,
        -7.613315983761105,
        -0.07476460933685525
      ],
      [
        1.7998252918404716,
        -7.613315983761105,
        -0.07476460933685525
      ],
      [
        1.5522059696394923,
        -7.647735037680811,
        -0.07476460933685525
      ],
      [
        1.304586647438513,
        -7.682154091600518,
        -0.07476460933685525
      ],
      [
        1.0569673252375338,
        -7.716573145520225,
        -0.07476460933685525
      ],
      [
        0.8093480030365546,
        -7.750992199439931,
        -0.07476460933685525
      ],
      [
        0.5617286808355755,
        -7.785411253359638,
        -0.07476460933685525
      ],
      [
        0.3141093586345963,
        -7.819830307279345,
        -0.07476460933685525
      ],
      [
        0.3141093586345963,
        -7.819830307279345,
        -0.07476460933685525
      ],
      [
        0.3141093586345963,
        -7.819830307279345,
        -0.07476460933685525
      ],
      [
        0.3141093586345963,
        -7.819830307279345,
        -0.07476460933685525
      ]
    ],
    "color": [
      108,
      147,
      125
    ]
  },
  "images": {
    "start": "images/start.png",
    "target": "images/target.png",
    "context": [
      "images/context_0.png",
      "images/context_1.png",
      "images/context_2.png"
    ],
    "renders": {
      "iperceive": "images/render_iperceive.png",
      "nbv_l": "images/render_nbv_l.png",
      "vln": "images/render_vln.png",
      "vlm": "images/render_vlm.png"
    }
  }
}