{
  "dataset": "replica",
  "data_name": "frl_apartment_4_20260504_075646_023395",
  "instruction": "Look closely at the orange pillow on the armchair",
  "target_2d_coord": null,
  "fov_rad": 1.0471975667402222,
  "gt_cameras": [
    {
      "label": "start",
      "pose": [
        [
          -0.969866639567647,
          -0.04620341178453061,
          0.23921527165552994,
          3.8665224673151672
        ],
        [
          -0.2436364124135797,
          0.18392631577563512,
          -0.9522669840498732,
          -4.188019491584471
        ],
        [
          8.362364563923793e-18,
          -0.9818535303723618,
          -0.1896408312978235,
          -0.031858205795290084
        ],
        [
          0.0,
          0.0,
          0.0,
          1.0
        ]
      ],
      "color": [
        0,
        0,
        0
      ],
      "visible": false
    },
    {
      "label": "context_0",
      "pose": [
        [
          -0.3341307484398085,
          -0.15090258949995522,
          0.9303682245897049,
          0.23353875747609898
        ],
        [
          -0.94252676327064,
          0.053495772781405396,
          -0.32982050965891124,
          -3.1291515609423213
        ],
        [
          -7.444111410626064e-09,
          -0.9871000902749065,
          -0.1601043046353849,
          -0.03185823059491916
        ],
        [
          0.0,
          0.0,
          0.0,
          1.0
        ]
      ],
      "color": [
        0,
        0,
        0
      ],
      "visible": false
    },
    {
      "label": "context_1",
      "pose": [
        [
          -0.04067162464213231,
          -0.1953667073086251,
          0.9798865539880951,
          0.5384216008935594
        ],
        [
          -0.9991725879939213,
          0.00795246199708649,
          -0.03988658874222589,
          -2.122458498880368
        ],
        [
          -8.046627003599482e-09,
          -0.9806979931892462,
          -0.19552850365820035,
          -0.03185812819723777
        ],
        [
          0.0,
          0.0,
          0.0,
          1.0
        ]
      ],
      "color": [
        0,
        0,
        0
      ],
      "visible": false
    },
    {
      "label": "context_2",
      "pose": [
        [
          -0.5232692572837778,
          -0.1111428390251922,
          0.8448885220467361,
          1.9957541304933497
        ],
        [
          -0.8521674106682441,
          0.06824670933611336,
          -0.5187996526729896,
          -3.756959056880357
        ],
        [
          2.1962659468854895e-10,
          -0.9914583402898074,
          -0.130423707961074,
          -0.03185819845039034
        ],
        [
          0.0,
          0.0,
          0.0,
          1.0
        ]
      ],
      "color": [
        0,
        0,
        0
      ],
      "visible": false
    },
    {
      "label": "target",
      "pose": [
        [
          -0.5685011986367748,
          -0.3672882476715657,
          0.7361424817535807,
          5.163934428838184
        ],
        [
          -0.822682451012184,
          0.2538085105430572,
          -0.5086991661440761,
          -7.411518152615852
        ],
        [
          -2.845743529711342e-09,
          -0.8948075755896876,
          -0.4464520293508346,
          -0.2622581363210489
        ],
        [
          0.0,
          0.0,
          0.0,
          1.0
        ]
      ],
      "color": [
        144,
        238,
        144
      ],
      "visible": true
    }
  ],
  "algorithms": [
    {
      "key": "iperceive",
      "paper_name": "I-Perceive (Ours)",
      "color": [
        255,
        102,
        31
      ],
      "pose": [
        [
          -0.8499532907191951,
          -0.259032643497831,
          0.45878250337312165,
          4.915653772520372
        ],
        [
          -0.5267848784463011,
          0.4323293716828279,
          -0.731839405257491,
          -7.198110757847569
        ],
        [
          -0.008774846104288657,
          -0.8637090628097056,
          -0.503914300394289,
          -0.408320350577526
        ],
        [
          0.0,
          0.0,
          0.0,
          1.0
        ]
      ],
      "metrics": {
        "coverage_iou": 0.37425011536686664,
        "trans_error": 0.35849713835483143,
        "rot_error": 0.4161711589204929,
        "soft_f1": 0.6634809294169224
      }
    },
    {
      "key": "nbv_l",
      "paper_name": "NBV+L",
      "color": [
        30,
        85,
        230
      ],
      "pose": [
        [
          -0.17364817766693033,
          0.10294044103643694,
          0.9794128730990714,
          5.849652652131235
        ],
        [
          -0.984807753012208,
          -0.01815117716075269,
          -0.1726969147805622,
          -7.83276646150269
        ],
        [
          0.0,
          -0.9945218953682733,
          0.10452846326765347,
          -0.9879501853117441
        ],
        [
          0.0,
          0.0,
          0.0,
          1.0
        ]
      ],
      "metrics": {
        "coverage_iou": 0.09520348837209303,
        "trans_error": 1.0836458611075674,
        "rot_error": 0.7085868715515259,
        "soft_f1": 0.38781487990626834
      }
    },
    {
      "key": "vln",
      "paper_name": "VLN+P",
      "color": [
        20,
        107,
        58
      ],
      "pose": [
        [
          -0.9617473543554179,
          0.0,
          -0.27393799734676055,
          3.744933802189072
        ],
        [
          0.27393799734676055,
          0.0,
          -0.9617473543554179,
          -3.9695791186840967
        ],
        [
          0.0,
          -1.0000000000000002,
          0.0,
          -0.031858205795290084
        ],
        [
          0.0,
          0.0,
          0.0,
          1.0
        ]
      ],
      "metrics": {
        "coverage_iou": 0.0,
        "trans_error": 3.7300927233853587,
        "rot_error": 1.3161631965497604,
        "soft_f1": 0.0
      }
    },
    {
      "key": "vlm",
      "paper_name": "VLM",
      "color": [
        0,
        200,
        209
      ],
      "pose": [
        [
          -0.8804597865986596,
          -0.1321654133400888,
          0.45532720948707445,
          4.932730330010999
        ],
        [
          -0.47412083289246276,
          0.2454360229547891,
          -0.8455593382214485,
          -5.550794019615651
        ],
        [
          0.0,
          -0.960361110287573,
          -0.2787589242467769,
          -0.28086368848880194
        ],
        [
          0.0,
          0.0,
          0.0,
          1.0
        ]
      ],
      "metrics": {
        "coverage_iou": 0.26772180115916183,
        "trans_error": 1.8751255939765668,
        "rot_error": 0.5048006857114956,
        "soft_f1": 0.5553729828426498
      }
    }
  ],
  "vln_trajectory": {
    "points": [
      [
        3.8665224673151672,
        -4.188019491584471,
        -0.031858205795290084
      ],
      [
        3.8665224673151672,
        -4.188019491584471,
        -0.031858205795290084
      ],
      [
        3.8665224673151672,
        -4.188019491584471,
        -0.031858205795290084
      ],
      [
        3.8665224673151672,
        -4.188019491584471,
        -0.031858205795290084
      ],
      [
        3.8665224673151672,
        -4.188019491584471,
        -0.031858205795290084
      ],
      [
        3.8665224673151672,
        -4.188019491584471,
        -0.031858205795290084
      ],
      [
        3.744933802189072,
        -3.9695791186840967,
        -0.031858205795290084
      ],
      [
        3.744933802189072,
        -3.9695791186840967,
        -0.031858205795290084
      ],
      [
        3.744933802189072,
        -3.9695791186840967,
        -0.031858205795290084
      ],
      [
        3.744933802189072,
        -3.9695791186840967,
        -0.031858205795290084
      ],
      [
        3.744933802189072,
        -3.9695791186840967,
        -0.031858205795290084
      ],
      [
        3.744933802189072,
        -3.9695791186840967,
        -0.031858205795290084
      ],
      [
        3.744933802189072,
        -3.9695791186840967,
        -0.031858205795290084
      ],
      [
        3.744933802189072,
        -3.9695791186840967,
        -0.031858205795290084
      ],
      [
        3.744933802189072,
        -3.9695791186840967,
        -0.031858205795290084
      ],
      [
        3.744933802189072,
        -3.9695791186840967,
        -0.031858205795290084
      ],
      [
        3.744933802189072,
        -3.9695791186840967,
        -0.031858205795290084
      ]
    ],
    "color": [
      108,
      147,
      125
    ]
  },
  "images": {
    "start": "images/start.png",
    "target": "images/target.png",
    "context": [
      "images/context_0.png",
      "images/context_1.png",
      "images/context_2.png"
    ],
    "renders": {
      "iperceive": "images/render_iperceive.png",
      "nbv_l": "images/render_nbv_l.png",
      "vln": "images/render_vln.png",
      "vlm": "images/render_vlm.png"
    }
  }
}