{
  "dataset": "replica",
  "data_name": "frl_apartment_3_20260504_073511_258048",
  "instruction": "Look at the woven basket on the top shelf",
  "target_2d_coord": null,
  "fov_rad": 1.0471975667402222,
  "gt_cameras": [
    {
      "label": "start",
      "pose": [
        [
          -0.8759608267777332,
          -0.06578250312969888,
          0.4778758125631186,
          1.8559950515743717
        ],
        [
          -0.4823822446471985,
          0.11945484409597974,
          -0.8677775695828598,
          3.877834234110811
        ],
        [
          -1.3052151443438689e-17,
          -0.9906579644377752,
          -0.13637007551513514,
          0.0022544860839841473
        ],
        [
          0.0,
          0.0,
          0.0,
          1.0
        ]
      ],
      "color": [
        0,
        0,
        0
      ],
      "visible": false
    },
    {
      "label": "context_0",
      "pose": [
        [
          -0.5860445669817943,
          0.16954166182496833,
          -0.7923429630621759,
          6.719201075704376
        ],
        [
          0.8102788497882717,
          0.12262317850935421,
          -0.5730722172169356,
          3.5956583608880823
        ],
        [
          -1.6802300384366475e-09,
          -0.9778646016154755,
          -0.20923866606708116,
          0.002254508971963498
        ],
        [
          0.0,
          0.0,
          0.0,
          1.0
        ]
      ],
      "color": [
        0,
        0,
        0
      ],
      "visible": false
    },
    {
      "label": "context_1",
      "pose": [
        [
          -0.8372138789896986,
          0.06915616110815265,
          -0.5424853348067575,
          3.538876229691794
        ],
        [
          0.5468755458309615,
          0.10587142959095701,
          -0.8304928433597769,
          4.213336791393995
        ],
        [
          -4.587476981621208e-09,
          -0.991972124277313,
          -0.12645684551902528,
          0.0022544824887880816
        ],
        [
          0.0,
          0.0,
          0.0,
          1.0
        ]
      ],
      "color": [
        0,
        0,
        0
      ],
      "visible": false
    },
    {
      "label": "context_2",
      "pose": [
        [
          -0.8820703398331188,
          -0.018273054122718194,
          0.4707632573717966,
          2.6243955923984332
        ],
        [
          -0.4711177898186018,
          0.03421250372434187,
          -0.8814065531003704,
          3.182955725502212
        ],
        [
          -2.6540753102211045e-11,
          -0.9992475155910825,
          -0.03878659279968741,
          0.0022544899544002517
        ],
        [
          0.0,
          0.0,
          0.0,
          1.0
        ]
      ],
      "color": [
        0,
        0,
        0
      ],
      "visible": false
    },
    {
      "label": "target",
      "pose": [
        [
          -0.04540845090059542,
          0.17412889122238295,
          0.9836753466152167,
          3.9051845686049713
        ],
        [
          -0.9989685287133359,
          -0.007915095110672454,
          -0.04471329943586788,
          0.5671142495360355
        ],
        [
          6.243755776291771e-09,
          -0.9846910553065962,
          0.17430869726132986,
          0.002254530239633956
        ],
        [
          0.0,
          0.0,
          0.0,
          1.0
        ]
      ],
      "color": [
        144,
        238,
        144
      ],
      "visible": true
    }
  ],
  "algorithms": [
    {
      "key": "iperceive",
      "paper_name": "I-Perceive (Ours)",
      "color": [
        255,
        102,
        31
      ],
      "pose": [
        [
          -0.7638370801420742,
          0.007747471696897171,
          0.6453625745974918,
          3.9862725709398212
        ],
        [
          -0.6453883977991918,
          -0.017167506983177844,
          -0.7636616599942245,
          1.3199598350623747
        ],
        [
          0.005162812674689973,
          -0.9998226219575789,
          0.018113294963240878,
          0.0043188127239423
        ],
        [
          0.0,
          0.0,
          0.0,
          1.0
        ]
      ],
      "metrics": {
        "coverage_iou": 0.16813405282590174,
        "trans_error": 0.7572026514942763,
        "rot_error": 0.8382438092768412,
        "soft_f1": 0.4349029930344108
      }
    },
    {
      "key": "nbv_l",
      "paper_name": "NBV+L",
      "color": [
        30,
        85,
        230
      ],
      "pose": [
        [
          -1.0775507365661832e-16,
          0.25881904510252085,
          1.0,
          4.73391022778083
        ],
        [
          -1.0,
          -2.788906526875775e-17,
          -1.0775507365661832e-16,
          0.19252044793837406
        ],
        [
          0.0,
          -0.9659258262890683,
          0.25881904510252085,
          0.49859438698006875
        ],
        [
          0.0,
          0.0,
          0.0,
          1.0
        ]
      ],
      "metrics": {
        "coverage_iou": 0.15537303216974674,
        "trans_error": 1.0360792679582569,
        "rot_error": 0.0,
        "soft_f1": 0.42439050387199656
      }
    },
    {
      "key": "vln",
      "paper_name": "VLN+P",
      "color": [
        20,
        107,
        58
      ],
      "pose": [
        [
          0.0202251351898316,
          0.0,
          -0.9997954510331366,
          1.855995051574372
        ],
        [
          0.9997954510331366,
          0.0,
          0.0202251351898316,
          3.8778342341108116
        ],
        [
          0.0,
          -1.0,
          0.0,
          0.002254486083984153
        ],
        [
          0.0,
          0.0,
          0.0,
          1.0
        ]
      ],
      "metrics": {
        "coverage_iou": 0.0,
        "trans_error": 3.893590046406796,
        "rot_error": 3.1164917296964494,
        "soft_f1": 0.0
      }
    },
    {
      "key": "vlm",
      "paper_name": "VLM",
      "color": [
        0,
        200,
        209
      ],
      "pose": [
        [
          -0.7631773979306326,
          -0.008104959384892937,
          0.6461381964573819,
          2.86547100145789
        ],
        [
          -0.6461890275204533,
          0.009572310191386322,
          -0.7631173642302806,
          2.947163004247643
        ],
        [
          0.0,
          -0.9999213371615635,
          -0.012542706607063825,
          -0.07093050129272514
        ],
        [
          0.0,
          0.0,
          0.0,
          1.0
        ]
      ],
      "metrics": {
        "coverage_iou": 0.1349289454001496,
        "trans_error": 2.598267065031851,
        "rot_error": 0.8427472912796733,
        "soft_f1": 0.3529969639408784
      }
    }
  ],
  "vln_trajectory": {
    "points": [
      [
        1.855995051574372,
        3.8778342341108116,
        0.002254486083984153
      ],
      [
        1.855995051574372,
        3.8778342341108116,
        0.002254486083984153
      ],
      [
        1.855995051574372,
        3.8778342341108116,
        0.002254486083984153
      ],
      [
        1.855995051574372,
        3.8778342341108116,
        0.002254486083984153
      ],
      [
        1.855995051574372,
        3.8778342341108116,
        0.002254486083984153
      ],
      [
        1.855995051574372,
        3.8778342341108116,
        0.002254486083984153
      ],
      [
        1.855995051574372,
        3.8778342341108116,
        0.002254486083984153
      ],
      [
        1.855995051574372,
        3.8778342341108116,
        0.002254486083984153
      ],
      [
        1.855995051574372,
        3.8778342341108116,
        0.002254486083984153
      ],
      [
        1.855995051574372,
        3.8778342341108116,
        0.002254486083984153
      ],
      [
        1.855995051574372,
        3.8778342341108116,
        0.002254486083984153
      ],
      [
        1.855995051574372,
        3.8778342341108116,
        0.002254486083984153
      ],
      [
        1.855995051574372,
        3.8778342341108116,
        0.002254486083984153
      ],
      [
        1.855995051574372,
        3.8778342341108116,
        0.002254486083984153
      ],
      [
        1.855995051574372,
        3.8778342341108116,
        0.002254486083984153
      ],
      [
        1.855995051574372,
        3.8778342341108116,
        0.002254486083984153
      ],
      [
        1.855995051574372,
        3.8778342341108116,
        0.002254486083984153
      ],
      [
        1.855995051574372,
        3.8778342341108116,
        0.002254486083984153
      ],
      [
        1.855995051574372,
        3.8778342341108116,
        0.002254486083984153
      ],
      [
        1.855995051574372,
        3.8778342341108116,
        0.002254486083984153
      ],
      [
        1.855995051574372,
        3.8778342341108116,
        0.002254486083984153
      ]
    ],
    "color": [
      108,
      147,
      125
    ]
  },
  "images": {
    "start": "images/start.png",
    "target": "images/target.png",
    "context": [
      "images/context_0.png",
      "images/context_1.png",
      "images/context_2.png"
    ],
    "renders": {
      "iperceive": "images/render_iperceive.png",
      "nbv_l": "images/render_nbv_l.png",
      "vln": "images/render_vln.png",
      "vlm": "images/render_vlm.png"
    }
  }
}