{
  "dataset": "hssd",
  "data_name": "20260501_123810_19cca8",
  "instruction": "Check the content inside the top cabinet",
  "target_2d_coord": [
    0.5863013698630137,
    0.20273972602739726
  ],
  "fov_rad": 0.8726646221409238,
  "gt_cameras": [
    {
      "label": "start",
      "pose": [
        [
          0.9839233565727823,
          -0.004338185224353651,
          0.17853853516680593,
          0.8799156343381926
        ],
        [
          -0.1785912326810854,
          -0.023900623246174407,
          0.9836330270064618,
          2.609465847677418
        ],
        [
          -6.742146645248185e-19,
          -0.9997049266445592,
          -0.024291143295373574,
          1.4880417278966018
        ],
        [
          0.0,
          0.0,
          0.0,
          1.0
        ]
      ],
      "color": [
        0,
        0,
        0
      ],
      "visible": false
    },
    {
      "label": "context_0",
      "pose": [
        [
          0.9999992290182494,
          4.756491797979108e-05,
          -0.0012205211614240707,
          1.3308065258523247
        ],
        [
          0.0012214635068580337,
          -0.03894116485588693,
          0.9992407780352018,
          2.8169601130495843
        ],
        [
          -2.4104979384070857e-10,
          -0.9992415155250424,
          -0.03894119331546476,
          1.533170505420835
        ],
        [
          0.0,
          0.0,
          0.0,
          1.0
        ]
      ],
      "color": [
        0,
        0,
        0
      ],
      "visible": false
    },
    {
      "label": "context_1",
      "pose": [
        [
          0.7711668313104127,
          0.07748319175602188,
          -0.6319003441957034,
          3.344336682021573
        ],
        [
          0.6366330981937867,
          -0.09385699241174422,
          0.7654339594215704,
          2.2690067348757794
        ],
        [
          -1.7181290834500373e-09,
          -0.9925659775152891,
          -0.1217077603300774,
          1.654638866558272
        ],
        [
          0.0,
          0.0,
          0.0,
          1.0
        ]
      ],
      "color": [
        0,
        0,
        0
      ],
      "visible": false
    },
    {
      "label": "context_2",
      "pose": [
        [
          0.9943590044395086,
          -0.015989434605409837,
          0.10485491919778883,
          0.3014789357213018
        ],
        [
          -0.10606704912970638,
          -0.1498980088105166,
          0.9829955903187277,
          3.2810185128912615
        ],
        [
          6.027524228433695e-10,
          -0.9885721368684519,
          -0.15074838366509363,
          1.664651219333175
        ],
        [
          0.0,
          0.0,
          0.0,
          1.0
        ]
      ],
      "color": [
        0,
        0,
        0
      ],
      "visible": false
    },
    {
      "label": "target",
      "pose": [
        [
          0.998621023641382,
          0.005128917125834593,
          0.05224744687564695,
          1.3081093143270972
        ],
        [
          -0.05249858927137986,
          0.09756157474133925,
          0.9938438987121239,
          4.020004211622125
        ],
        [
          9.981603096148595e-10,
          -0.995216303054286,
          0.0976962981621916,
          1.8438917779807626
        ],
        [
          0.0,
          0.0,
          0.0,
          1.0
        ]
      ],
      "color": [
        144,
        238,
        144
      ],
      "visible": true
    }
  ],
  "algorithms": [
    {
      "key": "iperceive",
      "paper_name": "I-Perceive (Ours)",
      "color": [
        255,
        102,
        31
      ],
      "pose": [
        [
          0.9741483432194961,
          0.055377418776233325,
          0.21901667816176743,
          1.325678691477048
        ],
        [
          -0.2257396956961163,
          0.27616277521097543,
          0.934224673109348,
          3.6880598484067955
        ],
        [
          -0.008749303350481036,
          -0.9595141623172724,
          0.2815243953945814,
          1.7813337513605043
        ],
        [
          0.0,
          0.0,
          0.0,
          1.0
        ]
      ],
      "metrics": {
        "coverage_iou": 0.08964451313755796,
        "trans_error": 0.338244295248279,
        "rot_error": 0.25716971690109064,
        "soft_f1": 0.29288734968065294
      }
    },
    {
      "key": "nbv_l",
      "paper_name": "NBV+L",
      "color": [
        30,
        85,
        230
      ],
      "pose": [
        [
          0.7071067811865481,
          0.08282139141036224,
          0.7256957118370901,
          1.0227384581073222
        ],
        [
          -0.7071067811865469,
          0.08282139141036238,
          0.7256957118370914,
          4.1663156742285
        ],
        [
          0.0,
          -0.9925461516413222,
          0.12186934340514727,
          2.380968398904008
        ],
        [
          0.0,
          0.0,
          0.0,
          1.0
        ]
      ],
      "metrics": {
        "coverage_iou": 0.0,
        "trans_error": 0.6255356933753067,
        "rot_error": 0.714679225451276,
        "soft_f1": 0.02194715699402332
      }
    },
    {
      "key": "vln",
      "paper_name": "VLN+P",
      "color": [
        20,
        107,
        58
      ],
      "pose": [
        [
          0.9839233565727822,
          0.046222812306200636,
          0.1725058839954607,
          0.8799156343381926
        ],
        [
          -0.17859123268108543,
          0.25465810360223456,
          0.9503969812026783,
          2.6094658476774186
        ],
        [
          0.0,
          -0.9659258262890684,
          0.2588190451025207,
          1.4880417278966018
        ],
        [
          0.0,
          0.0,
          0.0,
          1.0
        ]
      ],
      "metrics": {
        "coverage_iou": 0.11704266249720795,
        "trans_error": 1.5164423329810712,
        "rot_error": 0.20731501674277325,
        "soft_f1": 0.3592233009708738
      }
    },
    {
      "key": "vlm",
      "paper_name": "VLM",
      "color": [
        0,
        200,
        209
      ],
      "pose": [
        [
          0.9932167762652397,
          0.061861534517860285,
          0.09845600993530174,
          1.254542669200376
        ],
        [
          -0.11627740685655426,
          0.5284080162232025,
          0.840990209839434,
          3.7125607158286242
        ],
        [
          0.0,
          -0.8467337946120701,
          0.5320168052438238,
          1.5673260271008018
        ],
        [
          0.0,
          0.0,
          0.0,
          1.0
        ]
      ],
      "metrics": {
        "coverage_iou": 0.060815047021943576,
        "trans_error": 0.41698854766081267,
        "rot_error": 0.46745334008575745,
        "soft_f1": 0.21892227361296987
      }
    }
  ],
  "vln_trajectory": {
    "points": [
      [
        0.8799156343381926,
        2.6094658476774186,
        1.4880417278966018
      ],
      [
        0.8799156343381926,
        2.6094658476774186,
        1.4880417278966018
      ],
      [
        0.8799156343381926,
        2.6094658476774186,
        1.4880417278966018
      ],
      [
        0.8799156343381926,
        2.6094658476774186,
        1.4880417278966018
      ],
      [
        0.8799156343381926,
        2.6094658476774186,
        1.4880417278966018
      ],
      [
        0.8799156343381926,
        2.6094658476774186,
        1.4880417278966018
      ],
      [
        0.8799156343381926,
        2.6094658476774186,
        1.4880417278966018
      ],
      [
        0.8799156343381926,
        2.6094658476774186,
        1.4880417278966018
      ],
      [
        0.8799156343381926,
        2.6094658476774186,
        1.4880417278966018
      ],
      [
        0.8799156343381926,
        2.6094658476774186,
        1.4880417278966018
      ],
      [
        0.8799156343381926,
        2.6094658476774186,
        1.4880417278966018
      ],
      [
        0.8799156343381926,
        2.6094658476774186,
        1.4880417278966018
      ],
      [
        0.8799156343381926,
        2.6094658476774186,
        1.4880417278966018
      ],
      [
        0.8799156343381926,
        2.6094658476774186,
        1.4880417278966018
      ],
      [
        0.8799156343381926,
        2.6094658476774186,
        1.4880417278966018
      ],
      [
        0.8799156343381926,
        2.6094658476774186,
        1.4880417278966018
      ],
      [
        0.8799156343381926,
        2.6094658476774186,
        1.4880417278966018
      ],
      [
        0.8799156343381926,
        2.6094658476774186,
        1.4880417278966018
      ],
      [
        0.8799156343381926,
        2.6094658476774186,
        1.4880417278966018
      ],
      [
        0.8799156343381926,
        2.6094658476774186,
        1.4880417278966018
      ],
      [
        0.8799156343381926,
        2.6094658476774186,
        1.4880417278966018
      ]
    ],
    "color": [
      108,
      147,
      125
    ]
  },
  "images": {
    "start": "images/start.png",
    "target": "images/target.png",
    "context": [
      "images/context_0.png",
      "images/context_1.png",
      "images/context_2.png"
    ],
    "renders": {
      "iperceive": "images/render_iperceive.png",
      "nbv_l": "images/render_nbv_l.png",
      "vln": "images/render_vln.png",
      "vlm": "images/render_vlm.png"
    }
  }
}