{
  "dataset": "replica",
  "data_name": "apartment_0_20260501_091736_282979",
  "instruction": "Look at the potted plant between the sofa and fireplace",
  "target_2d_coord": null,
  "fov_rad": 1.0471975667402222,
  "gt_cameras": [
    {
      "label": "start",
      "pose": [
        [
          0.6004430993330847,
          0.1352896233623403,
          -0.7881400905129465,
          3.4760036352691994
        ],
        [
          0.7996674836851123,
          -0.10158437402623842,
          0.5917875720986526,
          -8.427880671193414
        ],
        [
          2.3069243344552413e-17,
          -0.9855847669095609,
          -0.1691823490669952,
          -0.07476460933685518
        ],
        [
          0.0,
          0.0,
          0.0,
          1.0
        ]
      ],
      "color": [
        0,
        0,
        0
      ],
      "visible": false
    },
    {
      "label": "context_0",
      "pose": [
        [
          0.8674506557686223,
          0.07729921208407693,
          -0.49148165390539283,
          1.5444041743698131
        ],
        [
          0.4975232401459768,
          -0.13477409927817136,
          0.8569169076858631,
          -8.174641335434412
        ],
        [
          3.398218290096011e-09,
          -0.9878566696041731,
          -0.1553680347026059,
          -0.0747646144720519
        ],
        [
          0.0,
          0.0,
          0.0,
          1.0
        ]
      ],
      "color": [
        0,
        0,
        0
      ],
      "visible": false
    },
    {
      "label": "context_1",
      "pose": [
        [
          -0.9042618098885117,
          -0.0747608247387091,
          0.42038237144238566,
          -1.8068379848142886
        ],
        [
          -0.42697835995267364,
          0.15832971906321208,
          -0.8902927496734245,
          -4.135320205160694
        ],
        [
          2.9196639272921487e-09,
          -0.9845519595219583,
          -0.17509279776930375,
          -0.07476448932843516
        ],
        [
          0.0,
          0.0,
          0.0,
          1.0
        ]
      ],
      "color": [
        0,
        0,
        0
      ],
      "visible": false
    },
    {
      "label": "context_2",
      "pose": [
        [
          0.9999792314948326,
          -0.000911983611656092,
          0.00637917796366555,
          0.1510088845649764
        ],
        [
          -0.006444030038599724,
          -0.14152033116489401,
          0.989914350404765,
          -5.682690435266013
        ],
        [
          -4.005857534572499e-09,
          -0.9899349527164273,
          -0.14152326223720796,
          -0.07476459171639471
        ],
        [
          0.0,
          0.0,
          0.0,
          1.0
        ]
      ],
      "color": [
        0,
        0,
        0
      ],
      "visible": false
    },
    {
      "label": "target",
      "pose": [
        [
          -0.9495961131830676,
          0.05241659793781328,
          -0.30906270736337627,
          -0.6318668591947967
        ],
        [
          0.31347608645092156,
          0.15878276244226497,
          -0.9362268974468717,
          -6.772820177445998
        ],
        [
          -1.058449827784358e-09,
          -0.9859211673845218,
          -0.16721084204250705,
          -0.07476461680147373
        ],
        [
          0.0,
          0.0,
          0.0,
          1.0
        ]
      ],
      "color": [
        144,
        238,
        144
      ],
      "visible": true
    }
  ],
  "algorithms": [
    {
      "key": "iperceive",
      "paper_name": "I-Perceive (Ours)",
      "color": [
        255,
        102,
        31
      ],
      "pose": [
        [
          -0.515771438333929,
          0.17561098056656782,
          -0.8385347383594852,
          0.8854681057205775
        ],
        [
          0.8567258756629339,
          0.10651431509563755,
          -0.5046537338383796,
          -7.103529228279277
        ],
        [
          0.0006932224598856229,
          -0.9786804550889262,
          -0.20538752988358433,
          -0.11008449924247016
        ],
        [
          0.0,
          0.0,
          0.0,
          1.0
        ]
      ],
      "metrics": {
        "coverage_iou": 0.4334370394629114,
        "trans_error": 1.5533579354986822,
        "rot_error": 0.7110682955023985,
        "soft_f1": 0.741974371877529
      }
    },
    {
      "key": "nbv_l",
      "paper_name": "NBV+L",
      "color": [
        30,
        85,
        230
      ],
      "pose": [
        [
          -0.7071067811865475,
          0.04932527561613236,
          -0.7053843046066397,
          -0.8584822285451156
        ],
        [
          0.7071067811865476,
          0.049325275616132355,
          -0.7053843046066396,
          -7.486449070672222
        ],
        [
          0.0,
          -0.9975640502598242,
          -0.0697564737441253,
          -0.691210110996796
        ],
        [
          0.0,
          0.0,
          0.0,
          1.0
        ]
      ],
      "metrics": {
        "coverage_iou": 0.37017873941674506,
        "trans_error": 0.9698586595206548,
        "rot_error": 0.4765826027055969,
        "soft_f1": 0.6621475444384692
      }
    },
    {
      "key": "vln",
      "paper_name": "VLN+P",
      "color": [
        20,
        107,
        58
      ],
      "pose": [
        [
          -0.7996674836851128,
          0.0,
          -0.600443099333083,
          3.476003635269201
        ],
        [
          0.600443099333083,
          0.0,
          -0.7996674836851128,
          -8.427880671193414
        ],
        [
          0.0,
          -1.0,
          0.0,
          -0.07476460933685525
        ],
        [
          0.0,
          0.0,
          0.0,
          1.0
        ]
      ],
      "metrics": {
        "coverage_iou": 0.0,
        "trans_error": 4.428749696597661,
        "rot_error": 0.3656940409087812,
        "soft_f1": 0.0
      }
    },
    {
      "key": "vlm",
      "paper_name": "VLM",
      "color": [
        0,
        200,
        209
      ],
      "pose": [
        [
          0.037763640071992434,
          -0.0823969125826738,
          -0.9958838568253611,
          2.1202346669173986
        ],
        [
          0.9992866993453445,
          0.0031138284456843092,
          0.03763504462462932,
          -7.9354871128004145
        ],
        [
          -0.0,
          -0.9965947284976246,
          0.08245572830765574,
          -0.3116198980306485
        ],
        [
          0.0,
          0.0,
          0.0,
          1.0
        ]
      ],
      "metrics": {
        "coverage_iou": 0.15726899204475916,
        "trans_error": 2.9969912788420787,
        "rot_error": 1.3104141698784688,
        "soft_f1": 0.36536735806112675
      }
    }
  ],
  "vln_trajectory": {
    "points": [
      [
        3.476003635269201,
        -8.427880671193414,
        -0.07476460933685525
      ],
      [
        3.476003635269201,
        -8.427880671193414,
        -0.07476460933685525
      ],
      [
        3.476003635269201,
        -8.427880671193414,
        -0.07476460933685525
      ],
      [
        3.476003635269201,
        -8.427880671193414,
        -0.07476460933685525
      ],
      [
        3.476003635269201,
        -8.427880671193414,
        -0.07476460933685525
      ],
      [
        3.476003635269201,
        -8.427880671193414,
        -0.07476460933685525
      ],
      [
        3.476003635269201,
        -8.427880671193414,
        -0.07476460933685525
      ],
      [
        3.476003635269201,
        -8.427880671193414,
        -0.07476460933685525
      ],
      [
        3.476003635269201,
        -8.427880671193414,
        -0.07476460933685525
      ],
      [
        3.476003635269201,
        -8.427880671193414,
        -0.07476460933685525
      ],
      [
        3.476003635269201,
        -8.427880671193414,
        -0.07476460933685525
      ],
      [
        3.476003635269201,
        -8.427880671193414,
        -0.07476460933685525
      ],
      [
        3.476003635269201,
        -8.427880671193414,
        -0.07476460933685525
      ],
      [
        3.476003635269201,
        -8.427880671193414,
        -0.07476460933685525
      ],
      [
        3.476003635269201,
        -8.427880671193414,
        -0.07476460933685525
      ],
      [
        3.476003635269201,
        -8.427880671193414,
        -0.07476460933685525
      ],
      [
        3.476003635269201,
        -8.427880671193414,
        -0.07476460933685525
      ],
      [
        3.476003635269201,
        -8.427880671193414,
        -0.07476460933685525
      ],
      [
        3.476003635269201,
        -8.427880671193414,
        -0.07476460933685525
      ],
      [
        3.476003635269201,
        -8.427880671193414,
        -0.07476460933685525
      ],
      [
        3.476003635269201,
        -8.427880671193414,
        -0.07476460933685525
      ]
    ],
    "color": [
      108,
      147,
      125
    ]
  },
  "images": {
    "start": "images/start.png",
    "target": "images/target.png",
    "context": [
      "images/context_0.png",
      "images/context_1.png",
      "images/context_2.png"
    ],
    "renders": {
      "iperceive": "images/render_iperceive.png",
      "nbv_l": "images/render_nbv_l.png",
      "vln": "images/render_vln.png",
      "vlm": "images/render_vlm.png"
    }
  }
}