{
  "dataset": "replica",
  "data_name": "room_1_20260504_101849_841052",
  "instruction": "Look at the plant stems inside the textured vase",
  "target_2d_coord": null,
  "fov_rad": 1.0471975667402222,
  "gt_cameras": [
    {
      "label": "start",
      "pose": [
        [
          -0.19265923850762134,
          0.0674542384940236,
          -0.9789445048248928,
          0.9938613592485683
        ],
        [
          0.9812657223289027,
          0.013243795158284498,
          -0.19220349651383,
          -0.023649784689926616
        ],
        [
          -5.191859752820163e-18,
          -0.9976344659237655,
          -0.06874207155013018,
          0.09204649925231867
        ],
        [
          0.0,
          0.0,
          0.0,
          1.0
        ]
      ],
      "color": [
        0,
        0,
        0
      ],
      "visible": false
    },
    {
      "label": "context_0",
      "pose": [
        [
          0.8711129593032507,
          -0.07571457933854507,
          0.48521082358224554,
          -2.5094718566079983
        ],
        [
          -0.49108272738293063,
          -0.1343072036134589,
          0.8606969854018485,
          -1.8669723533963642
        ],
        [
          -9.043719453871724e-10,
          -0.988042982861374,
          -0.15417886690946916,
          0.0920465003839217
        ],
        [
          0.0,
          0.0,
          0.0,
          1.0
        ]
      ],
      "color": [
        0,
        0,
        0
      ],
      "visible": false
    },
    {
      "label": "context_1",
      "pose": [
        [
          -0.07047741337855265,
          -0.12614238061331612,
          0.9895054296330414,
          -4.274840388976248
        ],
        [
          -0.997513355759488,
          0.008912353768694647,
          -0.06991164836673786,
          -0.08220759712565381
        ],
        [
          -1.8521203147547904e-09,
          -0.9919720823105684,
          -0.1264568401956061,
          0.0920464767884111
        ],
        [
          0.0,
          0.0,
          0.0,
          1.0
        ]
      ],
      "color": [
        0,
        0,
        0
      ],
      "visible": false
    },
    {
      "label": "context_2",
      "pose": [
        [
          -0.9534676961728354,
          -0.03513352155072284,
          0.29944110295006415,
          -4.622791056234861
        ],
        [
          -0.30149517936198444,
          0.11110851161200717,
          -0.9469717567987068,
          0.2038457661246074
        ],
        [
          3.8220426823443177e-11,
          -0.9931870810893704,
          -0.11653096167547224,
          0.09204649027711614
        ],
        [
          0.0,
          0.0,
          0.0,
          1.0
        ]
      ],
      "color": [
        0,
        0,
        0
      ],
      "visible": false
    },
    {
      "label": "target",
      "pose": [
        [
          -0.8786640197040475,
          0.08866640759636196,
          -0.4691351370909099,
          -3.6998425930501284
        ],
        [
          0.47744063884883,
          0.16317838035021842,
          -0.8633789927913813,
          -1.0889514798981739
        ],
        [
          6.328855370330011e-09,
          -0.9826042575498345,
          -0.1857119121619913,
          0.09204651694777566
        ],
        [
          0.0,
          0.0,
          0.0,
          1.0
        ]
      ],
      "color": [
        144,
        238,
        144
      ],
      "visible": true
    }
  ],
  "algorithms": [
    {
      "key": "iperceive",
      "paper_name": "I-Perceive (Ours)",
      "color": [
        255,
        102,
        31
      ],
      "pose": [
        [
          -0.26049009663315936,
          0.12083624066414586,
          -0.9578849069161951,
          -2.951170672473123
        ],
        [
          0.9654278616478458,
          0.04255952972767578,
          -0.2571725099675849,
          -1.1925165798669983
        ],
        [
          0.009691372078441927,
          -0.9917596761311682,
          -0.1277450103936563,
          0.0021869762923276137
        ],
        [
          0.0,
          0.0,
          0.0,
          1.0
        ]
      ],
      "metrics": {
        "coverage_iou": 0.2062146892655367,
        "trans_error": 0.7611243178482097,
        "rot_error": 0.8112931265913796,
        "soft_f1": 0.4747655755585466
      }
    },
    {
      "key": "nbv_l",
      "paper_name": "NBV+L",
      "color": [
        30,
        85,
        230
      ],
      "pose": [
        [
          -0.7071067811865467,
          0.1332416165324638,
          -0.7181506253410265,
          -4.360531501826803
        ],
        [
          0.7071067811865483,
          0.13324161653246352,
          -0.7181506253410248,
          -1.5097914987910726
        ],
        [
          0.0,
          -0.981627183447664,
          -0.19080899537654467,
          0.1243965210695803
        ],
        [
          0.0,
          0.0,
          0.0,
          1.0
        ]
      ],
      "metrics": {
        "coverage_iou": 0.04201680672268908,
        "trans_error": 0.7840041109506048,
        "rot_error": 0.22542276590939367,
        "soft_f1": 0.1702493551160791
      }
    },
    {
      "key": "vln",
      "paper_name": "VLN+P",
      "color": [
        20,
        107,
        58
      ],
      "pose": [
        [
          0.5576289923977077,
          0.0,
          -0.8300903004116583,
          -2.440568668902592
        ],
        [
          0.8300903004116583,
          0.0,
          0.5576289923977077,
          -0.6979571194666008
        ],
        [
          0.0,
          -0.9999999999999999,
          0.0,
          0.09204649925231867
        ],
        [
          0.0,
          0.0,
          0.0,
          1.0
        ]
      ],
      "metrics": {
        "coverage_iou": 0.0,
        "trans_error": 1.3185779263293655,
        "rot_error": 1.6725046303609528,
        "soft_f1": 0.0
      }
    },
    {
      "key": "vlm",
      "paper_name": "VLM",
      "color": [
        0,
        200,
        209
      ],
      "pose": [
        [
          -0.7689889655069958,
          0.09543325633694202,
          -0.6320984610908399,
          -1.649591328256409
        ],
        [
          0.6392620518445316,
          0.11479974582216675,
          -0.7603716508594237,
          -0.5744307654203331
        ],
        [
          0.0,
          -0.9887939683999359,
          -0.14928659704041275,
          -0.0002475988107548954
        ],
        [
          0.0,
          0.0,
          0.0,
          1.0
        ]
      ],
      "metrics": {
        "coverage_iou": 0.2257100149476831,
        "trans_error": 2.115840386436132,
        "rot_error": 0.19924363152628535,
        "soft_f1": 0.487843137254902
      }
    }
  ],
  "vln_trajectory": {
    "points": [
      [
        0.9938613592485683,
        -0.023649784689926588,
        0.09204649925231867
      ],
      [
        0.2579120675018911,
        -0.1681442135706425,
        0.09204649925231867
      ],
      [
        -0.4780372242447861,
        -0.3126386424513584,
        0.09204649925231867
      ],
      [
        -1.2139865159914633,
        -0.4571330713320743,
        0.09204649925231867
      ],
      [
        -1.9499358077381406,
        -0.6016275002127902,
        0.09204649925231867
      ],
      [
        -2.195252238320366,
        -0.6497923098396955,
        0.09204649925231867
      ],
      [
        -2.440568668902592,
        -0.6979571194666008,
        0.09204649925231867
      ],
      [
        -2.440568668902592,
        -0.6979571194666008,
        0.09204649925231867
      ],
      [
        -2.440568668902592,
        -0.6979571194666008,
        0.09204649925231867
      ]
    ],
    "color": [
      108,
      147,
      125
    ]
  },
  "images": {
    "start": "images/start.png",
    "target": "images/target.png",
    "context": [
      "images/context_0.png",
      "images/context_1.png",
      "images/context_2.png"
    ],
    "renders": {
      "iperceive": "images/render_iperceive.png",
      "nbv_l": "images/render_nbv_l.png",
      "vln": "images/render_vln.png",
      "vlm": "images/render_vlm.png"
    }
  }
}