{
  "dataset": "hssd",
  "data_name": "20260503_084534_8c5a87",
  "instruction": "Check the trash can behind the console table",
  "target_2d_coord": null,
  "fov_rad": 0.8726646221409238,
  "gt_cameras": [
    {
      "label": "start",
      "pose": [
        [
          -0.2335641331172034,
          -0.3790979334447443,
          0.8953951935202318,
          -6.32704393964735
        ],
        [
          -0.9723413987490244,
          0.09106233706130556,
          -0.2150810429761858,
          1.3288109679249065
        ],
        [
          -1.0821385750921999e-17,
          -0.9208650322532923,
          -0.38988151068387766,
          1.4922225489163126
        ],
        [
          0.0,
          0.0,
          0.0,
          1.0
        ]
      ],
      "color": [
        0,
        0,
        0
      ],
      "visible": false
    },
    {
      "label": "context_0",
      "pose": [
        [
          -0.621441270314327,
          -0.29129964496234856,
          0.7272930690125812,
          -5.939987977967317
        ],
        [
          -0.7834607248743028,
          0.23105895809603313,
          -0.5768890927996314,
          3.0487134450575497
        ],
        [
          -4.946476839240432e-10,
          -0.9283082569843436,
          -0.37181141295972847,
          1.4214418369981476
        ],
        [
          0.0,
          0.0,
          0.0,
          1.0
        ]
      ],
      "color": [
        0,
        0,
        0
      ],
      "visible": false
    },
    {
      "label": "context_1",
      "pose": [
        [
          -0.08904839639414565,
          -0.39727658746096917,
          0.9133683294505971,
          -7.405688857797398
        ],
        [
          -0.9960273257669527,
          0.035517946786772454,
          -0.08165838758867927,
          1.529862334628867
        ],
        [
          -2.5873672510057233e-09,
          -0.9170113305820767,
          -0.39886114746617274,
          1.7053531145687766
        ],
        [
          0.0,
          0.0,
          0.0,
          1.0
        ]
      ],
      "color": [
        0,
        0,
        0
      ],
      "visible": false
    },
    {
      "label": "target",
      "pose": [
        [
          0.12062995389167264,
          -0.7061223911168617,
          0.6977389182962768,
          -4.170575044936441
        ],
        [
          -0.9926975529658274,
          -0.08580610545504143,
          0.08478737779827783,
          1.2836594774240242
        ],
        [
          -1.0154988655530772e-08,
          -0.7028716014386974,
          -0.7113167486527912,
          1.3608086610341648
        ],
        [
          0.0,
          0.0,
          0.0,
          1.0
        ]
      ],
      "color": [
        144,
        238,
        144
      ],
      "visible": true
    }
  ],
  "algorithms": [
    {
      "key": "iperceive",
      "paper_name": "I-Perceive (Ours)",
      "color": [
        255,
        102,
        31
      ],
      "pose": [
        [
          -0.06526009534255695,
          -0.5940986855000294,
          0.8017405313308679,
          -4.444089934624967
        ],
        [
          -0.9977335048448521,
          0.025644526186690608,
          -0.06221065542294277,
          1.3184725141166929
        ],
        [
          0.01639901871458046,
          -0.8039832958923401,
          -0.5944257470868414,
          1.095286818124516
        ],
        [
          0.0,
          0.0,
          0.0,
          1.0
        ]
      ],
      "metrics": {
        "coverage_iou": 0.491609081934847,
        "trans_error": 0.38278483124371526,
        "rot_error": 0.24155549866752862,
        "soft_f1": 0.8795955140790146
      }
    },
    {
      "key": "nbv_l",
      "paper_name": "NBV+L",
      "color": [
        30,
        85,
        230
      ],
      "pose": [
        [
          0.7071067811865476,
          0.18301270189221922,
          -0.7071067811865475,
          -2.6199441575355267
        ],
        [
          0.7071067811865475,
          -0.18301270189221924,
          0.7071067811865476,
          0.917323864041561
        ],
        [
          0.0,
          -0.9659258262890682,
          -0.25881904510252063,
          0.591514574737775
        ],
        [
          0.0,
          0.0,
          0.0,
          1.0
        ]
      ],
      "metrics": {
        "coverage_iou": 0.0,
        "trans_error": 1.7693138233079897,
        "rot_error": 2.2787550039839966,
        "soft_f1": 0.12997440658403173
      }
    },
    {
      "key": "vln",
      "paper_name": "VLN+P",
      "color": [
        20,
        107,
        58
      ],
      "pose": [
        [
          -0.23356413311720226,
          -0.30047001654775585,
          0.9247516233438041,
          -6.32704393964735
        ],
        [
          -0.9723413987490246,
          0.07217528640966796,
          -0.22213269077394387,
          1.3288109679249065
        ],
        [
          0.0,
          -0.9510565162951535,
          -0.30901699437494745,
          1.4922225489163126
        ],
        [
          0.0,
          0.0,
          0.0,
          1.0
        ]
      ],
      "metrics": {
        "coverage_iou": 0.12126211590018561,
        "trans_error": 2.160941078030146,
        "rot_error": 0.593727327343435,
        "soft_f1": 0.2961435554458965
      }
    },
    {
      "key": "vlm",
      "paper_name": "VLM",
      "color": [
        0,
        200,
        209
      ],
      "pose": [
        [
          0.6188909445850846,
          -0.5670180274980074,
          0.5435665140558702,
          -5.090131166659183
        ],
        [
          -0.785476924365434,
          -0.4467633761723989,
          0.42828552041886475,
          1.1995448683907115
        ],
        [
          0.0,
          -0.6920209839327911,
          -0.7218773841842474,
          1.1981035470888248
        ],
        [
          0.0,
          0.0,
          0.0,
          1.0
        ]
      ],
      "metrics": {
        "coverage_iou": 0.07713498622589532,
        "trans_error": 0.9376202311708514,
        "rot_error": 0.5466100317903776,
        "soft_f1": 0.22678055154008672
      }
    }
  ],
  "vln_trajectory": {
    "points": [
      [
        -6.32704393964735,
        1.3288109679249065,
        1.4922225489163126
      ],
      [
        -6.32704393964735,
        1.3288109679249065,
        1.4922225489163126
      ],
      [
        -6.32704393964735,
        1.3288109679249065,
        1.4922225489163126
      ],
      [
        -6.32704393964735,
        1.3288109679249065,
        1.4922225489163126
      ],
      [
        -6.32704393964735,
        1.3288109679249065,
        1.4922225489163126
      ],
      [
        -6.32704393964735,
        1.3288109679249065,
        1.4922225489163126
      ],
      [
        -6.32704393964735,
        1.3288109679249065,
        1.4922225489163126
      ],
      [
        -6.32704393964735,
        1.3288109679249065,
        1.4922225489163126
      ],
      [
        -6.32704393964735,
        1.3288109679249065,
        1.4922225489163126
      ],
      [
        -6.32704393964735,
        1.3288109679249065,
        1.4922225489163126
      ],
      [
        -6.32704393964735,
        1.3288109679249065,
        1.4922225489163126
      ],
      [
        -6.32704393964735,
        1.3288109679249065,
        1.4922225489163126
      ],
      [
        -6.32704393964735,
        1.3288109679249065,
        1.4922225489163126
      ],
      [
        -6.32704393964735,
        1.3288109679249065,
        1.4922225489163126
      ],
      [
        -6.32704393964735,
        1.3288109679249065,
        1.4922225489163126
      ],
      [
        -6.32704393964735,
        1.3288109679249065,
        1.4922225489163126
      ],
      [
        -6.32704393964735,
        1.3288109679249065,
        1.4922225489163126
      ],
      [
        -6.32704393964735,
        1.3288109679249065,
        1.4922225489163126
      ],
      [
        -6.32704393964735,
        1.3288109679249065,
        1.4922225489163126
      ],
      [
        -6.32704393964735,
        1.3288109679249065,
        1.4922225489163126
      ],
      [
        -6.32704393964735,
        1.3288109679249065,
        1.4922225489163126
      ]
    ],
    "color": [
      108,
      147,
      125
    ]
  },
  "images": {
    "start": "images/start.png",
    "target": "images/target.png",
    "context": [
      "images/context_0.png",
      "images/context_1.png"
    ],
    "renders": {
      "iperceive": "images/render_iperceive.png",
      "nbv_l": "images/render_nbv_l.png",
      "vln": "images/render_vln.png",
      "vlm": "images/render_vlm.png"
    }
  }
}