{
  "dataset": "replica",
  "data_name": "apartment_2_20260502_101852_153865",
  "instruction": "Look at the painting behind the chair",
  "target_2d_coord": null,
  "fov_rad": 1.0471975667402222,
  "gt_cameras": [
    {
      "label": "start",
      "pose": [
        [
          -0.8372540676031708,
          0.09617187938028962,
          -0.5382904382379533,
          0.29053139348356816
        ],
        [
          0.5468140692062932,
          0.14725352132410405,
          -0.824203114636014,
          2.1608638503224635
        ],
        [
          -1.366146356052061e-17,
          -0.9844121952079397,
          -0.17587674640464937,
          -0.1610726118087773
        ],
        [
          0.0,
          0.0,
          0.0,
          1.0
        ]
      ],
      "color": [
        0,
        0,
        0
      ],
      "visible": false
    },
    {
      "label": "context_0",
      "pose": [
        [
          -0.9058366726863731,
          -0.028275698093608817,
          0.42268241504725096,
          -2.0716771731043524
        ],
        [
          -0.4236270675154037,
          0.060461581839126755,
          -0.9038166239177365,
          1.244081280348082
        ],
        [
          2.6708941724962187e-09,
          -0.9977699619932507,
          -0.06674666782786669,
          -0.16107260513810384
        ],
        [
          0.0,
          0.0,
          0.0,
          1.0
        ]
      ],
      "color": [
        0,
        0,
        0
      ],
      "visible": false
    },
    {
      "label": "context_1",
      "pose": [
        [
          0.555482611288182,
          0.09028884142488043,
          -0.8266117462353443,
          0.09142725600160229
        ],
        [
          0.8315281349651126,
          -0.06031531714582053,
          0.5521983349656228,
          -1.2643366219301782
        ],
        [
          7.805590646059457e-09,
          -0.9940874992453012,
          -0.10858181986102851,
          -0.1610726447930081
        ],
        [
          0.0,
          0.0,
          0.0,
          1.0
        ]
      ],
      "color": [
        0,
        0,
        0
      ],
      "visible": false
    },
    {
      "label": "target",
      "pose": [
        [
          -0.5763392918875833,
          -0.11177284302442361,
          -0.8095306597276994,
          -1.0901581714705093
        ],
        [
          0.8172105119199612,
          -0.07882801143992188,
          -0.5709230436179338,
          0.7793276006305172
        ],
        [
          -1.030304744298327e-09,
          -0.9906023299434217,
          0.13677361709775057,
          -0.16107258597741853
        ],
        [
          0.0,
          0.0,
          0.0,
          1.0
        ]
      ],
      "color": [
        144,
        238,
        144
      ],
      "visible": true
    }
  ],
  "algorithms": [
    {
      "key": "iperceive",
      "paper_name": "I-Perceive (Ours)",
      "color": [
        255,
        102,
        31
      ],
      "pose": [
        [
          -0.5179795853959394,
          0.03213754163818497,
          -0.8547890266278435,
          -0.9133636989601992
        ],
        [
          0.855099323615317,
          0.04563507408197302,
          -0.516451908805169,
          0.4895447024200217
        ],
        [
          0.02241086796026486,
          -0.9984410381111097,
          -0.05111883102120879,
          -0.17742041841077483
        ],
        [
          0.0,
          0.0,
          0.0,
          1.0
        ]
      ],
      "metrics": {
        "coverage_iou": 0.5668141592920354,
        "trans_error": 0.3398494745276679,
        "rot_error": 0.2027396366500578,
        "soft_f1": 0.8179284439054905
      }
    },
    {
      "key": "nbv_l",
      "paper_name": "NBV+L",
      "color": [
        30,
        85,
        230
      ],
      "pose": [
        [
          -0.42261826174069944,
          0.06322083535051838,
          -0.9041000668182987,
          -1.5218712871806082
        ],
        [
          0.9063077870366499,
          0.029480359678902977,
          -0.42158878489581864,
          -0.018142970436681782
        ],
        [
          0.0,
          -0.9975640502598242,
          -0.0697564737441253,
          0.02555720961848129
        ],
        [
          0.0,
          0.0,
          0.0,
          1.0
        ]
      ],
      "metrics": {
        "coverage_iou": 0.2923758865248227,
        "trans_error": 0.9258327111841361,
        "rot_error": 0.272753861559778,
        "soft_f1": 0.5549130126464196
      }
    },
    {
      "key": "vln",
      "paper_name": "VLN+P",
      "color": [
        20,
        107,
        58
      ],
      "pose": [
        [
          -0.9786839651622022,
          0.0,
          0.2053720923942422,
          0.29053139348356827
        ],
        [
          -0.2053720923942422,
          0.0,
          -0.9786839651622022,
          2.1608638503224635
        ],
        [
          0.0,
          -1.0,
          0.0,
          -0.1610726118087773
        ],
        [
          0.0,
          0.0,
          0.0,
          1.0
        ]
      ],
      "metrics": {
        "coverage_iou": 0.0,
        "trans_error": 1.9531887013503508,
        "rot_error": 1.1705326742634932,
        "soft_f1": 0.0
      }
    },
    {
      "key": "vlm",
      "paper_name": "VLM",
      "color": [
        0,
        200,
        209
      ],
      "pose": [
        [
          -0.5874234828519695,
          -0.2437895658093035,
          -0.7716866588172774,
          -0.5756434283070246
        ],
        [
          0.8092797117153387,
          -0.1769570072714776,
          -0.5601362028859235,
          1.4385634284091209
        ],
        [
          0.0,
          -0.9535475159529458,
          0.3012426510638334,
          -0.37954446172219236
        ],
        [
          0.0,
          0.0,
          0.0,
          1.0
        ]
      ],
      "metrics": {
        "coverage_iou": 0.4984308131241084,
        "trans_error": 0.8643189540574853,
        "rot_error": 0.1693399668520047,
        "soft_f1": 0.7647751586923002
      }
    }
  ],
  "vln_trajectory": {
    "points": [
      [
        0.29053139348356827,
        2.1608638503224635,
        -0.1610726118087773
      ],
      [
        0.29053139348356827,
        2.1608638503224635,
        -0.1610726118087773
      ],
      [
        0.29053139348356827,
        2.1608638503224635,
        -0.1610726118087773
      ],
      [
        0.29053139348356827,
        2.1608638503224635,
        -0.1610726118087773
      ],
      [
        0.29053139348356827,
        2.1608638503224635,
        -0.1610726118087773
      ]
    ],
    "color": [
      108,
      147,
      125
    ]
  },
  "images": {
    "start": "images/start.png",
    "target": "images/target.png",
    "context": [
      "images/context_0.png",
      "images/context_1.png"
    ],
    "renders": {
      "iperceive": "images/render_iperceive.png",
      "nbv_l": "images/render_nbv_l.png",
      "vln": "images/render_vln.png",
      "vlm": "images/render_vlm.png"
    }
  }
}