{
  "dataset": "replica",
  "data_name": "apartment_1_20260502_084954_830757",
  "instruction": "Inspect the metallic bag on the dresser top",
  "target_2d_coord": null,
  "fov_rad": 1.0471975667402222,
  "gt_cameras": [
    {
      "label": "start",
      "pose": [
        [
          -0.30810803127803316,
          -0.18153927122312283,
          0.9338698699849738,
          2.6909226942074094
        ],
        [
          -0.9513513762338154,
          0.05879395232246803,
          -0.3024464086550356,
          6.196245493782213
        ],
        [
          3.781389380692487e-18,
          -0.9816245535713136,
          -0.19082252441973194,
          -0.3001371622085574
        ],
        [
          0.0,
          0.0,
          0.0,
          1.0
        ]
      ],
      "color": [
        0,
        0,
        0
      ],
      "visible": false
    },
    {
      "label": "context_0",
      "pose": [
        [
          0.26942543524196266,
          -0.16102759555132856,
          0.9494630299801334,
          2.7848018264350065
        ],
        [
          -0.9630212802822846,
          -0.0450508525721013,
          0.26563221153606764,
          3.373296664701928
        ],
        [
          -2.743968871565805e-09,
          -0.985921173430146,
          -0.16721083993721203,
          -0.3001371743924426
        ],
        [
          0.0,
          0.0,
          0.0,
          1.0
        ]
      ],
      "color": [
        0,
        0,
        0
      ],
      "visible": false
    },
    {
      "label": "context_1",
      "pose": [
        [
          0.6309649231273253,
          0.1434703081266671,
          -0.7624300267897576,
          7.190786883274513
        ],
        [
          0.7758113846065248,
          -0.11668394192294457,
          0.6200819043723589,
          3.327962389837876
        ],
        [
          5.7264607500329134e-09,
          -0.9827518241121587,
          -0.18492938341366552,
          -0.30013717378320137
        ],
        [
          0.0,
          0.0,
          0.0,
          1.0
        ]
      ],
      "color": [
        0,
        0,
        0
      ],
      "visible": false
    },
    {
      "label": "target",
      "pose": [
        [
          -0.6512296675749205,
          -0.2955220805191715,
          0.6989754380348786,
          6.751895968764755
        ],
        [
          -0.7588807040033145,
          0.25360078597191243,
          -0.5998222443179702,
          5.879536787733032
        ],
        [
          -9.483565877044242e-10,
          -0.9210610170420159,
          -0.3894183498113488,
          -0.3001371961182214
        ],
        [
          0.0,
          0.0,
          0.0,
          1.0
        ]
      ],
      "color": [
        144,
        238,
        144
      ],
      "visible": true
    }
  ],
  "algorithms": [
    {
      "key": "iperceive",
      "paper_name": "I-Perceive (Ours)",
      "color": [
        255,
        102,
        31
      ],
      "pose": [
        [
          -0.18322504427718425,
          -0.38025414418512404,
          0.9065513973978407,
          5.0145875907457
        ],
        [
          -0.982993560409955,
          0.05929371779487658,
          -0.17380414042135678,
          5.4872168693322045
        ],
        [
          0.012336938579107993,
          -0.9229793985607384,
          -0.38465148246344116,
          -0.542078986478191
        ],
        [
          0.0,
          0.0,
          0.0,
          1.0
        ]
      ],
      "metrics": {
        "coverage_iou": 0.3333333333333333,
        "trans_error": 1.7974122878715213,
        "rot_error": 0.525121323212204,
        "soft_f1": 0.6576824692282325
      }
    },
    {
      "key": "nbv_l",
      "paper_name": "NBV+L",
      "color": [
        30,
        85,
        230
      ],
      "pose": [
        [
          0.7986355100472928,
          -0.14058639828726974,
          0.6131153527371532,
          6.3041902714671165
        ],
        [
          -0.6018150231520483,
          -0.12685689516085563,
          0.8094563948184841,
          4.573860948332345
        ],
        [
          -0.03602064909444079,
          -0.981451480202955,
          -0.18829632191374163,
          -0.7235663169357544
        ],
        [
          0.0,
          0.0,
          0.0,
          1.0
        ]
      ],
      "metrics": {
        "coverage_iou": 0.022099447513812154,
        "trans_error": 1.443787478035967,
        "rot_error": 1.6376905123498182,
        "soft_f1": 0.07117622513792943
      }
    },
    {
      "key": "vln",
      "paper_name": "VLN+P",
      "color": [
        20,
        107,
        58
      ],
      "pose": [
        [
          -0.5438373594523371,
          -0.17447754441014468,
          0.8208523088598306,
          5.187620420766631
        ],
        [
          -0.8391906377360919,
          0.113070144933601,
          -0.5319532083377118,
          6.067791368920395
        ],
        [
          0.0,
          -0.9781476007338056,
          -0.2079116908177593,
          -0.30013716220855735
        ],
        [
          0.0,
          0.0,
          0.0,
          1.0
        ]
      ],
      "metrics": {
        "coverage_iou": 0.3011948908117017,
        "trans_error": 1.5755625762367023,
        "rot_error": 0.2329561237729006,
        "soft_f1": 0.5755723258725618
      }
    },
    {
      "key": "vlm",
      "paper_name": "VLM",
      "color": [
        0,
        200,
        209
      ],
      "pose": [
        [
          -0.4233561678870977,
          -0.15691859559255153,
          0.892270199810132,
          4.436881923005027
        ],
        [
          -0.9059633298936285,
          0.07332797378022778,
          -0.41695737569844554,
          6.04346716790587
        ],
        [
          0.0,
          -0.9848855581327951,
          -0.17320634336378246,
          -0.42220884160232347
        ],
        [
          0.0,
          0.0,
          0.0,
          1.0
        ]
      ],
      "metrics": {
        "coverage_iou": 0.19703631330402216,
        "trans_error": 2.324018978775927,
        "rot_error": 0.3531819263082397,
        "soft_f1": 0.427800683323696
      }
    }
  ],
  "vln_trajectory": {
    "points": [
      [
        2.6909226942074094,
        6.1962454937822145,
        -0.30013716220855735
      ],
      [
        2.6909226942074094,
        6.1962454937822145,
        -0.30013716220855735
      ],
      [
        3.4399320121751757,
        6.157709256323669,
        -0.30013716220855735
      ],
      [
        4.188941330142942,
        6.119173018865123,
        -0.30013716220855735
      ],
      [
        4.937950648110709,
        6.080636781406577,
        -0.30013716220855735
      ],
      [
        5.187620420766631,
        6.067791368920395,
        -0.30013716220855735
      ],
      [
        5.187620420766631,
        6.067791368920395,
        -0.30013716220855735
      ],
      [
        5.187620420766631,
        6.067791368920395,
        -0.30013716220855735
      ],
      [
        5.187620420766631,
        6.067791368920395,
        -0.30013716220855735
      ]
    ],
    "color": [
      108,
      147,
      125
    ]
  },
  "images": {
    "start": "images/start.png",
    "target": "images/target.png",
    "context": [
      "images/context_0.png",
      "images/context_1.png"
    ],
    "renders": {
      "iperceive": "images/render_iperceive.png",
      "nbv_l": "images/render_nbv_l.png",
      "vln": "images/render_vln.png",
      "vlm": "images/render_vlm.png"
    }
  }
}