{
  "dataset": "replica",
  "data_name": "apartment_0_20260502_090637_332602",
  "instruction": "Inspect the globe on the top shelf",
  "target_2d_coord": null,
  "fov_rad": 1.0471975667402222,
  "gt_cameras": [
    {
      "label": "start",
      "pose": [
        [
          0.23869327992123582,
          -0.1527954242936747,
          0.9589989970982026,
          0.7315453318855595
        ],
        [
          -0.9710950098319125,
          -0.03755682050917646,
          0.235720103327652,
          -4.020562618105947
        ],
        [
          -4.367157600201503e-18,
          -0.9875439451225233,
          -0.15734343472748574,
          -0.07476460933685525
        ],
        [
          0.0,
          0.0,
          0.0,
          1.0
        ]
      ],
      "color": [
        0,
        0,
        0
      ],
      "visible": false
    },
    {
      "label": "context_0",
      "pose": [
        [
          0.9408126004290217,
          -0.06001095848045898,
          0.33357199811559934,
          2.189128182863528
        ],
        [
          -0.3389271564808034,
          -0.16658173073364071,
          0.9259475925588436,
          -4.050985105941639
        ],
        [
          2.4718608548912613e-09,
          -0.9841998011363563,
          -0.17706152634111638,
          -0.07476460504070467
        ],
        [
          0.0,
          0.0,
          0.0,
          1.0
        ]
      ],
      "color": [
        0,
        0,
        0
      ],
      "visible": false
    },
    {
      "label": "context_1",
      "pose": [
        [
          0.8559510240185978,
          0.0844177224722102,
          -0.5101191011861418,
          5.04948682970981
        ],
        [
          0.5170569284831841,
          -0.13974755292814306,
          0.8444659325024282,
          -4.026398188156716
        ],
        [
          -2.0138250234058575e-09,
          -0.9865821038013761,
          -0.1632658268005553,
          -0.07476463808179157
        ],
        [
          0.0,
          0.0,
          0.0,
          1.0
        ]
      ],
      "color": [
        0,
        0,
        0
      ],
      "visible": false
    },
    {
      "label": "target",
      "pose": [
        [
          -0.9176072349859404,
          -0.04236963735091251,
          0.39522364564787726,
          3.0857779406878283
        ],
        [
          -0.3974882600009255,
          0.09781090231825429,
          -0.9123793477161427,
          -3.257173144629881
        ],
        [
          4.292678268402739e-09,
          -0.9943026885021555,
          -0.1065934322714065,
          -0.07476462059177746
        ],
        [
          0.0,
          0.0,
          0.0,
          1.0
        ]
      ],
      "color": [
        144,
        238,
        144
      ],
      "visible": true
    }
  ],
  "algorithms": [
    {
      "key": "iperceive",
      "paper_name": "I-Perceive (Ours)",
      "color": [
        255,
        102,
        31
      ],
      "pose": [
        [
          -0.8462767943709764,
          -0.03757480738843802,
          0.5314165554968182,
          3.1094105964010597
        ],
        [
          -0.5321539154387217,
          0.012715120394458636,
          -0.8465521059866122,
          -3.2212736932153874
        ],
        [
          0.02505198225169454,
          -0.9992129234244685,
          -0.03075609727670808,
          -0.08800160774255272
        ],
        [
          0.0,
          0.0,
          0.0,
          1.0
        ]
      ],
      "metrics": {
        "coverage_iou": 0.562287270251872,
        "trans_error": 0.04497206985419384,
        "rot_error": 0.17309186276921074,
        "soft_f1": 0.8303890734513911
      }
    },
    {
      "key": "nbv_l",
      "paper_name": "NBV+L",
      "color": [
        30,
        85,
        230
      ],
      "pose": [
        [
          -0.7071067811865483,
          0.1080973539587518,
          0.7223632127406582,
          1.9935894915390429
        ],
        [
          -0.7071067811865467,
          -0.10809735395875204,
          -0.7223632127406598,
          -4.175970619856236
        ],
        [
          0.0,
          -0.9876883405951378,
          0.15643446504023073,
          -0.44594190720386717
        ],
        [
          0.0,
          0.0,
          0.0,
          1.0
        ]
      ],
      "metrics": {
        "coverage_iou": 0.0,
        "trans_error": 1.4747329068029935,
        "rot_error": 0.42179579814577034,
        "soft_f1": 0.0
      }
    },
    {
      "key": "vln",
      "paper_name": "VLN+P",
      "color": [
        20,
        107,
        58
      ],
      "pose": [
        [
          -0.6922619490403764,
          -0.2230009731129527,
          -0.6863264237237959,
          2.1881878466334284
        ],
        [
          0.7216463080421178,
          -0.21392070681260011,
          -0.6583802376180335,
          -3.662522698224093
        ],
        [
          0.0,
          -0.9510565162951536,
          0.30901699437494734,
          -0.07476460933685525
        ],
        [
          0.0,
          0.0,
          0.0,
          1.0
        ]
      ],
      "metrics": {
        "coverage_iou": 0.0,
        "trans_error": 0.9848737704659547,
        "rot_error": 1.277069800337479,
        "soft_f1": 0.0
      }
    },
    {
      "key": "vlm",
      "paper_name": "VLM",
      "color": [
        0,
        200,
        209
      ],
      "pose": [
        [
          -0.7305813138729852,
          0.032161465036981356,
          0.6820678734453762,
          2.097295945980516
        ],
        [
          -0.6828257053008642,
          -0.03441078037981148,
          -0.729770480612932,
          -3.784745685314106
        ],
        [
          0.0,
          -0.9988901533003154,
          0.04710054818866329,
          -0.29504541795533534
        ],
        [
          0.0,
          0.0,
          0.0,
          1.0
        ]
      ],
      "metrics": {
        "coverage_iou": 0.2083668543845535,
        "trans_error": 1.1419076999953783,
        "rot_error": 0.3754997144729911,
        "soft_f1": 0.5648737827427348
      }
    }
  ],
  "vln_trajectory": {
    "points": [
      [
        0.7315453318855595,
        -4.020562618105947,
        -0.07476460933685525
      ],
      [
        1.459866589259494,
        -3.84154265816502,
        -0.07476460933685525
      ],
      [
        2.1881878466334284,
        -3.662522698224093,
        -0.07476460933685525
      ],
      [
        2.1881878466334284,
        -3.662522698224093,
        -0.07476460933685525
      ],
      [
        2.1881878466334284,
        -3.662522698224093,
        -0.07476460933685525
      ],
      [
        2.1881878466334284,
        -3.662522698224093,
        -0.07476460933685525
      ],
      [
        2.1881878466334284,
        -3.662522698224093,
        -0.07476460933685525
      ],
      [
        2.1881878466334284,
        -3.662522698224093,
        -0.07476460933685525
      ]
    ],
    "color": [
      108,
      147,
      125
    ]
  },
  "images": {
    "start": "images/start.png",
    "target": "images/target.png",
    "context": [
      "images/context_0.png",
      "images/context_1.png"
    ],
    "renders": {
      "iperceive": "images/render_iperceive.png",
      "nbv_l": "images/render_nbv_l.png",
      "vln": "images/render_vln.png",
      "vlm": "images/render_vlm.png"
    }
  }
}