{
  "dataset": "replica",
  "data_name": "frl_apartment_3_20260504_074706_646576",
  "instruction": "Look inside the cabinet through the glass doors",
  "target_2d_coord": null,
  "fov_rad": 1.0471975667402222,
  "gt_cameras": [
    {
      "label": "start",
      "pose": [
        [
          -0.0718062930900143,
          -0.20088921862604997,
          0.9769786989041708,
          -1.267748910206935
        ],
        [
          -0.9974185963138401,
          0.01446244351628992,
          -0.07033478125982295,
          0.44110832054325033
        ],
        [
          -1.6991741389039357e-18,
          -0.9795072024070846,
          -0.2014091369145073,
          0.2930544860810041
        ],
        [
          0.0,
          0.0,
          0.0,
          1.0
        ]
      ],
      "color": [
        0,
        0,
        0
      ],
      "visible": false
    },
    {
      "label": "context_0",
      "pose": [
        [
          0.8634814379986026,
          -0.0956511639344362,
          0.4952278661039723,
          0.923756797012055
        ],
        [
          -0.5043805814828028,
          -0.16375134205687067,
          0.8478123432246694,
          -0.031240247114994457
        ],
        [
          -2.298821605295487e-09,
          -0.9818535358916917,
          -0.18964083106155852,
          0.29305447892715814
        ],
        [
          0.0,
          0.0,
          0.0,
          1.0
        ]
      ],
      "color": [
        0,
        0,
        0
      ],
      "visible": false
    },
    {
      "label": "context_1",
      "pose": [
        [
          -0.7336817039174115,
          0.0913160874497902,
          -0.6733294477703676,
          4.714975778409935
        ],
        [
          0.6794932852535783,
          0.09859837925234155,
          -0.7270262538467647,
          3.66557123435845
        ],
        [
          6.528666496308233e-13,
          -0.990928698853606,
          -0.13438847819251354,
          0.2930544324348159
        ],
        [
          0.0,
          0.0,
          0.0,
          1.0
        ]
      ],
      "color": [
        0,
        0,
        0
      ],
      "visible": false
    },
    {
      "label": "context_2",
      "pose": [
        [
          -0.4721467994120092,
          0.1428751605893595,
          -0.8698644069011874,
          7.88131638578073
        ],
        [
          0.8815199659504385,
          0.07652468480815608,
          -0.46590399548261974,
          3.7803294511074563
        ],
        [
          -1.8570970594655734e-09,
          -0.9867779208938895,
          -0.16207818853831013,
          0.29305434015056875
        ],
        [
          0.0,
          0.0,
          0.0,
          1.0
        ]
      ],
      "color": [
        0,
        0,
        0
      ],
      "visible": false
    },
    {
      "label": "context_3",
      "pose": [
        [
          0.15761548822629376,
          0.16005231466948794,
          -0.9744437564501877,
          6.875704701317392
        ],
        [
          0.9875005421606168,
          -0.02554603457069357,
          0.15553148133723815,
          3.831968631480888
        ],
        [
          8.516456567742026e-10,
          -0.9867779414601103,
          -0.16207820273765025,
          0.29305451209110456
        ],
        [
          0.0,
          0.0,
          0.0,
          1.0
        ]
      ],
      "color": [
        0,
        0,
        0
      ],
      "visible": false
    },
    {
      "label": "context_4",
      "pose": [
        [
          -0.947627811018262,
          0.007279992763947307,
          -0.3192938569545727,
          2.83956677021236
        ],
        [
          0.3193768509647643,
          0.02160055698533622,
          -0.9473815620564863,
          4.232714124621772
        ],
        [
          -6.285421794149926e-09,
          -0.9997401770620084,
          -0.022794353296453983,
          0.2930545003375232
        ],
        [
          0.0,
          0.0,
          0.0,
          1.0
        ]
      ],
      "color": [
        0,
        0,
        0
      ],
      "visible": false
    },
    {
      "label": "target",
      "pose": [
        [
          -0.9982557945050325,
          0.005353032195948543,
          -0.05879428319106024,
          1.5088834247652483
        ],
        [
          0.05903746942763572,
          0.09051347235169473,
          -0.9941438036674382,
          0.6799506388187236
        ],
        [
          7.130263768306833e-09,
          -0.9958808268114966,
          -0.09067162304212596,
          0.2930544670433699
        ],
        [
          0.0,
          0.0,
          0.0,
          1.0
        ]
      ],
      "color": [
        144,
        238,
        144
      ],
      "visible": true
    }
  ],
  "algorithms": [
    {
      "key": "iperceive",
      "paper_name": "I-Perceive (Ours)",
      "color": [
        255,
        102,
        31
      ],
      "pose": [
        [
          -0.801747482280463,
          -0.13608472104282143,
          0.581963766289569,
          0.7020751999646218
        ],
        [
          -0.59386066761639,
          0.07173149541551889,
          -0.801363853259808,
          0.400986929521984
        ],
        [
          0.06730822955109346,
          -0.9880969630293688,
          -0.1383259045707323,
          0.09360673534766187
        ],
        [
          0.0,
          0.0,
          0.0,
          1.0
        ]
      ],
      "metrics": {
        "coverage_iou": 0.28112033195020747,
        "trans_error": 0.8766638019969492,
        "rot_error": 0.6996951729262318,
        "soft_f1": 0.6563142167564371
      }
    },
    {
      "key": "nbv_l",
      "paper_name": "NBV+L",
      "color": [
        30,
        85,
        230
      ],
      "pose": [
        [
          -0.7071067811865475,
          -0.12068786659225472,
          -0.720366634368431,
          2.222852728665012
        ],
        [
          0.7071067811865477,
          -0.12068786659225467,
          -0.7203666343684307,
          -0.21220420279552016
        ],
        [
          0.0,
          -0.9848077530122081,
          0.17364817766693036,
          0.7612107089315487
        ],
        [
          0.0,
          0.0,
          0.0,
          1.0
        ]
      ],
      "metrics": {
        "coverage_iou": 0.09543147208121827,
        "trans_error": 1.2348533901692422,
        "rot_error": 0.7527984347421055,
        "soft_f1": 0.3192172864276294
      }
    },
    {
      "key": "vln",
      "paper_name": "VLN+P",
      "color": [
        20,
        107,
        58
      ],
      "pose": [
        [
          -0.7560561699109016,
          0.11365390203951654,
          0.6445633083653224,
          2.4725708259699655
        ],
        [
          -0.6545067363592659,
          -0.1312877761188671,
          -0.7445699778409712,
          0.17183472145569706
        ],
        [
          0.0,
          -0.984807753012208,
          0.17364817766693033,
          0.29305448608100404
        ],
        [
          0.0,
          0.0,
          0.0,
          1.0
        ]
      ],
      "metrics": {
        "coverage_iou": 0.0,
        "trans_error": 1.0894381519088618,
        "rot_error": 0.8147220392400706,
        "soft_f1": 0.0
      }
    },
    {
      "key": "vlm",
      "paper_name": "VLM",
      "color": [
        0,
        200,
        209
      ],
      "pose": [
        [
          -0.7999366789137576,
          -0.214060093262377,
          -0.560606445022647,
          1.4238223457066201
        ],
        [
          0.6000844188349066,
          -0.2853507185284619,
          -0.7473109511487589,
          0.997518848555941
        ],
        [
          0.0,
          -0.9342126331343377,
          0.35671663276641175,
          -0.2507501835881658
        ],
        [
          0.0,
          0.0,
          0.0,
          1.0
        ]
      ],
      "metrics": {
        "coverage_iou": 0.13863527150408458,
        "trans_error": 0.6354592416555348,
        "rot_error": 0.7370490168250986,
        "soft_f1": 0.3099819108699227
      }
    }
  ],
  "vln_trajectory": {
    "points": [
      [
        -1.2677489102069348,
        0.4411083205432503,
        0.29305448608100404
      ],
      [
        -0.5196849629715548,
        0.38725360072573967,
        0.29305448608100404
      ],
      [
        0.2283789842638253,
        0.333398880908229,
        0.29305448608100404
      ],
      [
        0.9764429314992054,
        0.27954416109071833,
        0.29305448608100404
      ],
      [
        1.7245068787345854,
        0.2256894412732077,
        0.29305448608100404
      ],
      [
        2.4725708259699655,
        0.17183472145569706,
        0.29305448608100404
      ],
      [
        2.4725708259699655,
        0.17183472145569706,
        0.29305448608100404
      ],
      [
        2.4725708259699655,
        0.17183472145569706,
        0.29305448608100404
      ]
    ],
    "color": [
      108,
      147,
      125
    ]
  },
  "images": {
    "start": "images/start.png",
    "target": "images/target.png",
    "context": [
      "images/context_0.png",
      "images/context_1.png",
      "images/context_2.png",
      "images/context_3.png",
      "images/context_4.png"
    ],
    "renders": {
      "iperceive": "images/render_iperceive.png",
      "nbv_l": "images/render_nbv_l.png",
      "vln": "images/render_vln.png",
      "vlm": "images/render_vlm.png"
    }
  }
}