{
  "dataset": "replica",
  "data_name": "hotel_0_20260501_072922_639551",
  "instruction": "Look at the coffee machine closely",
  "target_2d_coord": null,
  "fov_rad": 1.0471975667402222,
  "gt_cameras": [
    {
      "label": "start",
      "pose": [
        [
          0.1549837648605121,
          0.12806777548814008,
          -0.9795808682856055,
          3.1824670193463875
        ],
        [
          0.987917017076668,
          -0.02009118747766483,
          0.15367599538013677,
          1.0754338315998597
        ],
        [
          -1.5789885802603225e-19,
          -0.9915618937147881,
          -0.12963414261969464,
          0.4647915363311763
        ],
        [
          0.0,
          0.0,
          0.0,
          1.0
        ]
      ],
      "color": [
        0,
        0,
        0
      ],
      "visible": false
    },
    {
      "label": "context_0",
      "pose": [
        [
          -0.7362921497854723,
          0.10379481949880409,
          -0.6686557414310987,
          4.77537608246674
        ],
        [
          0.6766637975848611,
          0.11294133790533868,
          -0.7275784143218884,
          1.2267910075722606
        ],
        [
          4.967326938665195e-09,
          -0.988165427430995,
          -0.15339201156358917,
          0.4647915301750968
        ],
        [
          0.0,
          0.0,
          0.0,
          1.0
        ]
      ],
      "color": [
        0,
        0,
        0
      ],
      "visible": false
    },
    {
      "label": "context_1",
      "pose": [
        [
          -0.6000585560091831,
          0.11954394338975313,
          -0.7909734246534276,
          2.305302814780296
        ],
        [
          0.7999560890168577,
          0.08967162618349098,
          -0.5933205155361174,
          1.3497295374101865
        ],
        [
          5.698511523766214e-10,
          -0.9887710946407551,
          -0.1494381315171697,
          0.4647915344589769
        ],
        [
          0.0,
          0.0,
          0.0,
          1.0
        ]
      ],
      "color": [
        0,
        0,
        0
      ],
      "visible": false
    },
    {
      "label": "context_2",
      "pose": [
        [
          -0.6548758868421382,
          -0.0889700902270604,
          0.7504810818402747,
          -1.871770692749421
        ],
        [
          -0.7557364545994512,
          0.07709615310916715,
          -0.6503219307912166,
          1.3313431370121842
        ],
        [
          2.0489317326122247e-09,
          -0.9930460679252361,
          -0.11772635048832482,
          0.46479152969402115
        ],
        [
          0.0,
          0.0,
          0.0,
          1.0
        ]
      ],
      "color": [
        0,
        0,
        0
      ],
      "visible": false
    },
    {
      "label": "target",
      "pose": [
        [
          0.9221534264229578,
          0.16546336680987717,
          -0.34964970264714196,
          1.5276769646238084
        ],
        [
          0.38682429692745396,
          -0.3944494038804407,
          0.8335326514671275,
          1.2064600204297313
        ],
        [
          4.016020696551159e-09,
          -0.9038979958285187,
          -0.42774812640614984,
          0.46479153112926996
        ],
        [
          0.0,
          0.0,
          0.0,
          1.0
        ]
      ],
      "color": [
        144,
        238,
        144
      ],
      "visible": true
    }
  ],
  "algorithms": [
    {
      "key": "iperceive",
      "paper_name": "I-Perceive (Ours)",
      "color": [
        255,
        102,
        31
      ],
      "pose": [
        [
          0.8140248200281622,
          0.22029223310230353,
          -0.5374336263223732,
          1.7139354085687268
        ],
        [
          0.5805955020793208,
          -0.28231576211408277,
          0.7636797285138126,
          1.3084937008206685
        ],
        [
          0.01650673140539677,
          -0.9336857764259086,
          -0.3577127280921757,
          0.23656535756803068
        ],
        [
          0.0,
          0.0,
          0.0,
          1.0
        ]
      ],
      "metrics": {
        "coverage_iou": 0.5646464646464646,
        "trans_error": 0.31175352889993707,
        "rot_error": 0.23616056710375635,
        "soft_f1": 0.9168537283591585
      }
    },
    {
      "key": "nbv_l",
      "paper_name": "NBV+L",
      "color": [
        30,
        85,
        230
      ],
      "pose": [
        [
          0.7071067811865472,
          -0.18301270189221935,
          0.7071067811865479,
          1.1872473924022493
        ],
        [
          -0.7071067811865479,
          -0.1830127018922192,
          0.7071067811865472,
          1.7422924329939316
        ],
        [
          0.0,
          -0.9659258262890683,
          -0.2588190451025207,
          -0.010450341629796966
        ],
        [
          0.0,
          0.0,
          0.0,
          1.0
        ]
      ],
      "metrics": {
        "coverage_iou": 0.1090686274509804,
        "trans_error": 0.7930091726579905,
        "rot_error": 1.1883367849423663,
        "soft_f1": 0.4444716542181951
      }
    },
    {
      "key": "vln",
      "paper_name": "VLN+P",
      "color": [
        20,
        107,
        58
      ],
      "pose": [
        [
          0.1549837648605124,
          0.20539949740804725,
          -0.9663286599776407,
          3.1824670193463875
        ],
        [
          0.987917017076668,
          -0.03222293660145117,
          0.1515969977510025,
          1.0754338315998597
        ],
        [
          -6.938893903907228e-18,
          -0.9781476007338056,
          -0.20791169081775934,
          0.4647915363311763
        ],
        [
          0.0,
          0.0,
          0.0,
          1.0
        ]
      ],
      "metrics": {
        "coverage_iou": 0.024719567926879935,
        "trans_error": 1.6599692459867583,
        "rot_error": 1.0419457409912931,
        "soft_f1": 0.07445207181689947
      }
    },
    {
      "key": "vlm",
      "paper_name": "VLM",
      "color": [
        0,
        200,
        209
      ],
      "pose": [
        [
          0.7301922875348821,
          0.29948163136271255,
          -0.6141090910423852,
          2.320977219882198
        ],
        [
          0.6832417019068554,
          -0.3200612270432365,
          0.6563090641755618,
          1.3420764147882553
        ],
        [
          -0.0,
          -0.8988167574205025,
          -0.43832457902802324,
          0.34812080797345113
        ],
        [
          0.0,
          0.0,
          0.0,
          1.0
        ]
      ],
      "metrics": {
        "coverage_iou": 0.18342776203966005,
        "trans_error": 0.8132214486902604,
        "rot_error": 0.35519949848360455,
        "soft_f1": 0.452744850460773
      }
    }
  ],
  "vln_trajectory": {
    "points": [
      [
        3.1824670193463875,
        1.0754338315998597,
        0.4647915363311763
      ],
      [
        3.1824670193463875,
        1.0754338315998597,
        0.4647915363311763
      ],
      [
        3.1824670193463875,
        1.0754338315998597,
        0.4647915363311763
      ],
      [
        3.1824670193463875,
        1.0754338315998597,
        0.4647915363311763
      ],
      [
        3.1824670193463875,
        1.0754338315998597,
        0.4647915363311763
      ],
      [
        3.1824670193463875,
        1.0754338315998597,
        0.4647915363311763
      ],
      [
        3.1824670193463875,
        1.0754338315998597,
        0.4647915363311763
      ],
      [
        3.1824670193463875,
        1.0754338315998597,
        0.4647915363311763
      ],
      [
        3.1824670193463875,
        1.0754338315998597,
        0.4647915363311763
      ],
      [
        3.1824670193463875,
        1.0754338315998597,
        0.4647915363311763
      ],
      [
        3.1824670193463875,
        1.0754338315998597,
        0.4647915363311763
      ],
      [
        3.1824670193463875,
        1.0754338315998597,
        0.4647915363311763
      ],
      [
        3.1824670193463875,
        1.0754338315998597,
        0.4647915363311763
      ],
      [
        3.1824670193463875,
        1.0754338315998597,
        0.4647915363311763
      ],
      [
        3.1824670193463875,
        1.0754338315998597,
        0.4647915363311763
      ],
      [
        3.1824670193463875,
        1.0754338315998597,
        0.4647915363311763
      ]
    ],
    "color": [
      108,
      147,
      125
    ]
  },
  "images": {
    "start": "images/start.png",
    "target": "images/target.png",
    "context": [
      "images/context_0.png",
      "images/context_1.png",
      "images/context_2.png"
    ],
    "renders": {
      "iperceive": "images/render_iperceive.png",
      "nbv_l": "images/render_nbv_l.png",
      "vln": "images/render_vln.png",
      "vlm": "images/render_vlm.png"
    }
  }
}