{
  "dataset": "hssd",
  "data_name": "20260504_101444_aa44c3",
  "instruction": "Move closer to the hand wash bottle",
  "target_2d_coord": null,
  "fov_rad": 0.8726646221409238,
  "gt_cameras": [
    {
      "label": "start",
      "pose": [
        [
          0.7585784366198401,
          0.16368239212770555,
          -0.6306875851027602,
          -7.117437221040758
        ],
        [
          0.6515817335495212,
          -0.19056079495358305,
          0.734253245094129,
          8.50604569784299
        ],
        [
          5.120609234984368e-19,
          -0.9679331887759663,
          -0.2512077667310258,
          1.5016565376023046
        ],
        [
          0.0,
          0.0,
          0.0,
          1.0
        ]
      ],
      "color": [
        0,
        0,
        0
      ],
      "visible": false
    },
    {
      "label": "context_0",
      "pose": [
        [
          0.9064224481351666,
          0.0940745167419768,
          -0.41176242219306514,
          -7.217948764046189
        ],
        [
          0.4223722470955249,
          -0.20188649995644292,
          0.8836535160980283,
          8.044801057996622
        ],
        [
          -3.5157641797844974e-09,
          -0.9748804258424748,
          -0.2227289218831762,
          1.680817748140609
        ],
        [
          0.0,
          0.0,
          0.0,
          1.0
        ]
      ],
      "color": [
        0,
        0,
        0
      ],
      "visible": false
    },
    {
      "label": "context_1",
      "pose": [
        [
          -0.727528855160155,
          0.18851769731930465,
          -0.6596687364044973,
          -7.29167690825828
        ],
        [
          0.6860771034685753,
          0.19990766843004354,
          -0.6995249346303388,
          10.178169716663103
        ],
        [
          -3.0638242776159785e-09,
          -0.9615082102704049,
          -0.27477629220074845,
          1.4543981971745428
        ],
        [
          0.0,
          0.0,
          0.0,
          1.0
        ]
      ],
      "color": [
        0,
        0,
        0
      ],
      "visible": false
    },
    {
      "label": "target",
      "pose": [
        [
          0.1713755965929456,
          0.43229442152368364,
          -0.8852976629877618,
          -8.134751328214982
        ],
        [
          0.9852057996532395,
          -0.07519718687391169,
          0.1539966433123553,
          9.21770807939977
        ],
        [
          7.2226027103550194e-09,
          -0.8985916422582735,
          -0.4387858960431189,
          1.2529675855429288
        ],
        [
          0.0,
          0.0,
          0.0,
          1.0
        ]
      ],
      "color": [
        144,
        238,
        144
      ],
      "visible": true
    }
  ],
  "algorithms": [
    {
      "key": "iperceive",
      "paper_name": "I-Perceive (Ours)",
      "color": [
        255,
        102,
        31
      ],
      "pose": [
        [
          0.1234037155313572,
          0.4720583670118821,
          -0.8728874537294347,
          -8.02991701908018
        ],
        [
          0.9920217652658474,
          -0.08152956155724232,
          0.09615498243311216,
          9.470543758615195
        ],
        [
          -0.02577537607379396,
          -0.8777891482913698,
          -0.47835322063252717,
          1.2460287769240181
        ],
        [
          0.0,
          0.0,
          0.0,
          1.0
        ]
      ],
      "metrics": {
        "coverage_iou": 0.3183183183183183,
        "trans_error": 0.2737960058822176,
        "rot_error": 0.07118843079445429,
        "soft_f1": 0.7898641952160287
      }
    },
    {
      "key": "nbv_l",
      "paper_name": "NBV+L",
      "color": [
        30,
        85,
        230
      ],
      "pose": [
        [
          -0.7071067811865475,
          -0.18301270189221897,
          0.7071067811865476,
          -8.942565459748211
        ],
        [
          -0.7071067811865475,
          0.18301270189221897,
          -0.7071067811865476,
          9.547242768835185
        ],
        [
          0.0,
          -0.9659258262890683,
          -0.2588190451025203,
          0.511724980110284
        ],
        [
          0.0,
          0.0,
          0.0,
          1.0
        ]
      ],
      "metrics": {
        "coverage_iou": 0.0,
        "trans_error": 1.1448132841150545,
        "rot_error": 2.5535507249055756,
        "soft_f1": 0.0
      }
    },
    {
      "key": "vln",
      "paper_name": "VLN+P",
      "color": [
        20,
        107,
        58
      ],
      "pose": [
        [
          -0.6515817335495216,
          0.25944910561647927,
          -0.712830559178974,
          -7.117437221040758
        ],
        [
          0.7585784366198395,
          0.22285407789699513,
          -0.6122865468553755,
          8.50604569784299
        ],
        [
          -2.7755575615628914e-17,
          -0.9396926207859083,
          -0.34202014332566866,
          1.5016565376023054
        ],
        [
          0.0,
          0.0,
          0.0,
          1.0
        ]
      ],
      "metrics": {
        "coverage_iou": 0.0,
        "trans_error": 1.2661901303116336,
        "rot_error": 0.887734479046081,
        "soft_f1": 0.0
      }
    },
    {
      "key": "vlm",
      "paper_name": "VLM",
      "color": [
        0,
        200,
        209
      ],
      "pose": [
        [
          0.3345088425886811,
          0.460796408315808,
          -0.8220526165113958,
          -7.711943877766997
        ],
        [
          0.9423926115107125,
          -0.16356290502707327,
          0.29179332046694223,
          8.847505820829745
        ],
        [
          -0.0,
          -0.8723037579778936,
          -0.48896436865853965,
          1.2057507623316739
        ],
        [
          0.0,
          0.0,
          0.0,
          1.0
        ]
      ],
      "metrics": {
        "coverage_iou": 0.26838235294117646,
        "trans_error": 0.5639550033176038,
        "rot_error": 0.17808783253633204,
        "soft_f1": 0.5843101893597836
      }
    }
  ],
  "vln_trajectory": {
    "points": [
      [
        -7.117437221040759,
        8.50604569784299,
        1.5016565376023054
      ],
      [
        -7.117437221040759,
        8.50604569784299,
        1.5016565376023054
      ],
      [
        -7.117437221040759,
        8.50604569784299,
        1.5016565376023054
      ],
      [
        -7.117437221040759,
        8.50604569784299,
        1.5016565376023054
      ],
      [
        -7.117437221040759,
        8.50604569784299,
        1.5016565376023054
      ],
      [
        -7.117437221040759,
        8.50604569784299,
        1.5016565376023054
      ],
      [
        -7.117437221040759,
        8.50604569784299,
        1.5016565376023054
      ],
      [
        -6.548503393575879,
        8.994731998005133,
        1.5016565376023054
      ],
      [
        -6.548503393575879,
        8.994731998005133,
        1.5016565376023054
      ],
      [
        -6.548503393575879,
        8.994731998005133,
        1.5016565376023054
      ],
      [
        -6.548503393575879,
        8.994731998005133,
        1.5016565376023054
      ],
      [
        -6.548503393575879,
        8.994731998005133,
        1.5016565376023054
      ],
      [
        -6.548503393575879,
        8.994731998005133,
        1.5016565376023054
      ],
      [
        -6.548503393575879,
        8.994731998005133,
        1.5016565376023054
      ],
      [
        -6.548503393575879,
        8.994731998005133,
        1.5016565376023054
      ],
      [
        -6.548503393575879,
        8.994731998005133,
        1.5016565376023054
      ],
      [
        -6.548503393575879,
        8.994731998005133,
        1.5016565376023054
      ],
      [
        -6.548503393575879,
        8.994731998005133,
        1.5016565376023054
      ],
      [
        -6.548503393575879,
        8.994731998005133,
        1.5016565376023054
      ],
      [
        -6.548503393575879,
        8.994731998005133,
        1.5016565376023054
      ],
      [
        -7.117437221040758,
        8.50604569784299,
        1.5016565376023054
      ]
    ],
    "color": [
      108,
      147,
      125
    ]
  },
  "images": {
    "start": "images/start.png",
    "target": "images/target.png",
    "context": [
      "images/context_0.png",
      "images/context_1.png"
    ],
    "renders": {
      "iperceive": "images/render_iperceive.png",
      "nbv_l": "images/render_nbv_l.png",
      "vln": "images/render_vln.png",
      "vlm": "images/render_vlm.png"
    }
  }
}