{
  "dataset": "hssd",
  "data_name": "20260503_091728_c25ba5",
  "instruction": "Inspect the toilet paper roll closely",
  "target_2d_coord": null,
  "fov_rad": 0.8726646221409238,
  "gt_cameras": [
    {
      "label": "start",
      "pose": [
        [
          -0.9700127009718076,
          -0.030759924409879714,
          0.2410999523095703,
          -10.2848319794257
        ],
        [
          -0.2430542325354129,
          0.12276073963932616,
          -0.9622133031972833,
          -2.2642188232917064
        ],
        [
          -7.10784299151382e-20,
          -0.9919594890183288,
          -0.12655580645113026,
          1.3412108720767049
        ],
        [
          0.0,
          0.0,
          0.0,
          1.0
        ]
      ],
      "color": [
        0,
        0,
        0
      ],
      "visible": false
    },
    {
      "label": "context_0",
      "pose": [
        [
          -0.9222351069167888,
          -0.03766788871849097,
          0.3847903125927209,
          -11.010446756953257
        ],
        [
          -0.38662962197154827,
          0.08984994116508462,
          -0.9178477600008071,
          -1.9148311120770143
        ],
        [
          3.727164653299919e-10,
          -0.995242766914754,
          -0.09742628504060466,
          1.3503046254309354
        ],
        [
          0.0,
          0.0,
          0.0,
          1.0
        ]
      ],
      "color": [
        0,
        0,
        0
      ],
      "visible": false
    },
    {
      "label": "context_1",
      "pose": [
        [
          -0.5844203726770179,
          0.3090530344470625,
          -0.75029264124534,
          -7.504987917635162
        ],
        [
          0.8114510643231592,
          0.2225850676019401,
          -0.5403730800977296,
          -3.0890132687336966
        ],
        [
          5.003383041213283e-09,
          -0.9246308102456745,
          -0.380864644300412,
          1.8218933381082576
        ],
        [
          0.0,
          0.0,
          0.0,
          1.0
        ]
      ],
      "color": [
        0,
        0,
        0
      ],
      "visible": false
    },
    {
      "label": "context_2",
      "pose": [
        [
          -0.9441136208348403,
          0.1889891050796698,
          -0.2700603537344288,
          -9.261996351161491
        ],
        [
          0.329620179133046,
          0.5413114644677077,
          -0.7735195357881938,
          -4.28681661268641
        ],
        [
          4.775475015428299e-09,
          -0.8193076745008316,
          -0.573354145433061,
          1.2562121338966947
        ],
        [
          0.0,
          0.0,
          0.0,
          1.0
        ]
      ],
      "color": [
        0,
        0,
        0
      ],
      "visible": false
    },
    {
      "label": "target",
      "pose": [
        [
          -0.9611343926655999,
          -0.11381681589763498,
          0.25152811944022646,
          -9.197376916779334
        ],
        [
          -0.2760808887829064,
          0.3962362508680223,
          -0.8756575910539476,
          -5.421846631854942
        ],
        [
          -7.256472905198263e-10,
          -0.9110667368046579,
          -0.4122589392814632,
          0.8309369719881914
        ],
        [
          0.0,
          0.0,
          0.0,
          1.0
        ]
      ],
      "color": [
        144,
        238,
        144
      ],
      "visible": true
    }
  ],
  "algorithms": [
    {
      "key": "iperceive",
      "paper_name": "I-Perceive (Ours)",
      "color": [
        255,
        102,
        31
      ],
      "pose": [
        [
          -0.9999036791425753,
          -0.002509556502095528,
          -0.013647420080443534,
          -9.098692025564235
        ],
        [
          0.010482316969980032,
          0.5078385186091444,
          -0.8613884698756838,
          -5.0933157229131165
        ],
        [
          0.009092398220475414,
          -0.8614485728207973,
          -0.5077633322542964,
          1.1292627998033358
        ],
        [
          0.0,
          0.0,
          0.0,
          1.0
        ]
      ],
      "metrics": {
        "coverage_iou": 0.5368916797488226,
        "trans_error": 0.4546090727084161,
        "rot_error": 0.30999001049361563,
        "soft_f1": 0.8698010849909583
      }
    },
    {
      "key": "nbv_l",
      "paper_name": "NBV+L",
      "color": [
        30,
        85,
        230
      ],
      "pose": [
        [
          -0.7071067811865476,
          0.0,
          -0.7071067811865476,
          -9.007859948965965
        ],
        [
          0.7071067811865476,
          0.0,
          -0.7071067811865476,
          -5.961837702494277
        ],
        [
          0.0,
          -1.0,
          0.0,
          0.4781900286263219
        ],
        [
          0.0,
          0.0,
          0.0,
          1.0
        ]
      ],
      "metrics": {
        "coverage_iou": 0.08991825613079019,
        "trans_error": 0.6722631175287622,
        "rot_error": 1.1391139401352544,
        "soft_f1": 0.4080225634597305
      }
    },
    {
      "key": "vln",
      "paper_name": "VLN+P",
      "color": [
        20,
        107,
        58
      ],
      "pose": [
        [
          0.8740532553241427,
          0.24291506069883195,
          -0.4207412270540548,
          -8.186487036930892
        ],
        [
          0.4858301213976639,
          -0.43702662766207134,
          0.7569523233711937,
          -2.2851654214928585
        ],
        [
          -2.7755575615628914e-17,
          -0.8660254037844386,
          -0.49999999999999994,
          1.3412108720767049
        ],
        [
          0.0,
          0.0,
          0.0,
          1.0
        ]
      ],
      "metrics": {
        "coverage_iou": 0.0,
        "trans_error": 3.334823209359499,
        "rot_error": 2.9142722243122474,
        "soft_f1": 0.0
      }
    },
    {
      "key": "vlm",
      "paper_name": "VLM",
      "color": [
        0,
        200,
        209
      ],
      "pose": [
        [
          -0.8530548320509379,
          -0.08131135984424116,
          0.5154472972815227,
          -10.033649403493497
        ],
        [
          -0.5218212850340106,
          0.1329249120438651,
          -0.8426348641277458,
          -3.7722047258575326
        ],
        [
          0.0,
          -0.987785113533511,
          -0.1558222368007498,
          1.037504566402042
        ],
        [
          0.0,
          0.0,
          0.0,
          1.0
        ]
      ],
      "metrics": {
        "coverage_iou": 0.1235813366960908,
        "trans_error": 1.8610050103326903,
        "rot_error": 0.37966747891308517,
        "soft_f1": 0.33202007618156254
      }
    }
  ],
  "vln_trajectory": {
    "points": [
      [
        -10.284831979425698,
        -2.2642188232917055,
        1.3412108720767049
      ],
      [
        -10.284831979425698,
        -2.2642188232917055,
        1.3412108720767049
      ],
      [
        -9.641506088388603,
        -2.6497467702959767,
        1.3412108720767049
      ],
      [
        -9.641506088388603,
        -2.6497467702959767,
        1.3412108720767049
      ],
      [
        -9.641506088388603,
        -2.6497467702959767,
        1.3412108720767049
      ],
      [
        -9.641506088388603,
        -2.6497467702959767,
        1.3412108720767049
      ],
      [
        -9.641506088388603,
        -2.6497467702959767,
        1.3412108720767049
      ],
      [
        -9.641506088388603,
        -2.6497467702959767,
        1.3412108720767049
      ],
      [
        -9.641506088388603,
        -2.6497467702959767,
        1.3412108720767049
      ],
      [
        -9.641506088388603,
        -2.6497467702959767,
        1.3412108720767049
      ],
      [
        -9.641506088388603,
        -2.6497467702959767,
        1.3412108720767049
      ],
      [
        -9.641506088388603,
        -2.6497467702959767,
        1.3412108720767049
      ],
      [
        -8.913996562659747,
        -2.4674560958944176,
        1.3412108720767049
      ],
      [
        -8.913996562659747,
        -2.4674560958944176,
        1.3412108720767049
      ],
      [
        -8.913996562659747,
        -2.4674560958944176,
        1.3412108720767049
      ],
      [
        -8.186487036930892,
        -2.2851654214928585,
        1.3412108720767049
      ],
      [
        -8.186487036930892,
        -2.2851654214928585,
        1.3412108720767049
      ],
      [
        -8.186487036930892,
        -2.2851654214928585,
        1.3412108720767049
      ],
      [
        -8.186487036930892,
        -2.2851654214928585,
        1.3412108720767049
      ],
      [
        -8.186487036930892,
        -2.2851654214928585,
        1.3412108720767049
      ],
      [
        -8.186487036930892,
        -2.2851654214928585,
        1.3412108720767049
      ]
    ],
    "color": [
      108,
      147,
      125
    ]
  },
  "images": {
    "start": "images/start.png",
    "target": "images/target.png",
    "context": [
      "images/context_0.png",
      "images/context_1.png",
      "images/context_2.png"
    ],
    "renders": {
      "iperceive": "images/render_iperceive.png",
      "nbv_l": "images/render_nbv_l.png",
      "vln": "images/render_vln.png",
      "vlm": "images/render_vlm.png"
    }
  }
}