{
  "dataset": "replica",
  "data_name": "frl_apartment_2_20260504_072131_167560",
  "instruction": "Look at the lamp on the table",
  "target_2d_coord": null,
  "fov_rad": 1.0471975667402222,
  "gt_cameras": [
    {
      "label": "start",
      "pose": [
        [
          0.43234653036429277,
          -0.122965924565368,
          0.893283750595376,
          1.1084445228405868
        ],
        [
          -0.9017075344489242,
          -0.05895912899448618,
          0.42830753370242497,
          0.4886001639538912
        ],
        [
          -6.178081752597205e-18,
          -0.990657964437775,
          -0.13637007551513727,
          0.018440961837768305
        ],
        [
          0.0,
          0.0,
          0.0,
          1.0
        ]
      ],
      "color": [
        0,
        0,
        0
      ],
      "visible": false
    },
    {
      "label": "context_0",
      "pose": [
        [
          0.9362879508072952,
          -0.06315632637276558,
          0.3455086154008593,
          3.604389442392202
        ],
        [
          -0.3512334401890338,
          -0.16835671850440936,
          0.9210271905711285,
          0.04188113166465046
        ],
        [
          -5.3345902001344925e-09,
          -0.9837008092137247,
          -0.17981297520783104,
          0.018440944294499828
        ],
        [
          0.0,
          0.0,
          0.0,
          1.0
        ]
      ],
      "color": [
        0,
        0,
        0
      ],
      "visible": false
    },
    {
      "label": "context_1",
      "pose": [
        [
          -0.977039406129987,
          -0.03327011113307515,
          0.21044504409510828,
          1.1118959055323578
        ],
        [
          -0.21305872251535263,
          0.15256923288643642,
          -0.9650537042253811,
          4.79105343555486
        ],
        [
          6.627884463483724e-09,
          -0.9877326232434245,
          -0.15615464783201968,
          0.018440929011097673
        ],
        [
          0.0,
          0.0,
          0.0,
          1.0
        ]
      ],
      "color": [
        0,
        0,
        0
      ],
      "visible": false
    },
    {
      "label": "context_2",
      "pose": [
        [
          -0.6330607637223601,
          0.08559229978848593,
          -0.7693555629736717,
          6.04061878572425
        ],
        [
          0.7741020906399354,
          0.0699973925231713,
          -0.6291790706573757,
          4.528757475387574
        ],
        [
          8.293357112165722e-10,
          -0.9938683893806599,
          -0.11056978255916589,
          0.018440923238881246
        ],
        [
          0.0,
          0.0,
          0.0,
          1.0
        ]
      ],
      "color": [
        0,
        0,
        0
      ],
      "visible": false
    },
    {
      "label": "target",
      "pose": [
        [
          0.9691868858063041,
          -0.10509763013718253,
          0.22278072402408583,
          5.227471772107124
        ],
        [
          -0.2463265488445367,
          -0.4135130934890994,
          0.8765444381301408,
          3.9699769205363973
        ],
        [
          7.951669184214083e-10,
          -0.9044121948560085,
          -0.4266597963763176,
          0.018441044775157733
        ],
        [
          0.0,
          0.0,
          0.0,
          1.0
        ]
      ],
      "color": [
        144,
        238,
        144
      ],
      "visible": true
    }
  ],
  "algorithms": [
    {
      "key": "iperceive",
      "paper_name": "I-Perceive (Ours)",
      "color": [
        255,
        102,
        31
      ],
      "pose": [
        [
          0.4392259634995691,
          -0.286990637004749,
          0.8513030736820782,
          3.565572469256415
        ],
        [
          -0.8983541343590654,
          -0.13359608993803831,
          0.41846387379039507,
          1.9529945653084289
        ],
        [
          -0.006364451329650667,
          -0.9485718323989729,
          -0.3164980707048727,
          -0.20811568565855285
        ],
        [
          0.0,
          0.0,
          0.0,
          1.0
        ]
      ],
      "metrics": {
        "coverage_iou": 0.05807077927808667,
        "trans_error": 2.6232529332558117,
        "rot_error": 0.8751396714976676,
        "soft_f1": 0.14971542729822035
      }
    },
    {
      "key": "nbv_l",
      "paper_name": "NBV+L",
      "color": [
        30,
        85,
        230
      ],
      "pose": [
        [
          -0.7071067811865475,
          -0.1830127018922193,
          0.7071067811865476,
          5.443261345626052
        ],
        [
          -0.7071067811865475,
          0.1830127018922193,
          -0.7071067811865476,
          6.182690180938062
        ],
        [
          0.0,
          -0.9659258262890683,
          -0.25881904510252074,
          -0.18776201498537837
        ],
        [
          0.0,
          0.0,
          0.0,
          1.0
        ]
      ],
      "metrics": {
        "coverage_iou": 0.17138939670932357,
        "trans_error": 2.232752544042927,
        "rot_error": 2.1210702126157477,
        "soft_f1": 0.40979019701568875
      }
    },
    {
      "key": "vln",
      "paper_name": "VLN+P",
      "color": [
        20,
        107,
        58
      ],
      "pose": [
        [
          0.07643068869092468,
          0.0,
          -0.9970748967987462,
          1.1084445228405868
        ],
        [
          0.9970748967987462,
          0.0,
          0.07643068869092468,
          0.48860016395389116
        ],
        [
          0.0,
          -1.0000000000000002,
          0.0,
          0.018440961837768333
        ],
        [
          0.0,
          0.0,
          0.0,
          1.0
        ]
      ],
      "metrics": {
        "coverage_iou": 0.0,
        "trans_error": 5.393178220282582,
        "rot_error": 1.7835232884344754,
        "soft_f1": 0.0
      }
    },
    {
      "key": "vlm",
      "paper_name": "VLM",
      "color": [
        0,
        200,
        209
      ],
      "pose": [
        [
          0.9796341553629421,
          -0.013636170545019682,
          0.20032717364152627,
          2.6156821487003192
        ],
        [
          -0.2007907409377611,
          -0.06652925504366804,
          0.9773724656327286,
          0.46791195200903646
        ],
        [
          0.0,
          -0.9976912914705638,
          -0.06791234735891767,
          -0.07300166236887276
        ],
        [
          0.0,
          0.0,
          0.0,
          1.0
        ]
      ],
      "metrics": {
        "coverage_iou": 0.12474155754651964,
        "trans_error": 4.369698778031816,
        "rot_error": 0.37571419384112864,
        "soft_f1": 0.2959115886619133
      }
    }
  ],
  "vln_trajectory": {
    "points": [
      [
        1.1084445228405868,
        0.48860016395389116,
        0.018440961837768333
      ],
      [
        1.1084445228405868,
        0.48860016395389116,
        0.018440961837768333
      ],
      [
        1.1084445228405868,
        0.48860016395389116,
        0.018440961837768333
      ],
      [
        1.1084445228405868,
        0.48860016395389116,
        0.018440961837768333
      ],
      [
        1.1084445228405868,
        0.48860016395389116,
        0.018440961837768333
      ],
      [
        1.1084445228405868,
        0.48860016395389116,
        0.018440961837768333
      ],
      [
        1.1084445228405868,
        0.48860016395389116,
        0.018440961837768333
      ],
      [
        1.1084445228405868,
        0.48860016395389116,
        0.018440961837768333
      ],
      [
        1.1084445228405868,
        0.48860016395389116,
        0.018440961837768333
      ],
      [
        1.1084445228405868,
        0.48860016395389116,
        0.018440961837768333
      ],
      [
        1.1084445228405868,
        0.48860016395389116,
        0.018440961837768333
      ],
      [
        1.1084445228405868,
        0.48860016395389116,
        0.018440961837768333
      ],
      [
        1.1084445228405868,
        0.48860016395389116,
        0.018440961837768333
      ],
      [
        1.1084445228405868,
        0.48860016395389116,
        0.018440961837768333
      ],
      [
        1.1084445228405868,
        0.48860016395389116,
        0.018440961837768333
      ],
      [
        1.1084445228405868,
        0.48860016395389116,
        0.018440961837768333
      ],
      [
        1.1084445228405868,
        0.48860016395389116,
        0.018440961837768333
      ],
      [
        1.1084445228405868,
        0.48860016395389116,
        0.018440961837768333
      ],
      [
        1.1084445228405868,
        0.48860016395389116,
        0.018440961837768333
      ],
      [
        1.1084445228405868,
        0.48860016395389116,
        0.018440961837768333
      ],
      [
        1.1084445228405868,
        0.48860016395389116,
        0.018440961837768333
      ]
    ],
    "color": [
      108,
      147,
      125
    ]
  },
  "images": {
    "start": "images/start.png",
    "target": "images/target.png",
    "context": [
      "images/context_0.png",
      "images/context_1.png",
      "images/context_2.png"
    ],
    "renders": {
      "iperceive": "images/render_iperceive.png",
      "nbv_l": "images/render_nbv_l.png",
      "vln": "images/render_vln.png",
      "vlm": "images/render_vlm.png"
    }
  }
}