{
  "dataset": "replica",
  "data_name": "frl_apartment_0_20260502_114752_559024",
  "instruction": "Prepare to open the refrigerator",
  "target_2d_coord": null,
  "fov_rad": 1.0471975667402222,
  "gt_cameras": [
    {
      "label": "start",
      "pose": [
        [
          0.5219113715731014,
          0.13319986472725123,
          -0.842535646877523,
          4.494714258524062
        ],
        [
          0.8529997187705775,
          -0.08149888278198712,
          0.515508886327485,
          -5.3165604633882975
        ],
        [
          2.7415087002758542e-17,
          -0.9877326197620133,
          -0.1561546408470466,
          -0.1410627365112326
        ],
        [
          0.0,
          0.0,
          0.0,
          1.0
        ]
      ],
      "color": [
        0,
        0,
        0
      ],
      "visible": false
    },
    {
      "label": "context_0",
      "pose": [
        [
          -0.3097307035788038,
          0.1465970136422365,
          -0.9394552363134643,
          4.782651586939366
        ],
        [
          0.9508242979125128,
          0.04775393157154257,
          -0.3060272662427362,
          -1.3998564889126248
        ],
        [
          8.358443936984372e-10,
          -0.9880429570703431,
          -0.1541788584774797,
          -0.14106272748057408
        ],
        [
          0.0,
          0.0,
          0.0,
          1.0
        ]
      ],
      "color": [
        0,
        0,
        0
      ],
      "visible": false
    },
    {
      "label": "context_1",
      "pose": [
        [
          0.8474111630779998,
          0.09546939726054054,
          -0.5222833571907948,
          1.0005692252945146
        ],
        [
          0.5309372002406063,
          -0.1523755176276215,
          0.8335990239244335,
          -4.337059833435872
        ],
        [
          -4.735699887792322e-10,
          -0.9837007893211784,
          -0.17981297264418727,
          -0.141062740224
        ],
        [
          0.0,
          0.0,
          0.0,
          1.0
        ]
      ],
      "color": [
        0,
        0,
        0
      ],
      "visible": false
    },
    {
      "label": "context_2",
      "pose": [
        [
          -0.9909415298157854,
          0.019377426589018087,
          -0.1328888829686109,
          3.953788003839424
        ],
        [
          0.13429424488080915,
          0.14298383672082604,
          -0.9805716081262441,
          -1.1275746408422442
        ],
        [
          8.271741569476632e-09,
          -0.9895353075243334,
          -0.14429088922275618,
          -0.14106271352034572
        ],
        [
          0.0,
          0.0,
          0.0,
          1.0
        ]
      ],
      "color": [
        0,
        0,
        0
      ],
      "visible": false
    },
    {
      "label": "target",
      "pose": [
        [
          -0.036087290306752784,
          0.3132196184838457,
          -0.9489948523240378,
          0.7077509825870747
        ],
        [
          0.9993486222206697,
          0.011310614985501323,
          -0.03426897284345659,
          -4.430188803561177
        ],
        [
          -4.125508989982762e-09,
          -0.9496133652454481,
          -0.3134237748147805,
          -0.14106274548884257
        ],
        [
          0.0,
          0.0,
          0.0,
          1.0
        ]
      ],
      "color": [
        144,
        238,
        144
      ],
      "visible": true
    }
  ],
  "algorithms": [
    {
      "key": "iperceive",
      "paper_name": "I-Perceive (Ours)",
      "color": [
        255,
        102,
        31
      ],
      "pose": [
        [
          0.1852605807340295,
          0.2188340310639042,
          -0.9580136389891831,
          0.8984291639734439
        ],
        [
          0.9824288756887007,
          -0.018796040053020026,
          0.18568848917652314,
          -4.253943481305089
        ],
        [
          0.022628102978585536,
          -0.975581036961674,
          -0.21847102478323388,
          -0.06328266028351504
        ],
        [
          0.0,
          0.0,
          0.0,
          1.0
        ]
      ],
      "metrics": {
        "coverage_iou": 0.2810526315789474,
        "trans_error": 0.27105400337028884,
        "rot_error": 0.24325261905923204,
        "soft_f1": 0.5631946270957323
      }
    },
    {
      "key": "nbv_l",
      "paper_name": "NBV+L",
      "color": [
        30,
        85,
        230
      ],
      "pose": [
        [
          -0.7880107536067218,
          -0.021486275627984698,
          -0.6152864309895064,
          0.13402919837368998
        ],
        [
          0.6156614753256584,
          -0.027501178697033092,
          -0.7875307187469626,
          -3.4881545454020726
        ],
        [
          0.0,
          -0.9993908270190958,
          0.03489949670250097,
          -0.8123885140904569
        ],
        [
          0.0,
          0.0,
          0.0,
          1.0
        ]
      ],
      "metrics": {
        "coverage_iou": 0.23865199449793673,
        "trans_error": 1.2912255862814654,
        "rot_error": 0.9362374057897623,
        "soft_f1": 0.5483222426730852
      }
    },
    {
      "key": "vln",
      "paper_name": "VLN+P",
      "color": [
        20,
        107,
        58
      ],
      "pose": [
        [
          0.025488646920996002,
          0.13912788524271888,
          -0.9899463421953866,
          4.494714258524063
        ],
        [
          0.9996751116628524,
          -0.0035473340312712387,
          0.025240593161290483,
          -5.316560463388298
        ],
        [
          -4.336808689942018e-19,
          -0.9902680687415703,
          -0.1391731009600654,
          -0.14106273651123247
        ],
        [
          0.0,
          0.0,
          0.0,
          1.0
        ]
      ],
      "metrics": {
        "coverage_iou": 0.10043887147335423,
        "trans_error": 3.889311644787267,
        "rot_error": 0.1894323950765268,
        "soft_f1": 0.24749905717039372
      }
    },
    {
      "key": "vlm",
      "paper_name": "VLM",
      "color": [
        0,
        200,
        209
      ],
      "pose": [
        [
          -0.13759998520460825,
          0.1983223986744585,
          -0.9704300439782875,
          2.2388958333360423
        ],
        [
          0.9904878818398999,
          0.0275512296754771,
          -0.1348135218428683,
          -4.710641660452294
        ],
        [
          0.0,
          -0.9797495373448146,
          -0.200226981380187,
          -0.05804270367631753
        ],
        [
          0.0,
          0.0,
          0.0,
          1.0
        ]
      ],
      "metrics": {
        "coverage_iou": 0.20867814806530977,
        "trans_error": 1.5588298409185375,
        "rot_error": 0.1552992458716683,
        "soft_f1": 0.4672572520409936
      }
    }
  ],
  "vln_trajectory": {
    "points": [
      [
        4.494714258524063,
        -5.316560463388298,
        -0.14106273651123247
      ],
      [
        4.494714258524063,
        -5.316560463388298,
        -0.14106273651123247
      ],
      [
        4.494714258524063,
        -5.316560463388298,
        -0.14106273651123247
      ],
      [
        4.494714258524063,
        -5.316560463388298,
        -0.14106273651123247
      ],
      [
        4.494714258524063,
        -5.316560463388298,
        -0.14106273651123247
      ],
      [
        4.494714258524063,
        -5.316560463388298,
        -0.14106273651123247
      ],
      [
        4.494714258524063,
        -5.316560463388298,
        -0.14106273651123247
      ],
      [
        4.494714258524063,
        -5.316560463388298,
        -0.14106273651123247
      ],
      [
        4.494714258524063,
        -5.316560463388298,
        -0.14106273651123247
      ],
      [
        4.494714258524063,
        -5.316560463388298,
        -0.14106273651123247
      ],
      [
        4.494714258524063,
        -5.316560463388298,
        -0.14106273651123247
      ],
      [
        4.494714258524063,
        -5.316560463388298,
        -0.14106273651123247
      ]
    ],
    "color": [
      108,
      147,
      125
    ]
  },
  "images": {
    "start": "images/start.png",
    "target": "images/target.png",
    "context": [
      "images/context_0.png",
      "images/context_1.png",
      "images/context_2.png"
    ],
    "renders": {
      "iperceive": "images/render_iperceive.png",
      "nbv_l": "images/render_nbv_l.png",
      "vln": "images/render_vln.png",
      "vlm": "images/render_vlm.png"
    }
  }
}