{
  "dataset": "replica",
  "data_name": "office_2_20260504_095257_812900",
  "instruction": "Look at the seat in the corner",
  "target_2d_coord": null,
  "fov_rad": 1.0471975667402222,
  "gt_cameras": [
    {
      "label": "start",
      "pose": [
        [
          0.9780608466374162,
          0.06012737274115741,
          -0.19945345151725627,
          0.5927959002498634
        ],
        [
          0.20831941886175795,
          -0.28229835418427995,
          0.9364350799441178,
          0.45688425936134436
        ],
        [
          0.0,
          -0.957440514221167,
          -0.2886306666449483,
          0.2734953165054315
        ],
        [
          0.0,
          0.0,
          0.0,
          1.0
        ]
      ],
      "color": [
        0,
        0,
        0
      ],
      "visible": false
    },
    {
      "label": "context_0",
      "pose": [
        [
          -0.7125037314204007,
          0.17549594035892263,
          -0.6793670715276352,
          2.173660603897889
        ],
        [
          0.7016683136008388,
          0.17820598020212794,
          -0.6898580611669245,
          2.897698208274107
        ],
        [
          1.4152009009116284e-08,
          -0.9682168274380284,
          -0.25011238585661044,
          0.273495314385805
        ],
        [
          0.0,
          0.0,
          0.0,
          1.0
        ]
      ],
      "color": [
        0,
        0,
        0
      ],
      "visible": false
    },
    {
      "label": "context_1",
      "pose": [
        [
          0.7331483519956581,
          0.18715399052547968,
          -0.6538094681809767,
          1.5889620717374089
        ],
        [
          0.6800687148591351,
          -0.20176143589624962,
          0.7048396026719946,
          1.3442213013572513
        ],
        [
          -5.243803113952339e-09,
          -0.9613873615762505,
          -0.27519864802675,
          0.2734953096458632
        ],
        [
          0.0,
          0.0,
          0.0,
          1.0
        ]
      ],
      "color": [
        0,
        0,
        0
      ],
      "visible": false
    },
    {
      "label": "context_2",
      "pose": [
        [
          0.9240919533027085,
          -0.09039597455431231,
          0.37132549343681365,
          -2.1093232725713267
        ],
        [
          -0.3821702038332131,
          -0.21857850117940858,
          0.8978693306954968,
          0.2535316073714545
        ],
        [
          -1.7924975670435828e-09,
          -0.9716233863173445,
          -0.23653327770621133,
          0.2734953387769442
        ],
        [
          0.0,
          0.0,
          0.0,
          1.0
        ]
      ],
      "color": [
        0,
        0,
        0
      ],
      "visible": false
    },
    {
      "label": "context_3",
      "pose": [
        [
          -0.976450997015752,
          -0.06350723061818472,
          0.20618033052294782,
          -0.846162405889843
        ],
        [
          -0.21573942525336978,
          0.2874379517154647,
          -0.9331858961799324,
          1.9231188033483537
        ],
        [
          1.557581915008488e-10,
          -0.955691478880982,
          -0.294370067859033,
          0.27349528054981137
        ],
        [
          0.0,
          0.0,
          0.0,
          1.0
        ]
      ],
      "color": [
        0,
        0,
        0
      ],
      "visible": false
    },
    {
      "label": "target",
      "pose": [
        [
          0.9203365149660365,
          0.22687548816239422,
          -0.31860355164238113,
          0.06155974787937568
        ],
        [
          0.3911274970433537,
          -0.5338458555173675,
          0.749685156296664,
          3.745047860031696
        ],
        [
          -2.2106787025966135e-09,
          -0.8145772342640369,
          -0.5800550813519625,
          0.07989534496491224
        ],
        [
          0.0,
          0.0,
          0.0,
          1.0
        ]
      ],
      "color": [
        144,
        238,
        144
      ],
      "visible": true
    }
  ],
  "algorithms": [
    {
      "key": "iperceive",
      "paper_name": "I-Perceive (Ours)",
      "color": [
        255,
        102,
        31
      ],
      "pose": [
        [
          0.9872336744779866,
          0.08268598266420141,
          -0.13613515674778504,
          0.3302026539531949
        ],
        [
          0.15882621734692967,
          -0.446652539486098,
          0.8804973929517308,
          1.6921152945531
        ],
        [
          0.01199967651521832,
          -0.8908785704175468,
          -0.4540831103135906,
          0.03216485745732939
        ],
        [
          0.0,
          0.0,
          0.0,
          1.0
        ]
      ],
      "metrics": {
        "coverage_iou": 0.2436332767402377,
        "trans_error": 2.07098520817307,
        "rot_error": 0.2829658814436905,
        "soft_f1": 0.4816079437260751
      }
    },
    {
      "key": "nbv_l",
      "paper_name": "NBV+L",
      "color": [
        30,
        85,
        230
      ],
      "pose": [
        [
          -0.7660444431189779,
          0.022432964064663864,
          0.6423960408422584,
          -0.9150614647764124
        ],
        [
          -0.6427876096865395,
          -0.02673456551659996,
          -0.765577789542058,
          5.052756447682973
        ],
        [
          0.0,
          -0.9993908270190958,
          0.03489949670250097,
          -0.9262569118120354
        ],
        [
          0.0,
          0.0,
          0.0,
          1.0
        ]
      ],
      "metrics": {
        "coverage_iou": 0.006653992395437262,
        "trans_error": 1.9173504329680051,
        "rot_error": 2.8611093659467692,
        "soft_f1": 0.1876065946560546
      }
    },
    {
      "key": "vln",
      "paper_name": "VLN+P",
      "color": [
        20,
        107,
        58
      ],
      "pose": [
        [
          0.5442893833403837,
          0.0,
          -0.8388975308003621,
          0.5927959002498634
        ],
        [
          0.8388975308003621,
          0.0,
          0.5442893833403837,
          0.45688425936134436
        ],
        [
          0.0,
          -1.0,
          0.0,
          0.27349531650543146
        ],
        [
          0.0,
          0.0,
          0.0,
          1.0
        ]
      ],
      "metrics": {
        "coverage_iou": 0.0,
        "trans_error": 3.3364222362851477,
        "rot_error": 0.8506802023261747,
        "soft_f1": 0.0
      }
    },
    {
      "key": "vlm",
      "paper_name": "VLM",
      "color": [
        0,
        200,
        209
      ],
      "pose": [
        [
          0.8709495172771168,
          0.15538185771359023,
          -0.4661581455345716,
          0.5609160495126777
        ],
        [
          0.4913725046792476,
          -0.2754117348458722,
          0.8262574888946119,
          1.803833843333512
        ],
        [
          -0.0,
          -0.9486858566473205,
          -0.316220090122907,
          -0.011680937791180845
        ],
        [
          0.0,
          0.0,
          0.0,
          1.0
        ]
      ],
      "metrics": {
        "coverage_iou": 0.18416273156556484,
        "trans_error": 2.0065032275434924,
        "rot_error": 0.3172539536212469,
        "soft_f1": 0.39404756279683795
      }
    }
  ],
  "vln_trajectory": {
    "points": [
      [
        0.5927959002498634,
        0.45688425936134436,
        0.27349531650543146
      ],
      [
        0.5927959002498634,
        0.45688425936134436,
        0.27349531650543146
      ],
      [
        0.5927959002498634,
        0.45688425936134436,
        0.27349531650543146
      ],
      [
        0.5927959002498634,
        0.45688425936134436,
        0.27349531650543146
      ],
      [
        0.5927959002498634,
        0.45688425936134436,
        0.27349531650543146
      ],
      [
        0.5927959002498634,
        0.45688425936134436,
        0.27349531650543146
      ],
      [
        0.5927959002498634,
        0.45688425936134436,
        0.27349531650543146
      ],
      [
        0.5927959002498634,
        0.45688425936134436,
        0.27349531650543146
      ],
      [
        0.5927959002498634,
        0.45688425936134436,
        0.27349531650543146
      ]
    ],
    "color": [
      108,
      147,
      125
    ]
  },
  "images": {
    "start": "images/start.png",
    "target": "images/target.png",
    "context": [
      "images/context_0.png",
      "images/context_1.png",
      "images/context_2.png",
      "images/context_3.png"
    ],
    "renders": {
      "iperceive": "images/render_iperceive.png",
      "nbv_l": "images/render_nbv_l.png",
      "vln": "images/render_vln.png",
      "vlm": "images/render_vlm.png"
    }
  }
}