{
  "dataset": "replica",
  "data_name": "office_2_20260504_093121_887987",
  "instruction": "Look at the round clock on the wall",
  "target_2d_coord": null,
  "fov_rad": 1.0471975667402222,
  "gt_cameras": [
    {
      "label": "start",
      "pose": [
        [
          -0.6475148771569654,
          0.18321111467232215,
          -0.7397014068669366,
          2.2387340210937854
        ],
        [
          0.7620528091020989,
          0.15567414881734942,
          -0.6285229315861067,
          3.2464365145942753
        ],
        [
          1.359561679823009e-17,
          -0.9706694838360372,
          -0.24041787194275105,
          0.27349531650543135
        ],
        [
          0.0,
          0.0,
          0.0,
          1.0
        ]
      ],
      "color": [
        0,
        0,
        0
      ],
      "visible": false
    },
    {
      "label": "context_0",
      "pose": [
        [
          -0.5894023345936963,
          0.1563708654969121,
          -0.7925610574342112,
          1.0585324219043895
        ],
        [
          0.8078396384527704,
          0.11408867335089311,
          -0.5782550369111292,
          3.8104642083530003
        ],
        [
          2.8487275038902027e-10,
          -0.9810870914155274,
          -0.19356671745586443,
          0.27349530890096296
        ],
        [
          0.0,
          0.0,
          0.0,
          1.0
        ]
      ],
      "color": [
        0,
        0,
        0
      ],
      "visible": false
    },
    {
      "label": "context_1",
      "pose": [
        [
          0.7655600818553866,
          -0.12074453466742899,
          0.6319323491069663,
          -1.971768254314795
        ],
        [
          -0.6433643750625574,
          -0.14367782802675133,
          0.7519567447159246,
          0.47358156374741345
        ],
        [
          3.3325648768345317e-09,
          -0.9822308344356494,
          -0.1876767305141324,
          0.27349522711089147
        ],
        [
          0.0,
          0.0,
          0.0,
          1.0
        ]
      ],
      "color": [
        0,
        0,
        0
      ],
      "visible": false
    },
    {
      "label": "context_2",
      "pose": [
        [
          0.9725411331943561,
          -0.03312030913146735,
          0.23036227061656878,
          -0.41289607813636486
        ],
        [
          -0.23273102946621377,
          -0.1384038042136851,
          0.9626425229164215,
          -0.8211499151049764
        ],
        [
          -2.2565296853294114e-09,
          -0.9898218987358993,
          -0.14231153628010787,
          0.27349536812674335
        ],
        [
          0.0,
          0.0,
          0.0,
          1.0
        ]
      ],
      "color": [
        0,
        0,
        0
      ],
      "visible": false
    },
    {
      "label": "target",
      "pose": [
        [
          0.36876609848991415,
          -0.042003519533034134,
          -0.9285727247199427,
          -0.6322480492907498
        ],
        [
          0.929522247590251,
          0.016663898649888542,
          0.36838936173424036,
          1.4408626919400895
        ],
        [
          4.301031808484623e-09,
          -0.9989785096297085,
          0.045188279474763185,
          0.964295289284736
        ],
        [
          0.0,
          0.0,
          0.0,
          1.0
        ]
      ],
      "color": [
        144,
        238,
        144
      ],
      "visible": true
    }
  ],
  "algorithms": [
    {
      "key": "iperceive",
      "paper_name": "I-Perceive (Ours)",
      "color": [
        255,
        102,
        31
      ],
      "pose": [
        [
          0.05196044298159197,
          -0.23688877633251226,
          -0.9701462481672161,
          0.12860886094379964
        ],
        [
          0.9981699061879928,
          0.042412928636339775,
          0.04310501757957497,
          1.8435197142405417
        ],
        [
          0.030935656826909824,
          -0.9706105849326415,
          0.23865905770251586,
          0.34057569274469246
        ],
        [
          0.0,
          0.0,
          0.0,
          1.0
        ]
      ],
      "metrics": {
        "coverage_iou": 0.4059925093632959,
        "trans_error": 1.0630436708206261,
        "rot_error": 0.38343012082488,
        "soft_f1": 0.6945418127190787
      }
    },
    {
      "key": "nbv_l",
      "paper_name": "NBV+L",
      "color": [
        30,
        85,
        230
      ],
      "pose": [
        [
          0.0,
          -0.4999999999999999,
          -1.0,
          -1.6703635732547837
        ],
        [
          1.0,
          0.0,
          0.0,
          2.098628134782405
        ],
        [
          0.0,
          -0.8660254037844387,
          0.4999999999999999,
          1.1581777642471183
        ],
        [
          0.0,
          0.0,
          0.0,
          1.0
        ]
      ],
      "metrics": {
        "coverage_iou": 0.047079337401918046,
        "trans_error": 1.2441581701939344,
        "rot_error": 0.4876939569149673,
        "soft_f1": 0.20921155347384857
      }
    },
    {
      "key": "vln",
      "paper_name": "VLN+P",
      "color": [
        20,
        107,
        58
      ],
      "pose": [
        [
          0.4282175623828073,
          0.0,
          0.9036756715032924,
          2.4646529389696084
        ],
        [
          -0.9036756715032924,
          0.0,
          0.4282175623828073,
          3.353490905189977
        ],
        [
          0.0,
          -1.0,
          0.0,
          0.27349531650543146
        ],
        [
          0.0,
          0.0,
          0.0,
          1.0
        ]
      ],
      "metrics": {
        "coverage_iou": 0.0,
        "trans_error": 3.7048813736531883,
        "rot_error": 2.3216141158140755,
        "soft_f1": 0.0
      }
    },
    {
      "key": "vlm",
      "paper_name": "VLM",
      "color": [
        0,
        200,
        209
      ],
      "pose": [
        [
          -0.12750040037227303,
          -0.4103598179024146,
          -0.9029664820778273,
          1.1129109956702388
        ],
        [
          0.9918385190669449,
          -0.05275157202855062,
          -0.11607593955513154,
          2.726218765574048
        ],
        [
          0.0,
          -0.9103966671180282,
          0.413736520626819,
          0.10604379050873078
        ],
        [
          0.0,
          0.0,
          0.0,
          1.0
        ]
      ],
      "metrics": {
        "coverage_iou": 0.21289561627678397,
        "trans_error": 2.3311618014708757,
        "rot_error": 0.6307699960802737,
        "soft_f1": 0.43227215980024963
      }
    }
  ],
  "vln_trajectory": {
    "points": [
      [
        2.2387340210937854,
        3.2464365145942753,
        0.27349531650543146
      ],
      [
        2.2387340210937854,
        3.2464365145942753,
        0.27349531650543146
      ],
      [
        2.2387340210937854,
        3.2464365145942753,
        0.27349531650543146
      ],
      [
        2.2387340210937854,
        3.2464365145942753,
        0.27349531650543146
      ],
      [
        2.2387340210937854,
        3.2464365145942753,
        0.27349531650543146
      ],
      [
        2.2387340210937854,
        3.2464365145942753,
        0.27349531650543146
      ],
      [
        2.4646529389696084,
        3.353490905189977,
        0.27349531650543146
      ],
      [
        2.4646529389696084,
        3.353490905189977,
        0.27349531650543146
      ],
      [
        2.4646529389696084,
        3.353490905189977,
        0.27349531650543146
      ],
      [
        2.4646529389696084,
        3.353490905189977,
        0.27349531650543146
      ]
    ],
    "color": [
      108,
      147,
      125
    ]
  },
  "images": {
    "start": "images/start.png",
    "target": "images/target.png",
    "context": [
      "images/context_0.png",
      "images/context_1.png",
      "images/context_2.png"
    ],
    "renders": {
      "iperceive": "images/render_iperceive.png",
      "nbv_l": "images/render_nbv_l.png",
      "vln": "images/render_vln.png",
      "vlm": "images/render_vlm.png"
    }
  }
}