{
  "dataset": "replica",
  "data_name": "hotel_0_20260501_073518_831548",
  "instruction": "Look at the seat of the orange armchair",
  "target_2d_coord": null,
  "fov_rad": 1.0471975667402222,
  "gt_cameras": [
    {
      "label": "start",
      "pose": [
        [
          0.7880804861764258,
          0.18073750686021572,
          -0.588441246788396,
          1.8680595767718084
        ],
        [
          0.6155722112863189,
          -0.23138747926758393,
          0.7533463261543557,
          -0.6975173963889812
        ],
        [
          0.0,
          -0.9559256184725603,
          -0.2936089439166543,
          0.4647915363311763
        ],
        [
          0.0,
          0.0,
          0.0,
          1.0
        ]
      ],
      "color": [
        0,
        0,
        0
      ],
      "visible": false
    },
    {
      "label": "context_0",
      "pose": [
        [
          0.4113258457418749,
          -0.13440833476952688,
          0.9015239553815172,
          -2.4555609689408184
        ],
        [
          -0.9114884000445936,
          -0.06065422528512984,
          0.40682920776917164,
          -0.1602792177399862
        ],
        [
          -1.6977678707341681e-09,
          -0.9890679516172677,
          -0.14746029539175215,
          0.46479158978261303
        ],
        [
          0.0,
          0.0,
          0.0,
          1.0
        ]
      ],
      "color": [
        0,
        0,
        0
      ],
      "visible": false
    },
    {
      "label": "context_1",
      "pose": [
        [
          0.9929411388351302,
          -0.02449301497504766,
          0.11605177531932298,
          -0.029167411146260536
        ],
        [
          -0.11860828431464437,
          -0.20504574524661362,
          0.9715391611681399,
          -0.24112599391915157
        ],
        [
          -3.989473890131379e-09,
          -0.9784458965968178,
          -0.20650341612350948,
          0.46479154631831215
        ],
        [
          0.0,
          0.0,
          0.0,
          1.0
        ]
      ],
      "color": [
        0,
        0,
        0
      ],
      "visible": false
    },
    {
      "label": "context_2",
      "pose": [
        [
          -0.03408521894601346,
          -0.10772752347667174,
          0.9935959670507789,
          1.9342192533880684
        ],
        [
          -0.9994189097188731,
          0.0036740429830458,
          -0.033886631267486034,
          1.2794492529679604
        ],
        [
          -1.2253835446340844e-09,
          -0.9941736769191732,
          -0.10779017221603385,
          0.46479153874842283
        ],
        [
          0.0,
          0.0,
          0.0,
          1.0
        ]
      ],
      "color": [
        0,
        0,
        0
      ],
      "visible": false
    },
    {
      "label": "target",
      "pose": [
        [
          0.15586113473399843,
          0.6071834069740939,
          -0.7791249125138533,
          -1.5306749379597295
        ],
        [
          0.9877789750832471,
          -0.09580713068863864,
          0.12293768275235756,
          1.283712462926823
        ],
        [
          1.927071224816501e-09,
          -0.7887644264618769,
          -0.6146956049219877,
          0.17379165845790656
        ],
        [
          0.0,
          0.0,
          0.0,
          1.0
        ]
      ],
      "color": [
        144,
        238,
        144
      ],
      "visible": true
    }
  ],
  "algorithms": [
    {
      "key": "iperceive",
      "paper_name": "I-Perceive (Ours)",
      "color": [
        255,
        102,
        31
      ],
      "pose": [
        [
          0.5848762823720998,
          0.5014546157614823,
          -0.6375444762818014,
          -0.8470775154464121
        ],
        [
          0.8098573463206817,
          -0.3171371703921343,
          0.4935129426419561,
          1.2985624087805814
        ],
        [
          0.04528529193748507,
          -0.8049641112617036,
          -0.5915927538321066,
          0.03971267615380314
        ],
        [
          0.0,
          0.0,
          0.0,
          1.0
        ]
      ],
      "metrics": {
        "coverage_iou": 0.18985074626865672,
        "trans_error": 0.6967804735881895,
        "rot_error": 0.47130489560441907,
        "soft_f1": 0.4378730528461203
      }
    },
    {
      "key": "nbv_l",
      "paper_name": "NBV+L",
      "color": [
        30,
        85,
        230
      ],
      "pose": [
        [
          -0.8386705679454237,
          -0.3535533905932736,
          -0.5446390350150275,
          -2.1722591717747486
        ],
        [
          0.5446390350150275,
          -0.35355339059327323,
          -0.8386705679454237,
          1.5841649520038201
        ],
        [
          0.10395584540887957,
          -0.8660254037844388,
          0.4890738003669024,
          -0.7848114304449756
        ],
        [
          0.0,
          0.0,
          0.0,
          1.0
        ]
      ],
      "metrics": {
        "coverage_iou": 0.07346491228070176,
        "trans_error": 1.1919822538507834,
        "rot_error": 1.6057213534883845,
        "soft_f1": 0.3261210943136772
      }
    },
    {
      "key": "vln",
      "paper_name": "VLN+P",
      "color": [
        20,
        107,
        58
      ],
      "pose": [
        [
          0.7985673357234395,
          0.0,
          0.6019054828754821,
          2.1690123182095493
        ],
        [
          -0.6019054828754821,
          0.0,
          0.7985673357234395,
          -0.2982337285272617
        ],
        [
          0.0,
          -1.0,
          0.0,
          0.4647915363311763
        ],
        [
          0.0,
          0.0,
          0.0,
          1.0
        ]
      ],
      "metrics": {
        "coverage_iou": 0.0,
        "trans_error": 4.034218687444863,
        "rot_error": 2.1247485858771684,
        "soft_f1": 0.0
      }
    },
    {
      "key": "vlm",
      "paper_name": "VLM",
      "color": [
        0,
        200,
        209
      ],
      "pose": [
        [
          0.20031682950088237,
          0.22008034985636002,
          -0.9546925198333842,
          0.7957480272144102
        ],
        [
          0.9797311711988725,
          -0.04499785167060095,
          0.19519740143330847,
          0.018763494036522665
        ],
        [
          -0.0,
          -0.9744433451730957,
          -0.22463340590363498,
          0.19436354297017433
        ],
        [
          0.0,
          0.0,
          0.0,
          1.0
        ]
      ],
      "metrics": {
        "coverage_iou": 0.11372324159021406,
        "trans_error": 2.6481621691182684,
        "rot_error": 0.4377340829922347,
        "soft_f1": 0.2797244571780639
      }
    }
  ],
  "vln_trajectory": {
    "points": [
      [
        1.868059576771808,
        -0.6975173963889815,
        0.4647915363311763
      ],
      [
        1.868059576771808,
        -0.6975173963889815,
        0.4647915363311763
      ],
      [
        1.868059576771808,
        -0.6975173963889815,
        0.4647915363311763
      ],
      [
        1.868059576771808,
        -0.6975173963889815,
        0.4647915363311763
      ],
      [
        1.868059576771808,
        -0.6975173963889815,
        0.4647915363311763
      ],
      [
        1.868059576771808,
        -0.6975173963889815,
        0.4647915363311763
      ],
      [
        1.868059576771808,
        -0.6975173963889815,
        0.4647915363311763
      ],
      [
        1.868059576771808,
        -0.6975173963889815,
        0.4647915363311763
      ],
      [
        1.868059576771808,
        -0.6975173963889815,
        0.4647915363311763
      ],
      [
        1.868059576771808,
        -0.6975173963889815,
        0.4647915363311763
      ],
      [
        1.868059576771808,
        -0.6975173963889815,
        0.4647915363311763
      ],
      [
        2.0185359474906788,
        -0.4978755624581216,
        0.4647915363311763
      ],
      [
        2.1690123182095493,
        -0.2982337285272617,
        0.4647915363311763
      ],
      [
        2.1690123182095493,
        -0.2982337285272617,
        0.4647915363311763
      ],
      [
        2.1690123182095493,
        -0.2982337285272617,
        0.4647915363311763
      ],
      [
        2.1690123182095493,
        -0.2982337285272617,
        0.4647915363311763
      ]
    ],
    "color": [
      108,
      147,
      125
    ]
  },
  "images": {
    "start": "images/start.png",
    "target": "images/target.png",
    "context": [
      "images/context_0.png",
      "images/context_1.png",
      "images/context_2.png"
    ],
    "renders": {
      "iperceive": "images/render_iperceive.png",
      "nbv_l": "images/render_nbv_l.png",
      "vln": "images/render_vln.png",
      "vlm": "images/render_vlm.png"
    }
  }
}