{
  "dataset": "replica",
  "data_name": "apartment_0_20260501_102558_702126",
  "instruction": "Look at the yellow mug on the countertop",
  "target_2d_coord": null,
  "fov_rad": 1.0471975667402222,
  "gt_cameras": [
    {
      "label": "start",
      "pose": [
        [
          0.6821137739821717,
          -0.1409735571606517,
          0.7175285747099356,
          -1.5836347433403888
        ],
        [
          -0.7312460593697576,
          -0.1315015703324561,
          0.669317964540247,
          -1.4805903491021892
        ],
        [
          1.07017389108932e-17,
          -0.9812409455284521,
          -0.1927853905731174,
          -0.07476460933685522
        ],
        [
          0.0,
          0.0,
          0.0,
          1.0
        ]
      ],
      "color": [
        0,
        0,
        0
      ],
      "visible": false
    },
    {
      "label": "context_0",
      "pose": [
        [
          0.9217810147878296,
          -0.0883893681689143,
          0.37750106251189564,
          1.61279248680213
        ],
        [
          -0.3877108588315422,
          -0.21014535685190266,
          0.8975072153989156,
          0.9483868411060155
        ],
        [
          -1.7896869541900173e-09,
          -0.973666404319771,
          -0.22797752557777415,
          -0.07476460922528705
        ],
        [
          0.0,
          0.0,
          0.0,
          1.0
        ]
      ],
      "color": [
        0,
        0,
        0
      ],
      "visible": false
    },
    {
      "label": "context_1",
      "pose": [
        [
          -0.9438981644547115,
          0.02573235031554824,
          -0.32923257335763356,
          2.320063622275195
        ],
        [
          0.3302366308252567,
          0.07354943169161379,
          -0.9410282814846148,
          3.0696530911592728
        ],
        [
          -1.5746792203508164e-09,
          -0.9969595467416766,
          -0.07792093679547563,
          -0.07476459125451695
        ],
        [
          0.0,
          0.0,
          0.0,
          1.0
        ]
      ],
      "color": [
        0,
        0,
        0
      ],
      "visible": false
    },
    {
      "label": "context_2",
      "pose": [
        [
          0.13541736107172103,
          -0.23551305518085136,
          0.962390615664857,
          -1.570583786827485
        ],
        [
          -0.990788640662225,
          -0.032189067783860215,
          0.13153602611317983,
          -2.1228269378301614
        ],
        [
          3.023791023126776e-09,
          -0.9713379583545746,
          -0.2377026218374237,
          -0.07476460789835006
        ],
        [
          0.0,
          0.0,
          0.0,
          1.0
        ]
      ],
      "color": [
        0,
        0,
        0
      ],
      "visible": false
    },
    {
      "label": "target",
      "pose": [
        [
          0.9658358158897575,
          -0.06562133160331589,
          0.25070900408256186,
          0.4832859477374081
        ],
        [
          -0.25915475609458055,
          -0.2445621409197745,
          0.9343597682393403,
          1.030565648813844
        ],
        [
          1.0738278669042423e-08,
          -0.9674105816664333,
          -0.25321294558500546,
          -0.07476457393200142
        ],
        [
          0.0,
          0.0,
          0.0,
          1.0
        ]
      ],
      "color": [
        144,
        238,
        144
      ],
      "visible": true
    }
  ],
  "algorithms": [
    {
      "key": "iperceive",
      "paper_name": "I-Perceive (Ours)",
      "color": [
        255,
        102,
        31
      ],
      "pose": [
        [
          0.9942684083133868,
          -0.042099889031848275,
          0.09827445742741808,
          0.8468220435011142
        ],
        [
          -0.10688575549334345,
          -0.41196932177221995,
          0.9049070449279418,
          0.9768392167068154
        ],
        [
          0.0023895948675805023,
          -0.9102246703788157,
          -0.41410796349163564,
          -0.2726804559960978
        ],
        [
          0.0,
          0.0,
          0.0,
          1.0
        ]
      ],
      "metrics": {
        "coverage_iou": 0.30501089324618735,
        "trans_error": 0.4173915372598768,
        "rot_error": 0.23055325029769813,
        "soft_f1": 0.5877863498394807
      }
    },
    {
      "key": "nbv_l",
      "paper_name": "NBV+L",
      "color": [
        30,
        85,
        230
      ],
      "pose": [
        [
          0.7071067811865472,
          -0.18301270189221935,
          0.7071067811865479,
          1.2425461954438026
        ],
        [
          -0.7071067811865479,
          -0.1830127018922192,
          0.7071067811865472,
          2.415865166145179
        ],
        [
          0.0,
          -0.9659258262890683,
          -0.2588190451025207,
          -0.2952006635964435
        ],
        [
          0.0,
          0.0,
          0.0,
          1.0
        ]
      ],
      "metrics": {
        "coverage_iou": 0.009144947416552356,
        "trans_error": 1.5950306120126145,
        "rot_error": 0.4939647787305818,
        "soft_f1": 0.04854853190569614
      }
    },
    {
      "key": "vln",
      "paper_name": "VLN+P",
      "color": [
        20,
        107,
        58
      ],
      "pose": [
        [
          -0.731246059369757,
          -0.2332966507417952,
          0.6409772799474738,
          -1.5836347433403883
        ],
        [
          -0.6821137739821719,
          0.25010088203197467,
          -0.687146525968535,
          -1.480590349102189
        ],
        [
          2.7755575615628914e-17,
          -0.9396926207859082,
          -0.3420201433256686,
          -0.07476460933685525
        ],
        [
          0.0,
          0.0,
          0.0,
          1.0
        ]
      ],
      "metrics": {
        "coverage_iou": 0.0,
        "trans_error": 3.2523939071155885,
        "rot_error": 2.129996878331691,
        "soft_f1": 0.0
      }
    },
    {
      "key": "vlm",
      "paper_name": "VLM",
      "color": [
        0,
        200,
        209
      ],
      "pose": [
        [
          0.9272491040250785,
          0.018362309218957984,
          0.3739945516780111,
          -0.6967396398837108
        ],
        [
          -0.3744450548273927,
          0.045471116660784516,
          0.926133510064792,
          -0.4827442517744729
        ],
        [
          0.0,
          -0.9987968778233985,
          0.04903872806498252,
          -0.31208083737510883
        ],
        [
          0.0,
          0.0,
          0.0,
          1.0
        ]
      ],
      "metrics": {
        "coverage_iou": 0.13769302760879737,
        "trans_error": 1.9336200649514224,
        "rot_error": 0.32824486585844465,
        "soft_f1": 0.3487366369517834
      }
    }
  ],
  "vln_trajectory": {
    "points": [
      [
        -1.5836347433403883,
        -1.480590349102189,
        -0.07476460933685525
      ],
      [
        -1.5836347433403883,
        -1.480590349102189,
        -0.07476460933685525
      ],
      [
        -1.5836347433403883,
        -1.480590349102189,
        -0.07476460933685525
      ],
      [
        -1.5836347433403883,
        -1.480590349102189,
        -0.07476460933685525
      ],
      [
        -1.5836347433403883,
        -1.480590349102189,
        -0.07476460933685525
      ],
      [
        -1.5836347433403883,
        -1.480590349102189,
        -0.07476460933685525
      ],
      [
        -1.5836347433403883,
        -1.480590349102189,
        -0.07476460933685525
      ],
      [
        -1.5836347433403883,
        -1.480590349102189,
        -0.07476460933685525
      ],
      [
        -1.5836347433403883,
        -1.480590349102189,
        -0.07476460933685525
      ],
      [
        -1.5836347433403883,
        -1.480590349102189,
        -0.07476460933685525
      ],
      [
        -1.5836347433403883,
        -1.480590349102189,
        -0.07476460933685525
      ],
      [
        -1.5836347433403883,
        -1.480590349102189,
        -0.07476460933685525
      ],
      [
        -1.5836347433403883,
        -1.480590349102189,
        -0.07476460933685525
      ],
      [
        -1.5836347433403883,
        -1.480590349102189,
        -0.07476460933685525
      ],
      [
        -1.5836347433403883,
        -1.480590349102189,
        -0.07476460933685525
      ],
      [
        -1.5836347433403883,
        -1.480590349102189,
        -0.07476460933685525
      ]
    ],
    "color": [
      108,
      147,
      125
    ]
  },
  "images": {
    "start": "images/start.png",
    "target": "images/target.png",
    "context": [
      "images/context_0.png",
      "images/context_1.png",
      "images/context_2.png"
    ],
    "renders": {
      "iperceive": "images/render_iperceive.png",
      "nbv_l": "images/render_nbv_l.png",
      "vln": "images/render_vln.png",
      "vlm": "images/render_vlm.png"
    }
  }
}