{
  "dataset": "replica",
  "data_name": "office_3_20260504_100649_130613",
  "instruction": "Inspect the world map displays from below",
  "target_2d_coord": null,
  "fov_rad": 1.0471975667402222,
  "gt_cameras": [
    {
      "label": "start",
      "pose": [
        [
          0.6509204791742188,
          -0.14038838276091872,
          0.7460520302079334,
          -4.090762696923642
        ],
        [
          -0.7591459212770661,
          -0.1203743191078533,
          0.6396932808055087,
          -2.7958626005397917
        ],
        [
          0.0,
          -0.9827518126592769,
          -0.18492937764158926,
          0.27930986881255976
        ],
        [
          0.0,
          0.0,
          0.0,
          1.0
        ]
      ],
      "color": [
        0,
        0,
        0
      ],
      "visible": false
    },
    {
      "label": "context_0",
      "pose": [
        [
          0.9718114365249436,
          -0.047762038772310465,
          0.23087078243756126,
          -1.1343393899748841
        ],
        [
          -0.23575946836250433,
          -0.19687732774356045,
          0.9516599957650249,
          -4.809874964680176
        ],
        [
          -4.416550528074659e-09,
          -0.9792640407448882,
          -0.20258799150503237,
          0.27930983775737894
        ],
        [
          0.0,
          0.0,
          0.0,
          1.0
        ]
      ],
      "color": [
        0,
        0,
        0
      ],
      "visible": false
    },
    {
      "label": "context_1",
      "pose": [
        [
          -0.04518827665540326,
          -0.2856601319635583,
          0.9572650366238044,
          -2.461036551042255
        ],
        [
          -0.9989785043088913,
          0.012921684566848168,
          -0.04330138717846471,
          -0.9284169408597702
        ],
        [
          -2.8581471495092714e-09,
          -0.9582438712365575,
          -0.28595223243772505,
          0.2793098386552069
        ],
        [
          0.0,
          0.0,
          0.0,
          1.0
        ]
      ],
      "color": [
        0,
        0,
        0
      ],
      "visible": false
    },
    {
      "label": "context_2",
      "pose": [
        [
          -0.8913837247517808,
          0.0918228890727869,
          -0.44385089373678244,
          0.04135323356773668
        ],
        [
          0.45324940682676973,
          0.18058363356946733,
          -0.872900058297932,
          1.30061828042385
        ],
        [
          -1.2626784756664122e-09,
          -0.9792640538555101,
          -0.20258799141697406,
          0.27930980052566445
        ],
        [
          0.0,
          0.0,
          0.0,
          1.0
        ]
      ],
      "color": [
        0,
        0,
        0
      ],
      "visible": false
    },
    {
      "label": "target",
      "pose": [
        [
          0.6417640833573395,
          -0.0475174743876772,
          0.7654286135254318,
          -0.6498404274448006
        ],
        [
          -0.7669021240398787,
          -0.03976388563397419,
          0.6405310099014707,
          -0.09770366776570505
        ],
        [
          -4.206400158746071e-11,
          -0.998078622090764,
          -0.06196028610527177,
          -0.12049012493341638
        ],
        [
          0.0,
          0.0,
          0.0,
          1.0
        ]
      ],
      "color": [
        144,
        238,
        144
      ],
      "visible": true
    }
  ],
  "algorithms": [
    {
      "key": "iperceive",
      "paper_name": "I-Perceive (Ours)",
      "color": [
        255,
        102,
        31
      ],
      "pose": [
        [
          0.5145534096261616,
          -0.17197742133571223,
          0.840034833133878,
          -1.4621954804746244
        ],
        [
          -0.8571075972584167,
          -0.131177745305481,
          0.49815552516776446,
          -0.5120655037266881
        ],
        [
          0.02452236941393078,
          -0.9763279012708623,
          -0.21490110547748836,
          0.0041846401146750645
        ],
        [
          0.0,
          0.0,
          0.0,
          1.0
        ]
      ],
      "metrics": {
        "coverage_iou": 0.5174035747883349,
        "trans_error": 0.9204131764653882,
        "rot_error": 0.22234579127312362,
        "soft_f1": 0.7668608348002612
      }
    },
    {
      "key": "nbv_l",
      "paper_name": "NBV+L",
      "color": [
        30,
        85,
        230
      ],
      "pose": [
        [
          0.0,
          0.1884321011727254,
          1.0156183541839978,
          0.3683381407044034
        ],
        [
          -1.0,
          0.0,
          0.0,
          1.2732805062746215
        ],
        [
          0.0,
          -0.981627183447664,
          0.19080899537654478,
          -0.7311884172530637
        ],
        [
          0.0,
          0.0,
          0.0,
          1.0
        ]
      ],
      "metrics": {
        "coverage_iou": 0.19116046157195732,
        "trans_error": 1.8136254578218214,
        "rot_error": 0.7202739178573705,
        "soft_f1": 0.43945861778794315
      }
    },
    {
      "key": "vln",
      "paper_name": "VLN+P",
      "color": [
        20,
        107,
        58
      ],
      "pose": [
        [
          0.9017492681410726,
          -0.21612973962821477,
          -0.3743476900627005,
          -4.090762696923641
        ],
        [
          0.43225947925642955,
          0.4508746340705364,
          0.7809377740541945,
          -2.7958626005397913
        ],
        [
          0.0,
          -0.8660254037844387,
          0.4999999999999999,
          0.2793098688125597
        ],
        [
          0.0,
          0.0,
          0.0,
          1.0
        ]
      ],
      "metrics": {
        "coverage_iou": 0.0,
        "trans_error": 4.390882428141683,
        "rot_error": 1.4269958862120644,
        "soft_f1": 0.0
      }
    },
    {
      "key": "vlm",
      "paper_name": "VLM",
      "color": [
        0,
        200,
        209
      ],
      "pose": [
        [
          0.5386560675909106,
          0.2922837448406627,
          0.7902024128977427,
          -3.0866599528508707
        ],
        [
          -0.8425257508512701,
          0.18686718175384195,
          0.5052039346005534,
          -1.7402121802237822
        ],
        [
          0.0,
          -0.9378970459945457,
          0.34691372286882083,
          -0.6702127583159975
        ],
        [
          0.0,
          0.0,
          0.0,
          1.0
        ]
      ],
      "metrics": {
        "coverage_iou": 0.10913723547314035,
        "trans_error": 2.9896687257274617,
        "rot_error": 0.435227637450414,
        "soft_f1": 0.25461554261767544
      }
    }
  ],
  "vln_trajectory": {
    "points": [
      [
        -4.090762696923641,
        -2.7958626005397913,
        0.2793098688125597
      ],
      [
        -4.090762696923641,
        -2.7958626005397913,
        0.2793098688125597
      ],
      [
        -4.090762696923641,
        -2.7958626005397913,
        0.2793098688125597
      ],
      [
        -4.090762696923641,
        -2.7958626005397913,
        0.2793098688125597
      ],
      [
        -4.090762696923641,
        -2.7958626005397913,
        0.2793098688125597
      ],
      [
        -4.090762696923641,
        -2.7958626005397913,
        0.2793098688125597
      ],
      [
        -4.090762696923641,
        -2.7958626005397913,
        0.2793098688125597
      ],
      [
        -4.090762696923641,
        -2.7958626005397913,
        0.2793098688125597
      ],
      [
        -4.090762696923641,
        -2.7958626005397913,
        0.2793098688125597
      ],
      [
        -4.090762696923641,
        -2.7958626005397913,
        0.2793098688125597
      ],
      [
        -4.090762696923641,
        -2.7958626005397913,
        0.2793098688125597
      ]
    ],
    "color": [
      108,
      147,
      125
    ]
  },
  "images": {
    "start": "images/start.png",
    "target": "images/target.png",
    "context": [
      "images/context_0.png",
      "images/context_1.png",
      "images/context_2.png"
    ],
    "renders": {
      "iperceive": "images/render_iperceive.png",
      "nbv_l": "images/render_nbv_l.png",
      "vln": "images/render_vln.png",
      "vlm": "images/render_vlm.png"
    }
  }
}