{
  "dataset": "replica",
  "data_name": "hotel_0_20260501_074613_906825",
  "instruction": "Look inside the sink basin from above",
  "target_2d_coord": null,
  "fov_rad": 1.0471975667402222,
  "gt_cameras": [
    {
      "label": "start",
      "pose": [
        [
          -0.9909809226096093,
          0.03703249320788703,
          -0.12878433705468356,
          4.043308065362221
        ],
        [
          0.13400302617406273,
          0.2738631755824425,
          -0.9523876049361903,
          1.2806978145147867
        ],
        [
          6.668661851449952e-18,
          -0.9610554383107709,
          -0.2763556485641137,
          0.46479153633117626
        ],
        [
          0.0,
          0.0,
          0.0,
          1.0
        ]
      ],
      "color": [
        0,
        0,
        0
      ],
      "visible": false
    },
    {
      "label": "context_0",
      "pose": [
        [
          -0.5616584840535932,
          0.13671337803680578,
          -0.8159958547910505,
          4.850939276164511
        ],
        [
          0.8273691496198656,
          0.09280770634851249,
          -0.5539377171292051,
          0.08288022970105802
        ],
        [
          -1.2190928821986802e-09,
          -0.9862536370702253,
          -0.1652386724426637,
          0.4647915380819507
        ],
        [
          0.0,
          0.0,
          0.0,
          1.0
        ]
      ],
      "color": [
        0,
        0,
        0
      ],
      "visible": false
    },
    {
      "label": "context_1",
      "pose": [
        [
          -0.33385378121100473,
          0.22772503302273422,
          -0.9147037629385808,
          2.518685731542829
        ],
        [
          0.9426248966984772,
          0.0806544192428143,
          -0.3239648457250416,
          1.3414084928219048
        ],
        [
          1.0371490305471909e-08,
          -0.9703793857749878,
          -0.24158606715510184,
          0.4647915405080476
        ],
        [
          0.0,
          0.0,
          0.0,
          1.0
        ]
      ],
      "color": [
        0,
        0,
        0
      ],
      "visible": false
    },
    {
      "label": "context_2",
      "pose": [
        [
          0.1711350950826475,
          -0.23802210864829484,
          0.9560639595674092,
          2.5978453062471862
        ],
        [
          -0.9852475971619349,
          -0.04134385935739454,
          0.16606598142766607,
          -0.9397742954473429
        ],
        [
          8.237537763022829e-09,
          -0.9703794058322619,
          -0.24158607891941355,
          0.46479158319825287
        ],
        [
          0.0,
          0.0,
          0.0,
          1.0
        ]
      ],
      "color": [
        0,
        0,
        0
      ],
      "visible": false
    },
    {
      "label": "target",
      "pose": [
        [
          -0.9984756676893078,
          0.023509293657065788,
          -0.049936845491681564,
          4.149413354336312
        ],
        [
          0.0551939763052922,
          0.42529019618713554,
          -0.903372522816503,
          -0.26826142617632764
        ],
        [
          -5.789706665482175e-10,
          -0.9047516642990082,
          -0.42593948056307085,
          0.6341915351303934
        ],
        [
          0.0,
          0.0,
          0.0,
          1.0
        ]
      ],
      "color": [
        144,
        238,
        144
      ],
      "visible": true
    }
  ],
  "algorithms": [
    {
      "key": "iperceive",
      "paper_name": "I-Perceive (Ours)",
      "color": [
        255,
        102,
        31
      ],
      "pose": [
        [
          -0.9918268192003019,
          0.0862265468584749,
          -0.09404599594835779,
          3.8653862825088647
        ],
        [
          0.1271286456276973,
          0.730590545253524,
          -0.670876831876801,
          -0.5095228106312064
        ],
        [
          0.0108617235284385,
          -0.6773496218836739,
          -0.7355810936879246,
          0.28106025867784373
        ],
        [
          0.0,
          0.0,
          0.0,
          1.0
        ]
      ],
      "metrics": {
        "coverage_iou": 0.19162087912087913,
        "trans_error": 0.5134005750293482,
        "rot_error": 0.3937339311206308,
        "soft_f1": 0.42418764520543584
      }
    },
    {
      "key": "nbv_l",
      "paper_name": "NBV+L",
      "color": [
        30,
        85,
        230
      ],
      "pose": [
        [
          -0.7986355100472928,
          0.05388905623661425,
          -0.6267144012732737,
          3.974287432609361
        ],
        [
          0.6018150231520483,
          0.01296777601864929,
          -0.8192338883051167,
          -1.2663469978408048
        ],
        [
          -0.03602064909444087,
          -0.9981058448842461,
          -0.049872189110970994,
          0.020216738827872477
        ],
        [
          0.0,
          0.0,
          0.0,
          1.0
        ]
      ],
      "metrics": {
        "coverage_iou": 0.09408341416100872,
        "trans_error": 1.1848244706370252,
        "rot_error": 0.69737082777462,
        "soft_f1": 0.3530351437699681
      }
    },
    {
      "key": "vln",
      "paper_name": "VLN+P",
      "color": [
        20,
        107,
        58
      ],
      "pose": [
        [
          0.9909809226096099,
          -0.06700151308703128,
          0.11605002485072924,
          4.5473000455715935
        ],
        [
          -0.13400302617406257,
          -0.4954904613048049,
          0.858214653645663,
          2.3694273089737243
        ],
        [
          0.0,
          -0.8660254037844387,
          -0.5,
          0.4647915363311763
        ],
        [
          0.0,
          0.0,
          0.0,
          1.0
        ]
      ],
      "metrics": {
        "coverage_iou": 0.0,
        "trans_error": 2.6729032599966063,
        "rot_error": 3.0624765482965715,
        "soft_f1": 0.0
      }
    },
    {
      "key": "vlm",
      "paper_name": "VLM",
      "color": [
        0,
        200,
        209
      ],
      "pose": [
        [
          -0.9823934248783011,
          -0.11602346386226046,
          0.14642989650096935,
          3.9317439641560448
        ],
        [
          -0.1868238709476973,
          0.6100970258870162,
          -0.769986013020974,
          0.4556575217694593
        ],
        [
          0.0,
          -0.7837857965268445,
          -0.6210312594087191,
          0.3928764410300801
        ],
        [
          0.0,
          0.0,
          0.0,
          1.0
        ]
      ],
      "metrics": {
        "coverage_iou": 0.20067390490453013,
        "trans_error": 0.7935184462752813,
        "rot_error": 0.334346097643904,
        "soft_f1": 0.4144377656577473
      }
    }
  ],
  "vln_trajectory": {
    "points": [
      [
        4.043308065362221,
        1.2806978145147867,
        0.4647915363311763
      ],
      [
        4.043308065362221,
        1.2806978145147867,
        0.4647915363311763
      ],
      [
        4.19480178583636,
        1.0818268697870481,
        0.4647915363311763
      ],
      [
        4.3462955063105,
        0.8829559250593095,
        0.4647915363311763
      ],
      [
        4.3462955063105,
        0.8829559250593095,
        0.4647915363311763
      ],
      [
        4.3462955063105,
        0.8829559250593095,
        0.4647915363311763
      ],
      [
        4.3462955063105,
        0.8829559250593095,
        0.4647915363311763
      ],
      [
        4.446797775941047,
        1.626191617016517,
        0.4647915363311763
      ],
      [
        4.5473000455715935,
        2.3694273089737243,
        0.4647915363311763
      ],
      [
        4.5473000455715935,
        2.3694273089737243,
        0.4647915363311763
      ]
    ],
    "color": [
      108,
      147,
      125
    ]
  },
  "images": {
    "start": "images/start.png",
    "target": "images/target.png",
    "context": [
      "images/context_0.png",
      "images/context_1.png",
      "images/context_2.png"
    ],
    "renders": {
      "iperceive": "images/render_iperceive.png",
      "nbv_l": "images/render_nbv_l.png",
      "vln": "images/render_vln.png",
      "vlm": "images/render_vlm.png"
    }
  }
}