{
  "dataset": "replica",
  "data_name": "frl_apartment_0_20260502_115401_914400",
  "instruction": "take a look at what's inside the sink",
  "target_2d_coord": null,
  "fov_rad": 1.0471975667402222,
  "gt_cameras": [
    {
      "label": "start",
      "pose": [
        [
          -0.9999239792573731,
          0.00013311910299759302,
          -0.012329557388876455,
          0.16561828198114356
        ],
        [
          0.012330275994525866,
          0.010795296329426864,
          -0.9998657039178109,
          0.5859451859224302
        ],
        [
          -1.0353080784919874e-20,
          -0.9999417202299663,
          -0.010796117058263126,
          -0.14106273651123247
        ],
        [
          0.0,
          0.0,
          0.0,
          1.0
        ]
      ],
      "color": [
        0,
        0,
        0
      ],
      "visible": false
    },
    {
      "label": "context_0",
      "pose": [
        [
          -0.46041774718431305,
          0.0769525976004648,
          -0.8843606648530338,
          3.1595649973592943
        ],
        [
          0.8877023793029664,
          0.03991241250625574,
          -0.458684556643794,
          -1.9472369053366327
        ],
        [
          1.6662718982374258e-09,
          -0.9962355473223358,
          -0.08668738592323132,
          -0.1410627389707401
        ],
        [
          0.0,
          0.0,
          0.0,
          1.0
        ]
      ],
      "color": [
        0,
        0,
        0
      ],
      "visible": false
    },
    {
      "label": "context_1",
      "pose": [
        [
          0.2604944203778883,
          0.06058847083482137,
          -0.9635723809160458,
          3.8760255885544677
        ],
        [
          0.9654753500277098,
          -0.016347344418574196,
          0.259980979821727,
          -4.884032312723469
        ],
        [
          6.485497191371925e-10,
          -0.9980289662412839,
          -0.06275506445033527,
          -0.14106274077071781
        ],
        [
          0.0,
          0.0,
          0.0,
          1.0
        ]
      ],
      "color": [
        0,
        0,
        0
      ],
      "visible": false
    },
    {
      "label": "context_2",
      "pose": [
        [
          0.6961771289685428,
          -0.09362727628311063,
          0.7117382206683946,
          0.5555485133736101
        ],
        [
          -0.7178700190404815,
          -0.09079801215520164,
          0.6902306520651665,
          -4.301925735721331
        ],
        [
          -2.847567103989035e-10,
          -0.9914583744101088,
          -0.13042371101713154,
          -0.14106274560065746
        ],
        [
          0.0,
          0.0,
          0.0,
          1.0
        ]
      ],
      "color": [
        0,
        0,
        0
      ],
      "visible": false
    },
    {
      "label": "target",
      "pose": [
        [
          -0.024833798485129913,
          0.5782463908227595,
          -0.8154841223245848,
          0.03829830226967018
        ],
        [
          0.9996916156350957,
          0.014364485097865334,
          -0.020257817835718107,
          -2.880604970907088
        ],
        [
          2.2669724777935052e-10,
          -0.8157357007967171,
          -0.5784247866467337,
          -0.14106274064261254
        ],
        [
          0.0,
          0.0,
          0.0,
          1.0
        ]
      ],
      "color": [
        144,
        238,
        144
      ],
      "visible": true
    }
  ],
  "algorithms": [
    {
      "key": "iperceive",
      "paper_name": "I-Perceive (Ours)",
      "color": [
        255,
        102,
        31
      ],
      "pose": [
        [
          -0.37810484398624755,
          0.391011754772242,
          -0.8391343387442145,
          0.32168999254076613
        ],
        [
          0.9251659816158764,
          0.19213828306095648,
          -0.3273390608443328,
          -2.265915773900131
        ],
        [
          0.03323641667713577,
          -0.9001070012552226,
          -0.4343991965686062,
          -0.320227645223696
        ],
        [
          0.0,
          0.0,
          0.0,
          1.0
        ]
      ],
      "metrics": {
        "coverage_iou": 0.3644859813084112,
        "trans_error": 0.7001812369669392,
        "rot_error": 0.4032511275272092,
        "soft_f1": 0.7411940348755452
      }
    },
    {
      "key": "nbv_l",
      "paper_name": "NBV+L",
      "color": [
        30,
        85,
        230
      ],
      "pose": [
        [
          0.0,
          0.08123882457724843,
          -1.0297512085397558,
          0.07997254795619713
        ],
        [
          1.0,
          0.0,
          0.0,
          -3.419498593850289
        ],
        [
          0.0,
          -0.9961946980917454,
          -0.08715574274765814,
          -0.5023578180487037
        ],
        [
          0.0,
          0.0,
          0.0,
          1.0
        ]
      ],
      "metrics": {
        "coverage_iou": 0.2085889570552147,
        "trans_error": 0.6501362741479133,
        "rot_error": 0.5059199202745494,
        "soft_f1": 0.5468147211484949
      }
    },
    {
      "key": "vln",
      "paper_name": "VLN+P",
      "color": [
        20,
        107,
        58
      ],
      "pose": [
        [
          0.012330275994526019,
          0.0,
          -0.9999239792573726,
          0.16561828198114356
        ],
        [
          0.9999239792573726,
          0.0,
          0.012330275994526019,
          0.5859451859224303
        ],
        [
          0.0,
          -0.9999999999999998,
          0.0,
          -0.14106273651123247
        ],
        [
          0.0,
          0.0,
          0.0,
          1.0
        ]
      ],
      "metrics": {
        "coverage_iou": 0.0,
        "trans_error": 3.4688875193423723,
        "rot_error": 0.6178794501487797,
        "soft_f1": 0.0
      }
    },
    {
      "key": "vlm",
      "paper_name": "VLM",
      "color": [
        0,
        200,
        209
      ],
      "pose": [
        [
          -0.8518684771548968,
          0.2130483788955064,
          -0.4784668075005766,
          0.05543936888801515
        ],
        [
          0.5237557614287378,
          0.34651494352053613,
          -0.7782077462266505,
          -0.7635616645559886
        ],
        [
          0.0,
          -0.9135303947690829,
          -0.40677047315782844,
          -0.07769974925896736
        ],
        [
          0.0,
          0.0,
          0.0,
          1.0
        ]
      ],
      "metrics": {
        "coverage_iou": 0.0745818480943241,
        "trans_error": 2.118060717225013,
        "rot_error": 1.0125767818711882,
        "soft_f1": 0.2460353552457161
      }
    }
  ],
  "vln_trajectory": {
    "points": [
      [
        0.16561828198114356,
        0.5859451859224303,
        -0.14106273651123247
      ],
      [
        0.16561828198114356,
        0.5859451859224303,
        -0.14106273651123247
      ],
      [
        0.16561828198114356,
        0.5859451859224303,
        -0.14106273651123247
      ],
      [
        0.16561828198114356,
        0.5859451859224303,
        -0.14106273651123247
      ],
      [
        0.16561828198114356,
        0.5859451859224303,
        -0.14106273651123247
      ],
      [
        0.16561828198114356,
        0.5859451859224303,
        -0.14106273651123247
      ],
      [
        0.16561828198114356,
        0.5859451859224303,
        -0.14106273651123247
      ],
      [
        0.16561828198114356,
        0.5859451859224303,
        -0.14106273651123247
      ],
      [
        0.16561828198114356,
        0.5859451859224303,
        -0.14106273651123247
      ],
      [
        0.16561828198114356,
        0.5859451859224303,
        -0.14106273651123247
      ],
      [
        0.16561828198114356,
        0.5859451859224303,
        -0.14106273651123247
      ],
      [
        0.16561828198114356,
        0.5859451859224303,
        -0.14106273651123247
      ],
      [
        0.16561828198114356,
        0.5859451859224303,
        -0.14106273651123247
      ],
      [
        0.16561828198114356,
        0.5859451859224303,
        -0.14106273651123247
      ],
      [
        0.16561828198114356,
        0.5859451859224303,
        -0.14106273651123247
      ],
      [
        0.16561828198114356,
        0.5859451859224303,
        -0.14106273651123247
      ],
      [
        0.16561828198114356,
        0.5859451859224303,
        -0.14106273651123247
      ],
      [
        0.16561828198114356,
        0.5859451859224303,
        -0.14106273651123247
      ],
      [
        0.16561828198114356,
        0.5859451859224303,
        -0.14106273651123247
      ],
      [
        0.16561828198114356,
        0.5859451859224303,
        -0.14106273651123247
      ],
      [
        0.16561828198114356,
        0.5859451859224303,
        -0.14106273651123247
      ]
    ],
    "color": [
      108,
      147,
      125
    ]
  },
  "images": {
    "start": "images/start.png",
    "target": "images/target.png",
    "context": [
      "images/context_0.png",
      "images/context_1.png",
      "images/context_2.png"
    ],
    "renders": {
      "iperceive": "images/render_iperceive.png",
      "nbv_l": "images/render_nbv_l.png",
      "vln": "images/render_vln.png",
      "vlm": "images/render_vlm.png"
    }
  }
}