{
  "dataset": "replica",
  "data_name": "apartment_1_20260502_085730_344655",
  "instruction": "Check the flat screen TV mounted on the wall above the table",
  "target_2d_coord": null,
  "fov_rad": 1.0471975667402222,
  "gt_cameras": [
    {
      "label": "start",
      "pose": [
        [
          0.4525394485492604,
          0.09328057818236869,
          -0.8868521755290981,
          1.8514199109636091
        ],
        [
          0.891744384623044,
          -0.047337714864164285,
          0.4500567666913895,
          -0.34729449727902006
        ],
        [
          0.0,
          -0.9945138885331879,
          -0.10460461516872913,
          -0.30013716220855735
        ],
        [
          0.0,
          0.0,
          0.0,
          1.0
        ]
      ],
      "color": [
        0,
        0,
        0
      ],
      "visible": false
    },
    {
      "label": "context_0",
      "pose": [
        [
          0.8260043209104739,
          -0.09691506419696425,
          0.5552696264495938,
          -1.0879992113680652
        ],
        [
          -0.5636638080194896,
          -0.14202129212226194,
          0.813703304410962,
          0.15512123906636588
        ],
        [
          -7.586780786938974e-10,
          -0.9851078492472236,
          -0.17193770798751326,
          -0.3001371681840288
        ],
        [
          0.0,
          0.0,
          0.0,
          1.0
        ]
      ],
      "color": [
        0,
        0,
        0
      ],
      "visible": false
    },
    {
      "label": "context_1",
      "pose": [
        [
          -0.7270519890345266,
          -0.11669645292636388,
          0.6765924854931455,
          -2.162029542464977
        ],
        [
          -0.6865824214585534,
          0.1235749420324456,
          -0.7164731864344585,
          3.7303873182993974
        ],
        [
          8.228384335007277e-09,
          -0.9854497455412967,
          -0.16996716537277984,
          -0.3001370167421562
        ],
        [
          0.0,
          0.0,
          0.0,
          1.0
        ]
      ],
      "color": [
        0,
        0,
        0
      ],
      "visible": false
    },
    {
      "label": "context_2",
      "pose": [
        [
          -0.8157463469172413,
          -0.1289320805757319,
          0.5638567584783785,
          -2.0184960119395265
        ],
        [
          -0.5784097805737662,
          0.1818362457284785,
          -0.7952217762710706,
          6.206558896140893
        ],
        [
          -1.2766331672353637e-09,
          -0.9748395185857828,
          -0.222907803215976,
          -0.30013728416935403
        ],
        [
          0.0,
          0.0,
          0.0,
          1.0
        ]
      ],
      "color": [
        0,
        0,
        0
      ],
      "visible": false
    },
    {
      "label": "target",
      "pose": [
        [
          0.5907448183829758,
          -0.06994444381170017,
          0.8038210981178513,
          0.055089934242555705
        ],
        [
          -0.8068584574156049,
          -0.05121012269941376,
          0.588521010651256,
          1.751199168920155
        ],
        [
          2.6849152068297855e-10,
          -0.996235539783556,
          -0.08668738909886077,
          -0.5429371677341799
        ],
        [
          0.0,
          0.0,
          0.0,
          1.0
        ]
      ],
      "color": [
        144,
        238,
        144
      ],
      "visible": true
    }
  ],
  "algorithms": [
    {
      "key": "iperceive",
      "paper_name": "I-Perceive (Ours)",
      "color": [
        255,
        102,
        31
      ],
      "pose": [
        [
          0.7946941043554488,
          -0.014052374315565191,
          0.606847549377326,
          0.3770077711630726
        ],
        [
          -0.6058315296276089,
          -0.08063046579914247,
          0.7914965961998051,
          1.298324521435514
        ],
        [
          0.037807989626571906,
          -0.9966450092771689,
          -0.07258991075451482,
          -0.24340592050560447
        ],
        [
          0.0,
          0.0,
          0.0,
          1.0
        ]
      ],
      "metrics": {
        "coverage_iou": 0.500296243630762,
        "trans_error": 0.6312253844934745,
        "rot_error": 0.29052236840331136,
        "soft_f1": 0.7399558181720218
      }
    },
    {
      "key": "nbv_l",
      "paper_name": "NBV+L",
      "color": [
        30,
        85,
        230
      ],
      "pose": [
        [
          1.0,
          0.0,
          2.4671622769447924e-16,
          2.461204966229428
        ],
        [
          -2.4671622769447924e-16,
          0.0,
          1.0,
          5.694114955898007
        ],
        [
          0.0,
          -1.0,
          0.0,
          -0.10983424901588751
        ],
        [
          0.0,
          0.0,
          0.0,
          1.0
        ]
      ],
      "metrics": {
        "coverage_iou": 0.0,
        "trans_error": 4.639348301506862,
        "rot_error": 0.9425205221756541,
        "soft_f1": 0.0
      }
    },
    {
      "key": "vln",
      "paper_name": "VLN+P",
      "color": [
        20,
        107,
        58
      ],
      "pose": [
        [
          0.8377828509697828,
          0.0,
          -0.5460035664910465,
          2.212478354626787
        ],
        [
          0.5460035664910465,
          0.0,
          0.8377828509697828,
          1.3650538318466643
        ],
        [
          0.0,
          -1.0,
          0.0,
          -0.30013716220855735
        ],
        [
          0.0,
          0.0,
          0.0,
          1.0
        ]
      ],
      "metrics": {
        "coverage_iou": 0.0,
        "trans_error": 2.2050815884598025,
        "rot_error": 1.5183886092474055,
        "soft_f1": 0.09291232673651237
      }
    },
    {
      "key": "vlm",
      "paper_name": "VLM",
      "color": [
        0,
        200,
        209
      ],
      "pose": [
        [
          0.9154584299061724,
          -0.017261121825596977,
          -0.4020421828453422,
          1.5750370264801776
        ],
        [
          0.4024125533749236,
          0.03926775979614573,
          0.9146158646813789,
          -0.23422908511607066
        ],
        [
          -0.0,
          -0.9990796248117135,
          0.04289409383686639,
          -0.3384087412179324
        ],
        [
          0.0,
          0.0,
          0.0,
          1.0
        ]
      ],
      "metrics": {
        "coverage_iou": 0.053446976831795064,
        "trans_error": 2.5087838301958754,
        "rot_error": 1.3581934896109558,
        "soft_f1": 0.1527974584467713
      }
    }
  ],
  "vln_trajectory": {
    "points": [
      [
        1.851419910963609,
        -0.34729449727902006,
        -0.30013716220855735
      ],
      [
        1.851419910963609,
        -0.34729449727902006,
        -0.30013716220855735
      ],
      [
        1.851419910963609,
        -0.34729449727902006,
        -0.30013716220855735
      ],
      [
        1.851419910963609,
        -0.34729449727902006,
        -0.30013716220855735
      ],
      [
        1.851419910963609,
        -0.34729449727902006,
        -0.30013716220855735
      ],
      [
        1.851419910963609,
        -0.34729449727902006,
        -0.30013716220855735
      ],
      [
        1.851419910963609,
        -0.34729449727902006,
        -0.30013716220855735
      ],
      [
        1.851419910963609,
        -0.34729449727902006,
        -0.30013716220855735
      ],
      [
        1.851419910963609,
        -0.34729449727902006,
        -0.30013716220855735
      ],
      [
        1.851419910963609,
        -0.34729449727902006,
        -0.30013716220855735
      ],
      [
        1.851419910963609,
        -0.34729449727902006,
        -0.30013716220855735
      ],
      [
        1.9029996886297773,
        -0.10267330740392228,
        -0.30013716220855735
      ],
      [
        2.057739021628282,
        0.631190262221371,
        -0.30013716220855735
      ],
      [
        2.212478354626787,
        1.3650538318466643,
        -0.30013716220855735
      ],
      [
        2.212478354626787,
        1.3650538318466643,
        -0.30013716220855735
      ],
      [
        2.212478354626787,
        1.3650538318466643,
        -0.30013716220855735
      ],
      [
        2.212478354626787,
        1.3650538318466643,
        -0.30013716220855735
      ],
      [
        2.212478354626787,
        1.3650538318466643,
        -0.30013716220855735
      ],
      [
        2.212478354626787,
        1.3650538318466643,
        -0.30013716220855735
      ],
      [
        2.212478354626787,
        1.3650538318466643,
        -0.30013716220855735
      ],
      [
        2.212478354626787,
        1.3650538318466643,
        -0.30013716220855735
      ]
    ],
    "color": [
      108,
      147,
      125
    ]
  },
  "images": {
    "start": "images/start.png",
    "target": "images/target.png",
    "context": [
      "images/context_0.png",
      "images/context_1.png",
      "images/context_2.png"
    ],
    "renders": {
      "iperceive": "images/render_iperceive.png",
      "nbv_l": "images/render_nbv_l.png",
      "vln": "images/render_vln.png",
      "vlm": "images/render_vlm.png"
    }
  }
}