{
  "dataset": "hssd",
  "data_name": "20260504_082706_26f161",
  "instruction": "Look at the picture frame above the bed",
  "target_2d_coord": [
    0.8712328767123287,
    0.0136986301369863
  ],
  "fov_rad": 0.8726646221409238,
  "gt_cameras": [
    {
      "label": "start",
      "pose": [
        [
          -0.5440925718878732,
          0.334654548821722,
          -0.7693956109631569,
          -6.368042948353821
        ],
        [
          0.8390251922418298,
          0.21701738618344765,
          -0.49893905527395305,
          5.484025230541243
        ],
        [
          5.090435485342568e-17,
          -0.9170113341976935,
          -0.398861144952684,
          1.2283812527455693
        ],
        [
          0.0,
          0.0,
          0.0,
          1.0
        ]
      ],
      "color": [
        0,
        0,
        0
      ],
      "visible": false
    },
    {
      "label": "context_0",
      "pose": [
        [
          -0.7440703961236556,
          0.19609685945823277,
          -0.6386746016627997,
          -6.978777032253429
        ],
        [
          0.6681012082405652,
          0.21839485735768346,
          -0.7112977158375202,
          6.053872855625356
        ],
        [
          4.970712980112424e-09,
          -0.955954895526436,
          -0.2935136847186838,
          1.2427157266703435
        ],
        [
          0.0,
          0.0,
          0.0,
          1.0
        ]
      ],
      "color": [
        0,
        0,
        0
      ],
      "visible": false
    },
    {
      "label": "context_1",
      "pose": [
        [
          -0.4531196351807104,
          -0.20279531855737437,
          0.8680764246742234,
          -7.534634328440272
        ],
        [
          -0.891449711590991,
          0.10307986742611414,
          -0.44123907478461477,
          5.642383175902964
        ],
        [
          -3.2892369383752396e-09,
          -0.9737805531550274,
          -0.22748933185853537,
          1.2251860188004098
        ],
        [
          0.0,
          0.0,
          0.0,
          1.0
        ]
      ],
      "color": [
        0,
        0,
        0
      ],
      "visible": false
    },
    {
      "label": "context_2",
      "pose": [
        [
          -0.9986210166599365,
          0.0288266116466675,
          -0.04387627208586109,
          -7.3860719855639285
        ],
        [
          0.05249858939479135,
          0.5483360086673784,
          -0.8346086222790638,
          6.134121957036422
        ],
        [
          -7.834354831537382e-10,
          -0.8357610955533137,
          -0.5490932187444968,
          1.4513048920342932
        ],
        [
          0.0,
          0.0,
          0.0,
          1.0
        ]
      ],
      "color": [
        0,
        0,
        0
      ],
      "visible": false
    },
    {
      "label": "target",
      "pose": [
        [
          -0.052498604816165195,
          0.019379729066099693,
          -0.998432943059664,
          -7.689684681710174
        ],
        [
          0.998621015350877,
          0.0010188177082849914,
          -0.052488698062223504,
          4.96035226312671
        ],
        [
          1.375335401121447e-10,
          -0.9998116856799897,
          -0.01940647846413429,
          1.6271423381515766
        ],
        [
          0.0,
          0.0,
          0.0,
          1.0
        ]
      ],
      "color": [
        144,
        238,
        144
      ],
      "visible": true
    }
  ],
  "algorithms": [
    {
      "key": "iperceive",
      "paper_name": "I-Perceive (Ours)",
      "color": [
        255,
        102,
        31
      ],
      "pose": [
        [
          -0.17009261602919729,
          -0.03219703742298313,
          -0.9849019718862212,
          -7.171808600236873
        ],
        [
          0.9854246998336847,
          -0.00291586812273395,
          -0.17008753964399514,
          5.205333098821078
        ],
        [
          0.002604471841019168,
          -0.999477245628963,
          0.0322237063806024,
          1.4279191486998082
        ],
        [
          0.0,
          0.0,
          0.0,
          1.0
        ]
      ],
      "metrics": {
        "coverage_iou": 0.45013009540329574,
        "trans_error": 0.6065484944339511,
        "rot_error": 0.12924723782454914,
        "soft_f1": 0.7826546800634586
      }
    },
    {
      "key": "nbv_l",
      "paper_name": "NBV+L",
      "color": [
        30,
        85,
        230
      ],
      "pose": [
        [
          -0.707106781186547,
          0.07391278520356678,
          -0.7032331762534048,
          -8.382326415598486
        ],
        [
          0.7071067811865481,
          0.07391278520356666,
          -0.7032331762534036,
          5.397187143587009
        ],
        [
          0.0,
          -0.9945218953682735,
          -0.1045284632676535,
          1.387359532472321
        ],
        [
          0.0,
          0.0,
          0.0,
          1.0
        ]
      ],
      "metrics": {
        "coverage_iou": 0.30625,
        "trans_error": 0.8532720265726322,
        "rot_error": 0.7376013701964435,
        "soft_f1": 0.6850448627957064
      }
    },
    {
      "key": "vln",
      "paper_name": "VLN+P",
      "color": [
        20,
        107,
        58
      ],
      "pose": [
        [
          -0.9780119501956888,
          0.0,
          -0.20854885584540073,
          -6.211631306469771
        ],
        [
          0.20854885584540073,
          0.0,
          -0.9780119501956888,
          6.217534193188009
        ],
        [
          0.0,
          -1.0,
          0.0,
          1.2283812527455686
        ],
        [
          0.0,
          0.0,
          0.0,
          1.0
        ]
      ],
      "metrics": {
        "coverage_iou": 0.0,
        "trans_error": 1.9809488763786873,
        "rot_error": 1.3083054483861039,
        "soft_f1": 0.0
      }
    },
    {
      "key": "vlm",
      "paper_name": "VLM",
      "color": [
        0,
        200,
        209
      ],
      "pose": [
        [
          -0.16339098891000506,
          -0.2775020855262981,
          -0.9467290939184058,
          -7.225756595914731
        ],
        [
          0.9865613943100604,
          -0.045958964581661495,
          -0.15679409692833138,
          5.075649187523503
        ],
        [
          0.0,
          -0.9596251174824137,
          0.2812821250930519,
          1.0119547391680426
        ],
        [
          0.0,
          0.0,
          0.0,
          1.0
        ]
      ],
      "metrics": {
        "coverage_iou": 0.3850267379679144,
        "trans_error": 0.7790881791776327,
        "rot_error": 0.3241947036291625,
        "soft_f1": 0.7289719626168224
      }
    }
  ],
  "vln_trajectory": {
    "points": [
      [
        -6.368042948353821,
        5.484025230541243,
        1.2283812527455686
      ],
      [
        -6.368042948353821,
        5.484025230541243,
        1.2283812527455686
      ],
      [
        -6.368042948353821,
        5.484025230541243,
        1.2283812527455686
      ],
      [
        -6.368042948353821,
        5.484025230541243,
        1.2283812527455686
      ],
      [
        -6.211631306469771,
        6.217534193188009,
        1.2283812527455686
      ],
      [
        -6.211631306469771,
        6.217534193188009,
        1.2283812527455686
      ],
      [
        -6.211631306469771,
        6.217534193188009,
        1.2283812527455686
      ],
      [
        -6.211631306469771,
        6.217534193188009,
        1.2283812527455686
      ],
      [
        -6.211631306469771,
        6.217534193188009,
        1.2283812527455686
      ],
      [
        -6.211631306469771,
        6.217534193188009,
        1.2283812527455686
      ],
      [
        -6.211631306469771,
        6.217534193188009,
        1.2283812527455686
      ],
      [
        -6.211631306469771,
        6.217534193188009,
        1.2283812527455686
      ]
    ],
    "color": [
      108,
      147,
      125
    ]
  },
  "images": {
    "start": "images/start.png",
    "target": "images/target.png",
    "context": [
      "images/context_0.png",
      "images/context_1.png",
      "images/context_2.png"
    ],
    "renders": {
      "iperceive": "images/render_iperceive.png",
      "nbv_l": "images/render_nbv_l.png",
      "vln": "images/render_vln.png",
      "vlm": "images/render_vlm.png"
    }
  }
}