{
  "dataset": "hssd",
  "data_name": "20260503_074448_6310f9",
  "instruction": "Prepare to make coffee",
  "target_2d_coord": null,
  "fov_rad": 0.8726646221409238,
  "gt_cameras": [
    {
      "label": "start",
      "pose": [
        [
          -0.4509405321942599,
          0.3877168080912806,
          -0.8039454665260989,
          -3.9907197101603207
        ],
        [
          0.8925539963634456,
          0.19588419803584478,
          -0.4061732937251001,
          0.017845442488084624
        ],
        [
          2.4113506248972856e-17,
          -0.9007247402416363,
          -0.4343903110298811,
          1.5900589752915477
        ],
        [
          0.0,
          0.0,
          0.0,
          1.0
        ]
      ],
      "color": [
        0,
        0,
        0
      ],
      "visible": false
    },
    {
      "label": "context_0",
      "pose": [
        [
          -0.9894547522385384,
          0.018330648725824517,
          -0.14367772087423153,
          -4.919408208838773
        ],
        [
          0.1448423295673939,
          0.1252212349775521,
          -0.9814990576275167,
          0.6514049951383378
        ],
        [
          3.2923166415343985e-09,
          -0.9919595167086549,
          -0.1265558115236174,
          1.3977250884599641
        ],
        [
          0.0,
          0.0,
          0.0,
          1.0
        ]
      ],
      "color": [
        0,
        0,
        0
      ],
      "visible": false
    },
    {
      "label": "context_1",
      "pose": [
        [
          -0.9999634584107725,
          -0.0012085759698232668,
          -0.008464274480872724,
          -5.562033658202463
        ],
        [
          0.008550117564821269,
          -0.1413447525640887,
          -0.9899235367535085,
          -1.1751191276384465
        ],
        [
          5.248431744764304e-09,
          -0.9899597110591614,
          0.1413499328272373,
          1.2224319801055055
        ],
        [
          0.0,
          0.0,
          0.0,
          1.0
        ]
      ],
      "color": [
        0,
        0,
        0
      ],
      "visible": false
    },
    {
      "label": "context_2",
      "pose": [
        [
          0.14725906944485717,
          0.4684019538504512,
          -0.8711569082915228,
          -4.386909799350146
        ],
        [
          0.9890979750562875,
          -0.06973670335723228,
          0.12969975928748162,
          -1.073687988706145
        ],
        [
          3.997965958291161e-09,
          -0.880758967185292,
          -0.4735647956145872,
          1.5217051666537984
        ],
        [
          0.0,
          0.0,
          0.0,
          1.0
        ]
      ],
      "color": [
        0,
        0,
        0
      ],
      "visible": false
    },
    {
      "label": "target",
      "pose": [
        [
          -0.9669715928806555,
          0.07718930329665233,
          -0.2429150645564666,
          -6.153154981421435
        ],
        [
          0.2548841265877615,
          0.2928384757141494,
          -0.9215637594365735,
          -1.2221383215606694
        ],
        [
          1.90238358399597e-09,
          -0.9530411718893923,
          -0.30284081485669295,
          1.2610348454979265
        ],
        [
          0.0,
          0.0,
          0.0,
          1.0
        ]
      ],
      "color": [
        144,
        238,
        144
      ],
      "visible": true
    }
  ],
  "algorithms": [
    {
      "key": "iperceive",
      "paper_name": "I-Perceive (Ours)",
      "color": [
        255,
        102,
        31
      ],
      "pose": [
        [
          -0.8697738012640213,
          0.2566327196780859,
          -0.4214655371985832,
          -5.707581984773399
        ],
        [
          0.49337727130041764,
          0.4670117340089965,
          -0.7338112226056757,
          -1.309255187563773
        ],
        [
          0.008509367714534033,
          -0.8461912508879676,
          -0.532811353081172,
          1.3979389456433533
        ],
        [
          0.0,
          0.0,
          0.0,
          1.0
        ]
      ],
      "metrics": {
        "coverage_iou": 0.43831640058055155,
        "trans_error": 0.47420186142135695,
        "rot_error": 0.36279779124759176,
        "soft_f1": 0.7959449409483296
      }
    },
    {
      "key": "nbv_l",
      "paper_name": "NBV+L",
      "color": [
        30,
        85,
        230
      ],
      "pose": [
        [
          -0.544639035015027,
          0.09434519350717337,
          -0.8532062793099242,
          -6.157475252653163
        ],
        [
          0.838670567945424,
          0.1250798577966202,
          -0.5607854818819471,
          -1.7216113312472359
        ],
        [
          0.053811505283103,
          -0.9870971467239732,
          -0.15080963108686884,
          1.2815861996789182
        ],
        [
          0.0,
          0.0,
          0.0,
          1.0
        ]
      ],
      "metrics": {
        "coverage_iou": 0.25357142857142856,
        "trans_error": 0.4999143252857976,
        "rot_error": 0.726658888368594,
        "soft_f1": 0.6333985909678106
      }
    },
    {
      "key": "vln",
      "paper_name": "VLN+P",
      "color": [
        20,
        107,
        58
      ],
      "pose": [
        [
          -0.45094053219426,
          0.27581435327357967,
          -0.8488692943867358,
          -5.329550704705491
        ],
        [
          0.8925539963634457,
          0.13934828790050943,
          -0.4288699316049554,
          -0.6585653558033052
        ],
        [
          2.7755575615628914e-17,
          -0.9510565162951536,
          -0.3090169943749474,
          1.5900589752915475
        ],
        [
          0.0,
          0.0,
          0.0,
          1.0
        ]
      ],
      "metrics": {
        "coverage_iou": 0.08654227868201668,
        "trans_error": 1.0508070190463468,
        "rot_error": 0.8452730505262678,
        "soft_f1": 0.2258048699623394
      }
    },
    {
      "key": "vlm",
      "paper_name": "VLM",
      "color": [
        0,
        200,
        209
      ],
      "pose": [
        [
          -0.5924513633861893,
          -0.0017336402198334772,
          -0.8056043548252663,
          -5.0093917967014665
        ],
        [
          0.8056062201980849,
          -0.001274937414967986,
          -0.5924499915712232,
          -1.1237434406012274
        ],
        [
          0.0,
          -0.9999976845104073,
          0.002151969754413272,
          1.089678851920728
        ],
        [
          0.0,
          0.0,
          0.0,
          1.0
        ]
      ],
      "metrics": {
        "coverage_iou": 0.19513358778625955,
        "trans_error": 1.160706126494748,
        "rot_error": 0.7438207324879686,
        "soft_f1": 0.4574485563070887
      }
    }
  ],
  "vln_trajectory": {
    "points": [
      [
        -3.990719710160321,
        0.01784544248808464,
        1.5900589752915475
      ],
      [
        -4.213858209251183,
        -0.09488969056048034,
        1.5900589752915475
      ],
      [
        -4.436996708342044,
        -0.20762482360904533,
        1.5900589752915475
      ],
      [
        -4.660135207432906,
        -0.3203599566576103,
        1.5900589752915475
      ],
      [
        -4.8832737065237675,
        -0.4330950897061753,
        1.5900589752915475
      ],
      [
        -5.106412205614629,
        -0.5458302227547402,
        1.5900589752915475
      ],
      [
        -5.329550704705491,
        -0.6585653558033052,
        1.5900589752915475
      ],
      [
        -5.329550704705491,
        -0.6585653558033052,
        1.5900589752915475
      ]
    ],
    "color": [
      108,
      147,
      125
    ]
  },
  "images": {
    "start": "images/start.png",
    "target": "images/target.png",
    "context": [
      "images/context_0.png",
      "images/context_1.png",
      "images/context_2.png"
    ],
    "renders": {
      "iperceive": "images/render_iperceive.png",
      "nbv_l": "images/render_nbv_l.png",
      "vln": "images/render_vln.png",
      "vlm": "images/render_vlm.png"
    }
  }
}