{
  "dataset": "replica",
  "data_name": "frl_apartment_3_20260504_072913_806483",
  "instruction": "Check the potted plant next to the TV",
  "target_2d_coord": null,
  "fov_rad": 1.0471975667402222,
  "gt_cameras": [
    {
      "label": "start",
      "pose": [
        [
          -0.2945455975047931,
          -0.10756396285426707,
          0.9495645764694627,
          3.2988380980097953
        ],
        [
          -0.955637426532963,
          0.03315325543897649,
          -0.2926738298229849,
          3.5630545818416373
        ],
        [
          -7.541412990415035e-18,
          -0.9936452362633676,
          -0.1125572940822414,
          0.002254486083984208
        ],
        [
          0.0,
          0.0,
          0.0,
          1.0
        ]
      ],
      "color": [
        0,
        0,
        0
      ],
      "visible": false
    },
    {
      "label": "context_0",
      "pose": [
        [
          0.9755889960693428,
          0.02340838653820221,
          -0.21835327480419534,
          2.6286314223498963
        ],
        [
          0.2196044510932081,
          -0.10399138075999151,
          0.9700307643956788,
          -0.04798853577851547
        ],
        [
          4.414455884171886e-09,
          -0.994302679147942,
          -0.10659343309274893,
          0.002254491887224659
        ],
        [
          0.0,
          0.0,
          0.0,
          1.0
        ]
      ],
      "color": [
        0,
        0,
        0
      ],
      "visible": false
    },
    {
      "label": "context_1",
      "pose": [
        [
          0.6273965405768852,
          -0.12005907769047874,
          0.7693890156300988,
          1.509113460151584
        ],
        [
          -0.7786999444146344,
          -0.09673128131499475,
          0.6198947007468095,
          1.6494267384679808
        ],
        [
          1.9481780078045574e-10,
          -0.988042968452883,
          -0.15417886953200974,
          0.002254482058634516
        ],
        [
          0.0,
          0.0,
          0.0,
          1.0
        ]
      ],
      "color": [
        0,
        0,
        0
      ],
      "visible": false
    },
    {
      "label": "context_2",
      "pose": [
        [
          0.6489488312928201,
          0.2714337186847539,
          -0.7107665935349656,
          7.547249294747562
        ],
        [
          0.760832011584643,
          -0.23151837306669548,
          0.606245698225567,
          3.595074947623478
        ],
        [
          -8.550316357713861e-10,
          -0.9341964499397041,
          -0.3567590323776423,
          0.0022545245822382376
        ],
        [
          0.0,
          0.0,
          0.0,
          1.0
        ]
      ],
      "color": [
        0,
        0,
        0
      ],
      "visible": false
    },
    {
      "label": "target",
      "pose": [
        [
          0.28692949583107796,
          -0.2303087195760766,
          0.9298545228172028,
          7.3492053392165175
        ],
        [
          -0.9579517323969858,
          -0.06898298537809315,
          0.27851370146474663,
          4.363071912753738
        ],
        [
          -1.071080932280033e-09,
          -0.9706695035671047,
          -0.2404178782638567,
          0.002254470571571854
        ],
        [
          0.0,
          0.0,
          0.0,
          1.0
        ]
      ],
      "color": [
        144,
        238,
        144
      ],
      "visible": true
    }
  ],
  "algorithms": [
    {
      "key": "iperceive",
      "paper_name": "I-Perceive (Ours)",
      "color": [
        255,
        102,
        31
      ],
      "pose": [
        [
          -0.11924270422769995,
          -0.12910401353810835,
          0.9844354975033133,
          6.613138773615876
        ],
        [
          -0.9928543516908245,
          0.010896490877973978,
          -0.11883343307984551,
          3.4485421375926046
        ],
        [
          0.004614982699558092,
          -0.9915711520564044,
          -0.12948081550148452,
          -0.026075658432020365
        ],
        [
          0.0,
          0.0,
          0.0,
          1.0
        ]
      ],
      "metrics": {
        "coverage_iou": 0.10590877677954388,
        "trans_error": 1.1742917287826704,
        "rot_error": 0.42536450900309764,
        "soft_f1": 0.26457582065763724
      }
    },
    {
      "key": "nbv_l",
      "paper_name": "NBV+L",
      "color": [
        30,
        85,
        230
      ],
      "pose": [
        [
          0.7071067811865475,
          -0.18301270189221933,
          0.7071067811865476,
          8.143353774798351
        ],
        [
          -0.7071067811865475,
          -0.18301270189221933,
          0.7071067811865476,
          3.8737601480329893
        ],
        [
          0.0,
          -0.9659258262890682,
          -0.2588190451025208,
          -0.4853712688763485
        ],
        [
          0.0,
          0.0,
          0.0,
          1.0
        ]
      ],
      "metrics": {
        "coverage_iou": 0.26806784660766964,
        "trans_error": 1.0525573211090706,
        "rot_error": 0.4631458899172598,
        "soft_f1": 0.622528797252231
      }
    },
    {
      "key": "vln",
      "paper_name": "VLN+P",
      "color": [
        20,
        107,
        58
      ],
      "pose": [
        [
          -0.8840128940214016,
          0.0,
          0.467462515292837,
          3.2988380980097958
        ],
        [
          -0.467462515292837,
          0.0,
          -0.8840128940214016,
          3.563054581841638
        ],
        [
          0.0,
          -1.0,
          0.0,
          0.002254486083984153
        ],
        [
          0.0,
          0.0,
          0.0,
          1.0
        ]
      ],
      "metrics": {
        "coverage_iou": 0.0,
        "trans_error": 4.12861975854703,
        "rot_error": 1.3932200203946747,
        "soft_f1": 0.0
      }
    },
    {
      "key": "vlm",
      "paper_name": "VLM",
      "color": [
        0,
        200,
        209
      ],
      "pose": [
        [
          0.435169402526288,
          -0.07442372871653623,
          0.8972673512999573,
          4.747267693209194
        ],
        [
          -0.9003485942149927,
          -0.0359715445411358,
          0.4336801319848669,
          3.5395274948408995
        ],
        [
          0.0,
          -0.9965777223013028,
          -0.08266101507208519,
          -0.1553257256311538
        ],
        [
          0.0,
          0.0,
          0.0,
          1.0
        ]
      ],
      "metrics": {
        "coverage_iou": 0.20715350223546944,
        "trans_error": 2.7337036325465545,
        "rot_error": 0.22562273576018124,
        "soft_f1": 0.44898196996167244
      }
    }
  ],
  "vln_trajectory": {
    "points": [
      [
        3.2988380980097958,
        3.563054581841638,
        0.002254486083984153
      ],
      [
        3.2988380980097958,
        3.563054581841638,
        0.002254486083984153
      ],
      [
        3.2988380980097958,
        3.563054581841638,
        0.002254486083984153
      ],
      [
        3.2988380980097958,
        3.563054581841638,
        0.002254486083984153
      ],
      [
        3.2988380980097958,
        3.563054581841638,
        0.002254486083984153
      ],
      [
        3.2988380980097958,
        3.563054581841638,
        0.002254486083984153
      ],
      [
        3.2988380980097958,
        3.563054581841638,
        0.002254486083984153
      ],
      [
        3.2988380980097958,
        3.563054581841638,
        0.002254486083984153
      ],
      [
        3.2988380980097958,
        3.563054581841638,
        0.002254486083984153
      ]
    ],
    "color": [
      108,
      147,
      125
    ]
  },
  "images": {
    "start": "images/start.png",
    "target": "images/target.png",
    "context": [
      "images/context_0.png",
      "images/context_1.png",
      "images/context_2.png"
    ],
    "renders": {
      "iperceive": "images/render_iperceive.png",
      "nbv_l": "images/render_nbv_l.png",
      "vln": "images/render_vln.png",
      "vlm": "images/render_vlm.png"
    }
  }
}