{
  "dataset": "replica",
  "data_name": "hotel_0_20260501_081432_829400",
  "instruction": "Inspect the magazine on the nightstand",
  "target_2d_coord": null,
  "fov_rad": 1.0471975667402222,
  "gt_cameras": [
    {
      "label": "start",
      "pose": [
        [
          -0.051034565515782886,
          0.15595115378422536,
          -0.986445493048645,
          3.3547993990027076
        ],
        [
          0.9986968875102273,
          0.007969284248902253,
          -0.050408505095320244,
          1.3265873804995716
        ],
        [
          -6.299024780488246e-19,
          -0.9877326197620129,
          -0.1561546408470492,
          0.4647915363311764
        ],
        [
          0.0,
          0.0,
          0.0,
          1.0
        ]
      ],
      "color": [
        0,
        0,
        0
      ],
      "visible": false
    },
    {
      "label": "context_0",
      "pose": [
        [
          -0.8473933975903727,
          0.1573149315155967,
          -0.5071256529840152,
          4.491328735609462
        ],
        [
          0.530965545630852,
          0.25106645357272056,
          -0.8093461622822531,
          1.0417797730426734
        ],
        [
          6.6786114971684185e-09,
          -0.9551008424166296,
          -0.29628087347646204,
          0.46479152759214626
        ],
        [
          0.0,
          0.0,
          0.0,
          1.0
        ]
      ],
      "color": [
        0,
        0,
        0
      ],
      "visible": false
    },
    {
      "label": "context_1",
      "pose": [
        [
          0.9996657996459775,
          0.004444632428725254,
          -0.02546522406367776,
          -0.039198202490943856
        ],
        [
          0.02585018958705374,
          -0.17188025170904586,
          0.9847786133857687,
          -0.5182511573027124
        ],
        [
          -6.880434749723108e-09,
          -0.9851078530728633,
          -0.17193770040229592,
          0.4647915413761107
        ],
        [
          0.0,
          0.0,
          0.0,
          1.0
        ]
      ],
      "color": [
        0,
        0,
        0
      ],
      "visible": false
    },
    {
      "label": "context_2",
      "pose": [
        [
          0.6574760535968102,
          -0.16942425514704357,
          0.7341802409497906,
          -2.3633685568480454
        ],
        [
          -0.7534754529095838,
          -0.14783812056057022,
          0.6406392231956042,
          -0.20755313439295087
        ],
        [
          -4.35191278846947e-09,
          -0.9743917407993767,
          -0.22485704961849823,
          0.4647916131555814
        ],
        [
          0.0,
          0.0,
          0.0,
          1.0
        ]
      ],
      "color": [
        0,
        0,
        0
      ],
      "visible": false
    },
    {
      "label": "context_3",
      "pose": [
        [
          -0.19331122464456202,
          -0.24159288012977514,
          0.9509277918592836,
          -2.3119865234922727
        ],
        [
          -0.9811374796856751,
          0.047600474344049945,
          -0.18735906567755434,
          1.2271582838667263
        ],
        [
          4.330953054521025e-09,
          -0.9692095270413718,
          -0.2462375381840072,
          0.4647915848129984
        ],
        [
          0.0,
          0.0,
          0.0,
          1.0
        ]
      ],
      "color": [
        0,
        0,
        0
      ],
      "visible": false
    },
    {
      "label": "context_4",
      "pose": [
        [
          0.06541734286974968,
          -0.1004102054460099,
          0.9927932339381372,
          -2.378956061398763
        ],
        [
          -0.9978579791706306,
          -0.0065826690363437225,
          0.0650853085554845,
          -0.2106354362868057
        ],
        [
          -2.047028956932151e-10,
          -0.9949243391987878,
          -0.10062574434051097,
          0.17339159701906326
        ],
        [
          0.0,
          0.0,
          0.0,
          1.0
        ]
      ],
      "color": [
        0,
        0,
        0
      ],
      "visible": false
    },
    {
      "label": "target",
      "pose": [
        [
          -0.9984469588580398,
          0.03121695420659573,
          -0.046143106581865184,
          -0.019394992789253607
        ],
        [
          0.05571071627145236,
          0.559469842381531,
          -0.826976306053241,
          -0.11265127731259894
        ],
        [
          -6.911495736838802e-09,
          -0.8282626360836751,
          -0.5603400404386604,
          0.18579153183291197
        ],
        [
          0.0,
          0.0,
          0.0,
          1.0
        ]
      ],
      "color": [
        144,
        238,
        144
      ],
      "visible": true
    }
  ],
  "algorithms": [
    {
      "key": "iperceive",
      "paper_name": "I-Perceive (Ours)",
      "color": [
        255,
        102,
        31
      ],
      "pose": [
        [
          -0.9554202808910902,
          0.15551586096293704,
          -0.2509719256186069,
          0.5669601528311952
        ],
        [
          0.2952267260418626,
          0.5136914218542815,
          -0.8055819437703143,
          0.3097905810703552
        ],
        [
          0.0036413759787792266,
          -0.8437629664992702,
          -0.5367036343144598,
          -0.05350446782830909
        ],
        [
          0.0,
          0.0,
          0.0,
          1.0
        ]
      ],
      "metrics": {
        "coverage_iou": 0.4385692068429238,
        "trans_error": 0.7612700456050785,
        "rot_error": 0.24555512318405054,
        "soft_f1": 0.7833475377803647
      }
    },
    {
      "key": "nbv_l",
      "paper_name": "NBV+L",
      "color": [
        30,
        85,
        230
      ],
      "pose": [
        [
          0.7071067811865474,
          -0.10809735395875204,
          0.7223632127406593,
          -0.13723754607787006
        ],
        [
          -0.7071067811865478,
          -0.10809735395875197,
          0.7223632127406588,
          -1.2763858121707536
        ],
        [
          0.0,
          -0.9876883405951377,
          -0.15643446504023084,
          -0.40182149942041356
        ],
        [
          0.0,
          0.0,
          0.0,
          1.0
        ]
      ],
      "metrics": {
        "coverage_iou": 0.027346387575962187,
        "trans_error": 1.308989702086039,
        "rot_error": 2.4451368420465758,
        "soft_f1": 0.07704833392906787
      }
    },
    {
      "key": "vln",
      "paper_name": "VLN+P",
      "color": [
        20,
        107,
        58
      ],
      "pose": [
        [
          0.051034565515783115,
          0.0,
          0.9986968875102271,
          -0.6399881510382015
        ],
        [
          -0.9986968875102271,
          0.0,
          0.051034565515783115,
          1.1224491184364398
        ],
        [
          0.0,
          -1.0,
          0.0,
          0.4647915363311763
        ],
        [
          0.0,
          0.0,
          0.0,
          1.0
        ]
      ],
      "metrics": {
        "coverage_iou": 0.0,
        "trans_error": 1.4101240310070815,
        "rot_error": 1.7551478403462264,
        "soft_f1": 0.0
      }
    },
    {
      "key": "vlm",
      "paper_name": "VLM",
      "color": [
        0,
        200,
        209
      ],
      "pose": [
        [
          -0.6878769818831993,
          0.018381877477130604,
          0.7255944903151322,
          1.9193265552860523
        ],
        [
          -0.7258272919884321,
          -0.017420770119673155,
          -0.6876563523833521,
          1.3538230874427275
        ],
        [
          0.0,
          -0.999679260237429,
          0.02532541512289065,
          0.23836730710295503
        ],
        [
          0.0,
          0.0,
          0.0,
          1.0
        ]
      ],
      "metrics": {
        "coverage_iou": 0.0,
        "trans_error": 2.4314507178330977,
        "rot_error": 1.055146706609069,
        "soft_f1": 0.0
      }
    }
  ],
  "vln_trajectory": {
    "points": [
      [
        3.354799399002707,
        1.3265873804995714,
        0.4647915363311763
      ],
      [
        2.605776733370037,
        1.2883114563627343,
        0.4647915363311763
      ],
      [
        1.8567540677373664,
        1.2500355322258971,
        0.4647915363311763
      ],
      [
        1.107731402104696,
        1.21175960808906,
        0.4647915363311763
      ],
      [
        0.3587087364720256,
        1.173483683952223,
        0.4647915363311763
      ],
      [
        0.10903451459446883,
        1.1607250425732771,
        0.4647915363311763
      ],
      [
        -0.14063970728308794,
        1.1479664011943314,
        0.4647915363311763
      ],
      [
        -0.3903139291606447,
        1.1352077598153856,
        0.4647915363311763
      ],
      [
        -0.6399881510382015,
        1.1224491184364398,
        0.4647915363311763
      ],
      [
        -0.6399881510382015,
        1.1224491184364398,
        0.4647915363311763
      ],
      [
        -0.6399881510382015,
        1.1224491184364398,
        0.4647915363311763
      ],
      [
        -0.6399881510382015,
        1.1224491184364398,
        0.4647915363311763
      ],
      [
        -0.6399881510382015,
        1.1224491184364398,
        0.4647915363311763
      ],
      [
        -0.6399881510382015,
        1.1224491184364398,
        0.4647915363311763
      ]
    ],
    "color": [
      108,
      147,
      125
    ]
  },
  "images": {
    "start": "images/start.png",
    "target": "images/target.png",
    "context": [
      "images/context_0.png",
      "images/context_1.png",
      "images/context_2.png",
      "images/context_3.png",
      "images/context_4.png"
    ],
    "renders": {
      "iperceive": "images/render_iperceive.png",
      "nbv_l": "images/render_nbv_l.png",
      "vln": "images/render_vln.png",
      "vlm": "images/render_vlm.png"
    }
  }
}