{
  "dataset": "replica",
  "data_name": "apartment_2_20260502_100935_897315",
  "instruction": "Look closely at the vase next to the sofa",
  "target_2d_coord": null,
  "fov_rad": 1.0471975667402222,
  "gt_cameras": [
    {
      "label": "start",
      "pose": [
        [
          0.18308989596586855,
          0.18450429145565622,
          -0.9656273900577044,
          6.224796102270633
        ],
        [
          0.9830961753537686,
          -0.034361715948814785,
          0.17983654378864591,
          0.40691637135870884
        ],
        [
          1.3631191302340709e-17,
          -0.982230848075695,
          -0.18767674626468983,
          -0.16107261180877747
        ],
        [
          0.0,
          0.0,
          0.0,
          1.0
        ]
      ],
      "color": [
        0,
        0,
        0
      ],
      "visible": false
    },
    {
      "label": "context_0",
      "pose": [
        [
          0.40895979176548397,
          0.1172087131832551,
          -0.9049939379095554,
          6.32311545590874
        ],
        [
          0.9125524294938906,
          -0.05252701058382138,
          0.40557246112371304,
          -0.8112325256323387
        ],
        [
          1.2971182530852055e-09,
          -0.9917171891022787,
          -0.12844053227830585,
          -0.1610726127986149
        ],
        [
          0.0,
          0.0,
          0.0,
          1.0
        ]
      ],
      "color": [
        0,
        0,
        0
      ],
      "visible": false
    },
    {
      "label": "context_1",
      "pose": [
        [
          0.7963968904464548,
          0.11112506236459987,
          -0.5944772351104306,
          3.673559732813824
        ],
        [
          0.6047743071894434,
          -0.14633501490925724,
          0.7828372335556981,
          -0.8842253526067894
        ],
        [
          2.2548359013274677e-10,
          -0.9829737125146025,
          -0.18374633382815495,
          -0.16107260603560664
        ],
        [
          0.0,
          0.0,
          0.0,
          1.0
        ]
      ],
      "color": [
        0,
        0,
        0
      ],
      "visible": false
    },
    {
      "label": "context_2",
      "pose": [
        [
          -0.5477907285684886,
          -0.17177852227048757,
          0.8187902603092405,
          1.392879977111214
        ],
        [
          -0.8366153835099618,
          0.11247543518123948,
          -0.5361193503358945,
          1.1995080298194731
        ],
        [
          5.345368592202249e-09,
          -0.9786937076912177,
          -0.20532554279342477,
          -0.16107254275347693
        ],
        [
          0.0,
          0.0,
          0.0,
          1.0
        ]
      ],
      "color": [
        0,
        0,
        0
      ],
      "visible": false
    },
    {
      "label": "target",
      "pose": [
        [
          -0.820729163504527,
          0.3397183581157163,
          -0.4593420518027378,
          2.7755651518024522
        ],
        [
          0.571317474121176,
          0.4880242180924032,
          -0.6598702548091204,
          -0.39065248579701045
        ],
        [
          -2.177590663343665e-09,
          -0.8040048750390302,
          -0.594622738215556,
          -0.40367262748351446
        ],
        [
          0.0,
          0.0,
          0.0,
          1.0
        ]
      ],
      "color": [
        144,
        238,
        144
      ],
      "visible": true
    }
  ],
  "algorithms": [
    {
      "key": "iperceive",
      "paper_name": "I-Perceive (Ours)",
      "color": [
        255,
        102,
        31
      ],
      "pose": [
        [
          -0.5138383647585768,
          0.45393007710357336,
          -0.7279544349194059,
          3.8183102621685516
        ],
        [
          0.8577863088366283,
          0.2588513297822762,
          -0.44407048587364384,
          -0.055022509708811396
        ],
        [
          -0.013144978288558096,
          -0.8526098254608669,
          -0.522382750218945,
          -0.48474329570698343
        ],
        [
          0.0,
          0.0,
          0.0,
          1.0
        ]
      ],
      "metrics": {
        "coverage_iou": 0.39431818181818185,
        "trans_error": 1.0984247400202083,
        "rot_error": 0.4324819809159975,
        "soft_f1": 0.7159302887822167
      }
    },
    {
      "key": "nbv_l",
      "paper_name": "NBV+L",
      "color": [
        30,
        85,
        230
      ],
      "pose": [
        [
          -1.0,
          0.0,
          0.0,
          2.2413662913728576
        ],
        [
          0.0,
          0.17067841774864131,
          -1.0187522642048954,
          -0.9002820917152737
        ],
        [
          0.0,
          -0.984807753012208,
          -0.1736481776669303,
          -0.9700236468399617
        ],
        [
          0.0,
          0.0,
          0.0,
          1.0
        ]
      ],
      "metrics": {
        "coverage_iou": 0.05691768826619965,
        "trans_error": 0.9305076315142046,
        "rot_error": 0.744160187721863,
        "soft_f1": 0.28141459744168545
      }
    },
    {
      "key": "vln",
      "paper_name": "VLN+P",
      "color": [
        20,
        107,
        58
      ],
      "pose": [
        [
          -0.332987586594192,
          0.291381768479145,
          -0.8967808718812758,
          6.224796102270634
        ],
        [
          0.9429312102026186,
          0.10289882317350474,
          -0.316690014075803,
          0.4069163713587087
        ],
        [
          0.0,
          -0.9510565162951534,
          -0.30901699437494734,
          -0.1610726118087773
        ],
        [
          0.0,
          0.0,
          0.0,
          1.0
        ]
      ],
      "metrics": {
        "coverage_iou": 0.09812462189957653,
        "trans_error": 3.548543883394993,
        "rot_error": 0.6993538521584703,
        "soft_f1": 0.247054895071236
      }
    },
    {
      "key": "vlm",
      "paper_name": "VLM",
      "color": [
        0,
        200,
        209
      ],
      "pose": [
        [
          -0.5166737430488874,
          0.26721570613747087,
          -0.813415029143982,
          4.754434453873794
        ],
        [
          0.856182365646392,
          0.16125459321655725,
          -0.49086526962366195,
          0.0887778937690355
        ],
        [
          0.0,
          -0.9500488000939822,
          -0.3121013896796753,
          -0.36030583605057515
        ],
        [
          0.0,
          0.0,
          0.0,
          1.0
        ]
      ],
      "metrics": {
        "coverage_iou": 0.20830629461388708,
        "trans_error": 2.0365797640936973,
        "rot_error": 0.5259997144739378,
        "soft_f1": 0.4632531036752047
      }
    }
  ],
  "vln_trajectory": {
    "points": [
      [
        6.224796102270634,
        0.4069163713587087,
        -0.1610726118087773
      ],
      [
        6.224796102270634,
        0.4069163713587087,
        -0.1610726118087773
      ],
      [
        6.224796102270634,
        0.4069163713587087,
        -0.1610726118087773
      ],
      [
        6.224796102270634,
        0.4069163713587087,
        -0.1610726118087773
      ],
      [
        6.224796102270634,
        0.4069163713587087,
        -0.1610726118087773
      ],
      [
        6.224796102270634,
        0.4069163713587087,
        -0.1610726118087773
      ],
      [
        6.224796102270634,
        0.4069163713587087,
        -0.1610726118087773
      ],
      [
        6.224796102270634,
        0.4069163713587087,
        -0.1610726118087773
      ],
      [
        6.224796102270634,
        0.4069163713587087,
        -0.1610726118087773
      ],
      [
        6.224796102270634,
        0.4069163713587087,
        -0.1610726118087773
      ],
      [
        6.224796102270634,
        0.4069163713587087,
        -0.1610726118087773
      ],
      [
        6.224796102270634,
        0.4069163713587087,
        -0.1610726118087773
      ],
      [
        6.224796102270634,
        0.4069163713587087,
        -0.1610726118087773
      ],
      [
        6.224796102270634,
        0.4069163713587087,
        -0.1610726118087773
      ],
      [
        6.224796102270634,
        0.4069163713587087,
        -0.1610726118087773
      ],
      [
        6.224796102270634,
        0.4069163713587087,
        -0.1610726118087773
      ],
      [
        6.224796102270634,
        0.4069163713587087,
        -0.1610726118087773
      ],
      [
        6.224796102270634,
        0.4069163713587087,
        -0.1610726118087773
      ],
      [
        6.224796102270634,
        0.4069163713587087,
        -0.1610726118087773
      ],
      [
        6.224796102270634,
        0.4069163713587087,
        -0.1610726118087773
      ],
      [
        6.224796102270634,
        0.4069163713587087,
        -0.1610726118087773
      ]
    ],
    "color": [
      108,
      147,
      125
    ]
  },
  "images": {
    "start": "images/start.png",
    "target": "images/target.png",
    "context": [
      "images/context_0.png",
      "images/context_1.png",
      "images/context_2.png"
    ],
    "renders": {
      "iperceive": "images/render_iperceive.png",
      "nbv_l": "images/render_nbv_l.png",
      "vln": "images/render_vln.png",
      "vlm": "images/render_vlm.png"
    }
  }
}