{
  "dataset": "replica",
  "data_name": "apartment_1_20260502_085134_172222",
  "instruction": "Prepare to open one of the drawers in the bottom row",
  "target_2d_coord": null,
  "fov_rad": 1.0471975667402222,
  "gt_cameras": [
    {
      "label": "start",
      "pose": [
        [
          -0.2643928231986754,
          -0.15364888002824836,
          0.9520968735938058,
          3.9099791837837596
        ],
        [
          -0.9644150740428286,
          0.04212259043369026,
          -0.2610158085904406,
          6.273029896894712
        ],
        [
          -1.3700530751589768e-17,
          -0.987227283375627,
          -0.15931820661424567,
          -0.3001371622085573
        ],
        [
          0.0,
          0.0,
          0.0,
          1.0
        ]
      ],
      "color": [
        0,
        0,
        0
      ],
      "visible": false
    },
    {
      "label": "context_0",
      "pose": [
        [
          0.38830939488184046,
          -0.2064971993657689,
          0.8980950584726771,
          3.123102362136522
        ],
        [
          -0.9215290654171558,
          -0.08701277699193469,
          0.3784349128720515,
          3.3392852369181134
        ],
        [
          8.259564143742182e-10,
          -0.9745705330117179,
          -0.22408104730668543,
          -0.30013716846564065
        ],
        [
          0.0,
          0.0,
          0.0,
          1.0
        ]
      ],
      "color": [
        0,
        0,
        0
      ],
      "visible": false
    },
    {
      "label": "context_1",
      "pose": [
        [
          0.5352437876010272,
          0.1958603215160627,
          -0.8216768315572602,
          7.174385933568552
        ],
        [
          0.8446976287371092,
          -0.12410715144483796,
          0.5206566109771957,
          3.401473194155492
        ],
        [
          -1.3040711011047534e-09,
          -0.9727466838196187,
          -0.23187033450280867,
          -0.3001372774586415
        ],
        [
          0.0,
          0.0,
          0.0,
          1.0
        ]
      ],
      "color": [
        0,
        0,
        0
      ],
      "visible": false
    },
    {
      "label": "context_2",
      "pose": [
        [
          0.9399301784251769,
          -0.0758282972409752,
          0.3328382992000045,
          2.288041999971555
        ],
        [
          -0.34136675256593063,
          -0.208788066634856,
          0.9164476521483097,
          0.9412458706805094
        ],
        [
          -3.3900400264741393e-09,
          -0.9750167261829912,
          -0.2221314527397204,
          -0.30013727207696217
        ],
        [
          0.0,
          0.0,
          0.0,
          1.0
        ]
      ],
      "color": [
        0,
        0,
        0
      ],
      "visible": false
    },
    {
      "label": "context_3",
      "pose": [
        [
          -0.8684257463823227,
          0.15596817073335623,
          -0.47064920065567656,
          7.00507793708524
        ],
        [
          0.4958192595036083,
          0.27317769653516555,
          -0.8243404586721326,
          6.482166107417851
        ],
        [
          -8.972700915599319e-10,
          -0.9492354307087382,
          -0.31456656064342065,
          -0.30013713751374255
        ],
        [
          0.0,
          0.0,
          0.0,
          1.0
        ]
      ],
      "color": [
        0,
        0,
        0
      ],
      "visible": false
    },
    {
      "label": "target",
      "pose": [
        [
          -0.001574292471972355,
          -0.7565352308373754,
          0.6539510381308771,
          6.839814706694144
        ],
        [
          -0.9999987728256713,
          0.0011910112072032186,
          -0.0010295182567048033,
          4.898766688876634
        ],
        [
          1.0640118418281386e-08,
          -0.6539518789010981,
          -0.7565361717334126,
          -0.42113713322867014
        ],
        [
          0.0,
          0.0,
          0.0,
          1.0
        ]
      ],
      "color": [
        144,
        238,
        144
      ],
      "visible": true
    }
  ],
  "algorithms": [
    {
      "key": "iperceive",
      "paper_name": "I-Perceive (Ours)",
      "color": [
        255,
        102,
        31
      ],
      "pose": [
        [
          -0.25087521736159424,
          -0.4361194180974617,
          0.8642115543011041,
          6.658320806588213
        ],
        [
          -0.9680037394066483,
          0.10793429464376139,
          -0.22653703467909467,
          5.262749183953131
        ],
        [
          0.005519133605375032,
          -0.8933923910655911,
          -0.44924324556447354,
          -0.6526941503491934
        ],
        [
          0.0,
          0.0,
          0.0,
          1.0
        ]
      ],
      "metrics": {
        "coverage_iou": 0.5228377065111759,
        "trans_error": 0.4680190790238669,
        "rot_error": 0.4646517149793133,
        "soft_f1": 0.8626904927670767
      }
    },
    {
      "key": "nbv_l",
      "paper_name": "NBV+L",
      "color": [
        30,
        85,
        230
      ],
      "pose": [
        [
          -1.0,
          0.0,
          0.0,
          6.606190724092361
        ],
        [
          0.0,
          0.15287274402511203,
          -1.0215758524172414,
          5.788367386018766
        ],
        [
          0.0,
          -0.9876883405951375,
          -0.15643446504023079,
          -1.634718672611232
        ],
        [
          0.0,
          0.0,
          0.0,
          1.0
        ]
      ],
      "metrics": {
        "coverage_iou": 0.04019014693171997,
        "trans_error": 1.522744058536128,
        "rot_error": 1.6875327688449249,
        "soft_f1": 0.13214411231109718
      }
    },
    {
      "key": "vln",
      "paper_name": "VLN+P",
      "color": [
        20,
        107,
        58
      ],
      "pose": [
        [
          0.9644150740428281,
          -0.11173723535694041,
          0.23962127450156398,
          3.9099791837837605
        ],
        [
          -0.26439282319867563,
          -0.4075794221885081,
          0.8740568915405424,
          6.2730298968947125
        ],
        [
          0.0,
          -0.9063077870366503,
          -0.4226182617406994,
          -0.30013716220855735
        ],
        [
          0.0,
          0.0,
          0.0,
          1.0
        ]
      ],
      "metrics": {
        "coverage_iou": 0.0,
        "trans_error": 3.2383910046428364,
        "rot_error": 1.361711064137836,
        "soft_f1": 0.0
      }
    },
    {
      "key": "vlm",
      "paper_name": "VLM",
      "color": [
        0,
        200,
        209
      ],
      "pose": [
        [
          -0.613612451972557,
          -0.5055037510706394,
          0.6065852919728103,
          5.565463403645949
        ],
        [
          -0.7896073446873618,
          0.3928324606689095,
          -0.47138402503753074,
          5.777275859979243
        ],
        [
          0.0,
          -0.7682113091450313,
          -0.6401963640178514,
          -0.5789440237834873
        ],
        [
          0.0,
          0.0,
          0.0,
          1.0
        ]
      ],
      "metrics": {
        "coverage_iou": 0.2835203780271707,
        "trans_error": 1.5558446077895847,
        "rot_error": 0.6782539136673946,
        "soft_f1": 0.5879001936880484
      }
    }
  ],
  "vln_trajectory": {
    "points": [
      [
        3.9099791837837605,
        6.2730298968947125,
        -0.30013716220855735
      ],
      [
        3.9099791837837605,
        6.2730298968947125,
        -0.30013716220855735
      ],
      [
        3.9099791837837605,
        6.2730298968947125,
        -0.30013716220855735
      ],
      [
        3.9099791837837605,
        6.2730298968947125,
        -0.30013716220855735
      ],
      [
        3.9099791837837605,
        6.2730298968947125,
        -0.30013716220855735
      ],
      [
        3.9099791837837605,
        6.2730298968947125,
        -0.30013716220855735
      ],
      [
        3.9099791837837605,
        6.2730298968947125,
        -0.30013716220855735
      ],
      [
        3.9099791837837605,
        6.2730298968947125,
        -0.30013716220855735
      ],
      [
        3.9099791837837605,
        6.2730298968947125,
        -0.30013716220855735
      ],
      [
        3.9099791837837605,
        6.2730298968947125,
        -0.30013716220855735
      ]
    ],
    "color": [
      108,
      147,
      125
    ]
  },
  "images": {
    "start": "images/start.png",
    "target": "images/target.png",
    "context": [
      "images/context_0.png",
      "images/context_1.png",
      "images/context_2.png",
      "images/context_3.png"
    ],
    "renders": {
      "iperceive": "images/render_iperceive.png",
      "nbv_l": "images/render_nbv_l.png",
      "vln": "images/render_vln.png",
      "vlm": "images/render_vlm.png"
    }
  }
}