{
  "dataset": "replica",
  "data_name": "apartment_1_20260502_095227_044617",
  "instruction": "Inspect the window blinds next to the plant",
  "target_2d_coord": null,
  "fov_rad": 1.0471975667402222,
  "gt_cameras": [
    {
      "label": "start",
      "pose": [
        [
          -0.9186934114300771,
          0.06635357963015723,
          -0.38935795646837956,
          1.1923075129264995
        ],
        [
          0.3949714113641242,
          0.15433673090538869,
          -0.9056366587646894,
          5.994805975277888
        ],
        [
          9.325646078696249e-18,
          -0.9857876931488352,
          -0.16799590482002222,
          -0.3001371622085574
        ],
        [
          0.0,
          0.0,
          0.0,
          1.0
        ]
      ],
      "color": [
        0,
        0,
        0
      ],
      "visible": false
    },
    {
      "label": "context_0",
      "pose": [
        [
          -0.5453721851051905,
          -0.15401508379837156,
          0.8239226758763841,
          -2.3154077575903766
        ],
        [
          -0.838194030293147,
          0.1002101431662129,
          -0.5360865065337702,
          5.488273366166987
        ],
        [
          -5.183801332631077e-09,
          -0.9829737001703616,
          -0.18374633579935284,
          -0.30013714856534723
        ],
        [
          0.0,
          0.0,
          0.0,
          1.0
        ]
      ],
      "color": [
        0,
        0,
        0
      ],
      "visible": false
    },
    {
      "label": "context_1",
      "pose": [
        [
          -0.7712693860767875,
          -0.1257038226141689,
          0.6239728236765728,
          -0.3544835648254767
        ],
        [
          -0.6365088418447054,
          0.15231761469868246,
          -0.7560792519222468,
          3.8525670686035705
        ],
        [
          6.684136577561617e-10,
          -0.9803050051560955,
          -0.1974895043011663,
          -0.3001371654082335
        ],
        [
          0.0,
          0.0,
          0.0,
          1.0
        ]
      ],
      "color": [
        0,
        0,
        0
      ],
      "visible": false
    },
    {
      "label": "context_2",
      "pose": [
        [
          0.6466926931701857,
          0.15362494639008512,
          -0.7471197537183982,
          0.6030272057158519
        ],
        [
          0.762750631053549,
          -0.13024982044773875,
          0.6334401641761136,
          0.33508641624190627
        ],
        [
          5.397127300632576e-09,
          -0.9795071940798621,
          -0.20140913051339898,
          -0.3001372123405296
        ],
        [
          0.0,
          0.0,
          0.0,
          1.0
        ]
      ],
      "color": [
        0,
        0,
        0
      ],
      "visible": false
    },
    {
      "label": "target",
      "pose": [
        [
          0.4396782440518288,
          -0.19705899861022613,
          -0.8762709805991438,
          -0.471879612508719
        ],
        [
          0.8981553480590528,
          0.09646722515411629,
          0.42896508834444247,
          -0.25534986148324457
        ],
        [
          -2.281162841955009e-09,
          -0.975634077257391,
          0.21940413649550572,
          -0.30013714406191117
        ],
        [
          0.0,
          0.0,
          0.0,
          1.0
        ]
      ],
      "color": [
        144,
        238,
        144
      ],
      "visible": true
    }
  ],
  "algorithms": [
    {
      "key": "iperceive",
      "paper_name": "I-Perceive (Ours)",
      "color": [
        255,
        102,
        31
      ],
      "pose": [
        [
          -0.5284050489365286,
          0.008470412936820874,
          -0.84895011849009,
          -0.2670083674104755
        ],
        [
          0.8486141416512167,
          0.03511763116474079,
          -0.5278455257567811,
          2.9867168757739417
        ],
        [
          0.025342058959787694,
          -0.9993472914988243,
          -0.025744444748596676,
          -0.2745721596297108
        ],
        [
          0.0,
          0.0,
          0.0,
          1.0
        ]
      ],
      "metrics": {
        "coverage_iou": 0.5116328257191202,
        "trans_error": 3.2486340759151866,
        "rot_error": 1.0365357945305547,
        "soft_f1": 0.7752348986190256
      }
    },
    {
      "key": "nbv_l",
      "paper_name": "NBV+L",
      "color": [
        30,
        85,
        230
      ],
      "pose": [
        [
          0.7071067811865478,
          0.0,
          -0.7071067811865472,
          -1.693142876644929
        ],
        [
          0.7071067811865472,
          0.0,
          0.7071067811865478,
          1.6836473274272357
        ],
        [
          0.0,
          -1.0,
          0.0,
          -0.12211324194677708
        ],
        [
          0.0,
          0.0,
          0.0,
          1.0
        ]
      ],
      "metrics": {
        "coverage_iou": 0.06231060606060606,
        "trans_error": 2.29845315811691,
        "rot_error": 0.39684955037516967,
        "soft_f1": 0.1603299875114651
      }
    },
    {
      "key": "vln",
      "paper_name": "VLN+P",
      "color": [
        20,
        107,
        58
      ],
      "pose": [
        [
          0.3703273777032165,
          0.0,
          0.9289013044040031,
          1.1923075129264993
        ],
        [
          -0.9289013044040031,
          0.0,
          0.3703273777032165,
          5.994805975277887
        ],
        [
          0.0,
          -0.9999999999999999,
          0.0,
          -0.30013716220855735
        ],
        [
          0.0,
          0.0,
          0.0,
          1.0
        ]
      ],
      "metrics": {
        "coverage_iou": 0.0,
        "trans_error": 6.467918407435934,
        "rot_error": 2.312405311473939,
        "soft_f1": 0.0
      }
    },
    {
      "key": "vlm",
      "paper_name": "VLM",
      "color": [
        0,
        200,
        209
      ],
      "pose": [
        [
          -0.6023999510221927,
          -0.17450595385424533,
          -0.7788850820742942,
          0.8436611080543395
        ],
        [
          0.798194399259015,
          -0.13170022008731994,
          -0.5878271455287614,
          4.727796698412213
        ],
        [
          0.0,
          -0.975808753854141,
          0.21862588113402429,
          -0.4001497200291501
        ],
        [
          0.0,
          0.0,
          0.0,
          1.0
        ]
      ],
      "metrics": {
        "coverage_iou": 0.27097919337343457,
        "trans_error": 5.154842474112408,
        "rot_error": 1.1017450987281352,
        "soft_f1": 0.5093150609377775
      }
    }
  ],
  "vln_trajectory": {
    "points": [
      [
        1.1923075129264993,
        5.994805975277887,
        -0.30013716220855735
      ],
      [
        1.1923075129264993,
        5.994805975277887,
        -0.30013716220855735
      ],
      [
        1.1923075129264993,
        5.994805975277887,
        -0.30013716220855735
      ],
      [
        1.1923075129264993,
        5.994805975277887,
        -0.30013716220855735
      ],
      [
        1.1923075129264993,
        5.994805975277887,
        -0.30013716220855735
      ],
      [
        1.1923075129264993,
        5.994805975277887,
        -0.30013716220855735
      ],
      [
        1.1923075129264993,
        5.994805975277887,
        -0.30013716220855735
      ],
      [
        1.1923075129264993,
        5.994805975277887,
        -0.30013716220855735
      ],
      [
        1.1923075129264993,
        5.994805975277887,
        -0.30013716220855735
      ],
      [
        1.1923075129264993,
        5.994805975277887,
        -0.30013716220855735
      ],
      [
        1.1923075129264993,
        5.994805975277887,
        -0.30013716220855735
      ],
      [
        1.1923075129264993,
        5.994805975277887,
        -0.30013716220855735
      ],
      [
        1.1923075129264993,
        5.994805975277887,
        -0.30013716220855735
      ],
      [
        1.1923075129264993,
        5.994805975277887,
        -0.30013716220855735
      ],
      [
        1.1923075129264993,
        5.994805975277887,
        -0.30013716220855735
      ],
      [
        1.1923075129264993,
        5.994805975277887,
        -0.30013716220855735
      ],
      [
        1.1923075129264993,
        5.994805975277887,
        -0.30013716220855735
      ]
    ],
    "color": [
      108,
      147,
      125
    ]
  },
  "images": {
    "start": "images/start.png",
    "target": "images/target.png",
    "context": [
      "images/context_0.png",
      "images/context_1.png",
      "images/context_2.png"
    ],
    "renders": {
      "iperceive": "images/render_iperceive.png",
      "nbv_l": "images/render_nbv_l.png",
      "vln": "images/render_vln.png",
      "vlm": "images/render_vlm.png"
    }
  }
}