{
  "dataset": "replica",
  "data_name": "apartment_0_20260501_092751_148708",
  "instruction": "Look at the mirror on the mantelpiece closely",
  "target_2d_coord": null,
  "fov_rad": 1.0471975667402222,
  "gt_cameras": [
    {
      "label": "start",
      "pose": [
        [
          0.485442986911493,
          0.1924972570703214,
          -0.8528129410831256,
          3.6422976855644653
        ],
        [
          0.8742683263497815,
          -0.10688531269872384,
          0.47352974929865604,
          -8.45064681390232
        ],
        [
          1.3537213564918907e-17,
          -0.975459038581169,
          -0.220180980219231,
          0.20423539018630749
        ],
        [
          0.0,
          0.0,
          0.0,
          1.0
        ]
      ],
      "color": [
        0,
        0,
        0
      ],
      "visible": false
    },
    {
      "label": "context_0",
      "pose": [
        [
          0.24810425580780737,
          -0.20951510779488583,
          0.9458053230317534,
          -1.3498741211085297
        ],
        [
          -0.9687333057143899,
          -0.053659353476318644,
          0.24223214211427835,
          -8.1836175726602
        ],
        [
          -2.4718901370235358e-09,
          -0.9763319319742794,
          -0.2162773893420811,
          0.20423545904228796
        ],
        [
          0.0,
          0.0,
          0.0,
          1.0
        ]
      ],
      "color": [
        0,
        0,
        0
      ],
      "visible": false
    },
    {
      "label": "context_1",
      "pose": [
        [
          0.7661762980619349,
          0.1150498495970815,
          -0.6322479069738589,
          1.2166049132212815
        ],
        [
          0.6426304089050728,
          -0.13716821428309528,
          0.7537977265675209,
          -7.208369572093505
        ],
        [
          2.4047937391413754e-09,
          -0.9838436774907258,
          -0.17902957625605498,
          0.20423537126708607
        ],
        [
          0.0,
          0.0,
          0.0,
          1.0
        ]
      ],
      "color": [
        0,
        0,
        0
      ],
      "visible": false
    },
    {
      "label": "context_2",
      "pose": [
        [
          -0.7454949495808145,
          -0.18931264193189903,
          0.6390602466858909,
          -1.684403314557104
        ],
        [
          -0.6665112778538368,
          0.21174677550998613,
          -0.7147908797029685,
          -2.1562103578753486
        ],
        [
          8.419941133208653e-10,
          -0.9588138818687543,
          -0.2840351791719943,
          0.20423547876186526
        ],
        [
          0.0,
          0.0,
          0.0,
          1.0
        ]
      ],
      "color": [
        0,
        0,
        0
      ],
      "visible": false
    },
    {
      "label": "target",
      "pose": [
        [
          -0.22243905358248123,
          -0.3580031581400299,
          -0.9068376841706742,
          -0.9338198546536325
        ],
        [
          0.9749465668302494,
          -0.08168026143888008,
          -0.20689968426633815,
          -7.738674338110135
        ],
        [
          8.525627176458883e-09,
          -0.9301408887751652,
          0.36720286028149174,
          -0.07476451429999803
        ],
        [
          0.0,
          0.0,
          0.0,
          1.0
        ]
      ],
      "color": [
        144,
        238,
        144
      ],
      "visible": true
    }
  ],
  "algorithms": [
    {
      "key": "iperceive",
      "paper_name": "I-Perceive (Ours)",
      "color": [
        255,
        102,
        31
      ],
      "pose": [
        [
          -0.11277518262318542,
          0.010225874915556488,
          -0.9935679168315612,
          -0.31125308734130863
        ],
        [
          0.9932857681498204,
          0.027114303063175596,
          -0.11246407876889286,
          -7.442921033139008
        ],
        [
          0.0257898446762269,
          -0.9995799671144088,
          -0.013215052407046818,
          0.2940334935082192
        ],
        [
          0.0,
          0.0,
          0.0,
          1.0
        ]
      ],
      "metrics": {
        "coverage_iou": 0.45616818722729074,
        "trans_error": 0.7817105546413603,
        "rot_error": 0.4068019793213483,
        "soft_f1": 0.733404942647443
      }
    },
    {
      "key": "nbv_l",
      "paper_name": "NBV+L",
      "color": [
        30,
        85,
        230
      ],
      "pose": [
        [
          -0.13917310096006544,
          0.17195824553872419,
          -0.9752236716571246,
          -1.8018959809035364
        ],
        [
          0.9902680687415704,
          0.024167155361971074,
          -0.1370587488362232,
          -8.08283696929721
        ],
        [
          0.0,
          -0.984807753012208,
          -0.17364817766693033,
          0.5037815926278895
        ],
        [
          0.0,
          0.0,
          0.0,
          1.0
        ]
      ],
      "metrics": {
        "coverage_iou": 0.12649164677804295,
        "trans_error": 1.0985080090422363,
        "rot_error": 0.5568452783625633,
        "soft_f1": 0.33110814419225637
      }
    },
    {
      "key": "vln",
      "paper_name": "VLN+P",
      "color": [
        20,
        107,
        58
      ],
      "pose": [
        [
          0.9614610900631129,
          0.0,
          -0.2749410342139761,
          3.401932413048687
        ],
        [
          0.2749410342139761,
          0.0,
          0.9614610900631129,
          -8.519382072455814
        ],
        [
          0.0,
          -1.0,
          0.0,
          0.20423539018630749
        ],
        [
          0.0,
          0.0,
          0.0,
          1.0
        ]
      ],
      "metrics": {
        "coverage_iou": 0.0,
        "trans_error": 4.414305512345372,
        "rot_error": 1.55343141112094,
        "soft_f1": 0.0
      }
    },
    {
      "key": "vlm",
      "paper_name": "VLM",
      "color": [
        0,
        200,
        209
      ],
      "pose": [
        [
          -0.14479245210358657,
          -0.23577622493582195,
          -0.9609603100902988,
          1.7586181130981076
        ],
        [
          0.9894620486980946,
          -0.03450220026235777,
          -0.14062166391856404,
          -8.094159752897657
        ],
        [
          0.0,
          -0.9711947126771587,
          0.23828728473825697,
          0.09175312629435955
        ],
        [
          0.0,
          0.0,
          0.0,
          1.0
        ]
      ],
      "metrics": {
        "coverage_iou": 0.17621278525011336,
        "trans_error": 2.7209042895926734,
        "rot_error": 0.15673555341049195,
        "soft_f1": 0.3655241431073305
      }
    }
  ],
  "vln_trajectory": {
    "points": [
      [
        3.6422976855644653,
        -8.45064681390232,
        0.20423539018630749
      ],
      [
        3.6422976855644653,
        -8.45064681390232,
        0.20423539018630749
      ],
      [
        3.6422976855644653,
        -8.45064681390232,
        0.20423539018630749
      ],
      [
        3.6422976855644653,
        -8.45064681390232,
        0.20423539018630749
      ],
      [
        3.6422976855644653,
        -8.45064681390232,
        0.20423539018630749
      ],
      [
        3.6422976855644653,
        -8.45064681390232,
        0.20423539018630749
      ],
      [
        3.6422976855644653,
        -8.45064681390232,
        0.20423539018630749
      ],
      [
        3.6422976855644653,
        -8.45064681390232,
        0.20423539018630749
      ],
      [
        3.6422976855644653,
        -8.45064681390232,
        0.20423539018630749
      ],
      [
        3.6422976855644653,
        -8.45064681390232,
        0.20423539018630749
      ],
      [
        3.6422976855644653,
        -8.45064681390232,
        0.20423539018630749
      ],
      [
        3.6422976855644653,
        -8.45064681390232,
        0.20423539018630749
      ],
      [
        3.6422976855644653,
        -8.45064681390232,
        0.20423539018630749
      ],
      [
        3.6422976855644653,
        -8.45064681390232,
        0.20423539018630749
      ],
      [
        3.401932413048687,
        -8.519382072455814,
        0.20423539018630749
      ],
      [
        3.401932413048687,
        -8.519382072455814,
        0.20423539018630749
      ],
      [
        3.401932413048687,
        -8.519382072455814,
        0.20423539018630749
      ],
      [
        3.401932413048687,
        -8.519382072455814,
        0.20423539018630749
      ],
      [
        3.401932413048687,
        -8.519382072455814,
        0.20423539018630749
      ],
      [
        3.401932413048687,
        -8.519382072455814,
        0.20423539018630749
      ],
      [
        3.401932413048687,
        -8.519382072455814,
        0.20423539018630749
      ]
    ],
    "color": [
      108,
      147,
      125
    ]
  },
  "images": {
    "start": "images/start.png",
    "target": "images/target.png",
    "context": [
      "images/context_0.png",
      "images/context_1.png",
      "images/context_2.png"
    ],
    "renders": {
      "iperceive": "images/render_iperceive.png",
      "nbv_l": "images/render_nbv_l.png",
      "vln": "images/render_vln.png",
      "vlm": "images/render_vlm.png"
    }
  }
}