{
  "dataset": "replica",
  "data_name": "frl_apartment_3_20260504_072720_262056",
  "instruction": "Look at the pillows on the sofa",
  "target_2d_coord": null,
  "fov_rad": 1.0471975667402222,
  "gt_cameras": [
    {
      "label": "start",
      "pose": [
        [
          -0.0908545266624441,
          -0.12000439099739879,
          0.9886073037997882,
          2.809047514665748
        ],
        [
          -0.9958641749681245,
          0.01094822207238501,
          -0.09019246891237921,
          4.417859142857018
        ],
        [
          6.838559515207728e-18,
          -0.9927129910375895,
          -0.12050276936735861,
          0.002254486083984263
        ],
        [
          0.0,
          0.0,
          0.0,
          1.0
        ]
      ],
      "color": [
        0,
        0,
        0
      ],
      "visible": false
    },
    {
      "label": "context_0",
      "pose": [
        [
          -0.9997539759363551,
          0.0020112683199233483,
          -0.02209046637284516,
          2.256100964839702
        ],
        [
          0.022181839636720685,
          0.09064931896610881,
          -0.9956358369823036,
          4.861046861139584
        ],
        [
          2.013801292388706e-09,
          -0.9958808493983576,
          -0.09067162373363556,
          0.0022544866136358505
        ],
        [
          0.0,
          0.0,
          0.0,
          1.0
        ]
      ],
      "color": [
        0,
        0,
        0
      ],
      "visible": false
    },
    {
      "label": "context_1",
      "pose": [
        [
          -0.33817783653304734,
          -0.1580979596520263,
          0.9277072500628142,
          1.2790934414426676
        ],
        [
          -0.9410822225799416,
          0.05681249331354159,
          -0.33337154708416855,
          4.372262151503102
        ],
        [
          -1.542634745638205e-09,
          -0.9857876995491942,
          -0.16799590185060614,
          0.002254493845547295
        ],
        [
          0.0,
          0.0,
          0.0,
          1.0
        ]
      ],
      "color": [
        0,
        0,
        0
      ],
      "visible": false
    },
    {
      "label": "context_2",
      "pose": [
        [
          -0.45699399235325533,
          0.1494272873793427,
          -0.8768283785462653,
          7.636627007525923
        ],
        [
          0.8894697995298586,
          0.07677311080079056,
          -0.4504990188168447,
          4.200752564444002
        ],
        [
          -1.7029941207225008e-09,
          -0.9857876804679091,
          -0.1679958914252932,
          0.0022544090131844108
        ],
        [
          0.0,
          0.0,
          0.0,
          1.0
        ]
      ],
      "color": [
        0,
        0,
        0
      ],
      "visible": false
    },
    {
      "label": "target",
      "pose": [
        [
          -0.916395331414719,
          -0.13000765249145513,
          0.3785731904053017,
          6.285294393540033
        ],
        [
          -0.4002744757775756,
          0.29764177564053107,
          -0.8667120057239602,
          3.8061327434292545
        ],
        [
          6.443233863118181e-09,
          -0.9457839794142457,
          -0.3247962708048419,
          -0.33754553043296803
        ],
        [
          0.0,
          0.0,
          0.0,
          1.0
        ]
      ],
      "color": [
        144,
        238,
        144
      ],
      "visible": true
    }
  ],
  "algorithms": [
    {
      "key": "iperceive",
      "paper_name": "I-Perceive (Ours)",
      "color": [
        255,
        102,
        31
      ],
      "pose": [
        [
          -0.6787561509345451,
          -0.38196236092597735,
          0.6272119708587087,
          5.637383290689259
        ],
        [
          -0.7343636413272335,
          0.3525877245784112,
          -0.5799930500482873,
          3.9190673130749434
        ],
        [
          0.0003882811975752659,
          -0.8542755145628933,
          -0.5198203812535526,
          -0.04237440876923071
        ],
        [
          0.0,
          0.0,
          0.0,
          1.0
        ]
      ],
      "metrics": {
        "coverage_iou": 0.44201457919151754,
        "trans_error": 0.7208806532239425,
        "rot_error": 0.4651737663481304,
        "soft_f1": 0.7002825208234482
      }
    },
    {
      "key": "nbv_l",
      "paper_name": "NBV+L",
      "color": [
        30,
        85,
        230
      ],
      "pose": [
        [
          -1.0,
          0.0,
          0.0,
          5.474088797539315
        ],
        [
          0.0,
          0.2588190451025207,
          -1.0,
          2.1769462369005863
        ],
        [
          0.0,
          -0.9659258262890683,
          -0.2588190451025207,
          -0.9395625136356935
        ],
        [
          0.0,
          0.0,
          0.0,
          1.0
        ]
      ],
      "metrics": {
        "coverage_iou": 0.0,
        "trans_error": 1.9169579255399345,
        "rot_error": 0.37941445821439534,
        "soft_f1": 0.0
      }
    },
    {
      "key": "vln",
      "paper_name": "VLN+P",
      "color": [
        20,
        107,
        58
      ],
      "pose": [
        [
          0.4192497593455746,
          0.0,
          0.9078709375724489,
          2.809047514665748
        ],
        [
          -0.9078709375724489,
          0.0,
          0.4192497593455746,
          4.417859142857018
        ],
        [
          0.0,
          -1.0,
          0.0,
          0.002254486083984153
        ],
        [
          0.0,
          0.0,
          0.0,
          1.0
        ]
      ],
      "metrics": {
        "coverage_iou": 0.0,
        "trans_error": 3.545978731542107,
        "rot_error": 1.6181591090813905,
        "soft_f1": 0.0
      }
    },
    {
      "key": "vlm",
      "paper_name": "VLM",
      "color": [
        0,
        200,
        209
      ],
      "pose": [
        [
          -0.6797903607601098,
          -0.21165489950487068,
          0.7022017295145484,
          5.027347043628836
        ],
        [
          -0.7334064803488172,
          0.19618174143024925,
          -0.6508668519073275,
          3.60210618187564
        ],
        [
          0.0,
          -0.9574523110029962,
          -0.2885915316758655,
          -0.27490188346094063
        ],
        [
          0.0,
          0.0,
          0.0,
          1.0
        ]
      ],
      "metrics": {
        "coverage_iou": 0.44944525853045847,
        "trans_error": 1.2759241646271533,
        "rot_error": 0.41323303402534733,
        "soft_f1": 0.7337815715825212
      }
    }
  ],
  "vln_trajectory": {
    "points": [
      [
        2.809047514665748,
        4.417859142857018,
        0.002254486083984153
      ],
      [
        2.809047514665748,
        4.417859142857018,
        0.002254486083984153
      ],
      [
        2.809047514665748,
        4.417859142857018,
        0.002254486083984153
      ],
      [
        2.809047514665748,
        4.417859142857018,
        0.002254486083984153
      ],
      [
        2.809047514665748,
        4.417859142857018,
        0.002254486083984153
      ],
      [
        2.809047514665748,
        4.417859142857018,
        0.002254486083984153
      ],
      [
        2.809047514665748,
        4.417859142857018,
        0.002254486083984153
      ],
      [
        2.809047514665748,
        4.417859142857018,
        0.002254486083984153
      ],
      [
        2.809047514665748,
        4.417859142857018,
        0.002254486083984153
      ],
      [
        2.809047514665748,
        4.417859142857018,
        0.002254486083984153
      ]
    ],
    "color": [
      108,
      147,
      125
    ]
  },
  "images": {
    "start": "images/start.png",
    "target": "images/target.png",
    "context": [
      "images/context_0.png",
      "images/context_1.png",
      "images/context_2.png"
    ],
    "renders": {
      "iperceive": "images/render_iperceive.png",
      "nbv_l": "images/render_nbv_l.png",
      "vln": "images/render_vln.png",
      "vlm": "images/render_vlm.png"
    }
  }
}