{
  "dataset": "hssd",
  "data_name": "20260504_082043_8fcc7f",
  "instruction": "Peek inside the sink from above",
  "target_2d_coord": null,
  "fov_rad": 0.8726646221409238,
  "gt_cameras": [
    {
      "label": "start",
      "pose": [
        [
          -0.951131978235919,
          -0.06140161199280283,
          0.3026182446940575,
          -4.117500926018308
        ],
        [
          -0.30878464984034937,
          0.18913192968557188,
          -0.9321379475144143,
          5.077787907931712
        ],
        [
          0.0,
          -0.9800300787313098,
          -0.1988493016882453,
          1.4704365125244374
        ],
        [
          0.0,
          0.0,
          0.0,
          1.0
        ]
      ],
      "color": [
        0,
        0,
        0
      ],
      "visible": false
    },
    {
      "label": "context_0",
      "pose": [
        [
          -0.9932750919814131,
          0.032899417373734884,
          -0.11100568384590753,
          -3.230467504334842
        ],
        [
          0.11577836144820203,
          0.2822476069800183,
          -0.9523295722944876,
          5.897517144969367
        ],
        [
          -3.171104295818239e-09,
          -0.9587773108808632,
          -0.284158543767063,
          1.710275870011016
        ],
        [
          0.0,
          0.0,
          0.0,
          1.0
        ]
      ],
      "color": [
        0,
        0,
        0
      ],
      "visible": false
    },
    {
      "label": "context_1",
      "pose": [
        [
          -0.923176850041712,
          0.2172955104997795,
          -0.3170602731338558,
          -3.5534561540944414
        ],
        [
          0.3843755153483901,
          0.5218911426145786,
          -0.7615018908607869,
          5.640013251150978
        ],
        [
          -1.992688153373834e-09,
          -0.8248710708184237,
          -0.5653208773380451,
          1.6862364617895689
        ],
        [
          0.0,
          0.0,
          0.0,
          1.0
        ]
      ],
      "color": [
        0,
        0,
        0
      ],
      "visible": false
    },
    {
      "label": "context_2",
      "pose": [
        [
          -0.9761930718295196,
          -0.0010891704618242667,
          -0.21690058795866723,
          -3.971214286227418
        ],
        [
          0.21690331926812062,
          -0.004901912909550277,
          -0.9761807914814618,
          4.033994867641692
        ],
        [
          3.760881425729501e-09,
          -0.9999873768153124,
          0.005021456824727238,
          1.2116817623943565
        ],
        [
          0.0,
          0.0,
          0.0,
          1.0
        ]
      ],
      "color": [
        0,
        0,
        0
      ],
      "visible": false
    },
    {
      "label": "target",
      "pose": [
        [
          -0.0036643732452798505,
          0.7544908324182221,
          -0.656300345760917,
          -4.747956425999832
        ],
        [
          0.9999932858993497,
          0.0027647465533217064,
          -0.002404937040532698,
          3.840036398731697
        ],
        [
          9.671696721280654e-09,
          -0.6563047519733985,
          -0.7544959161498812,
          1.601007049623827
        ],
        [
          0.0,
          0.0,
          0.0,
          1.0
        ]
      ],
      "color": [
        144,
        238,
        144
      ],
      "visible": true
    }
  ],
  "algorithms": [
    {
      "key": "iperceive",
      "paper_name": "I-Perceive (Ours)",
      "color": [
        255,
        102,
        31
      ],
      "pose": [
        [
          -0.5242359438899428,
          0.47313878235223583,
          -0.7080371133946513,
          -4.532237081010717
        ],
        [
          0.8512555969108683,
          0.31386440478541033,
          -0.4205392230738398,
          3.81091481934159
        ],
        [
          0.023254253979319822,
          -0.8231820968247798,
          -0.5673008919630462,
          1.2779441965808698
        ],
        [
          0.0,
          0.0,
          0.0,
          1.0
        ]
      ],
      "metrics": {
        "coverage_iou": 0.17444444444444446,
        "trans_error": 0.38955427983090485,
        "rot_error": 0.6050050792051757,
        "soft_f1": 0.43770003131366947
      }
    },
    {
      "key": "nbv_l",
      "paper_name": "NBV+L",
      "color": [
        30,
        85,
        230
      ],
      "pose": [
        [
          -0.7071067811865467,
          0.057444523754196716,
          -0.7281440624935048,
          -5.362345221531247
        ],
        [
          0.7071067811865483,
          0.05744452375419658,
          -0.728144062493503,
          3.6097893292499528
        ],
        [
          0.0,
          -0.9961946980917455,
          -0.087155742747658,
          1.0372408912230697
        ],
        [
          0.0,
          0.0,
          0.0,
          1.0
        ]
      ],
      "metrics": {
        "coverage_iou": 0.058823529411764705,
        "trans_error": 0.865054662135171,
        "rot_error": 1.0744728787457867,
        "soft_f1": 0.24407854186845115
      }
    },
    {
      "key": "vln",
      "paper_name": "VLN+P",
      "color": [
        20,
        107,
        58
      ],
      "pose": [
        [
          -0.30878464984034903,
          0.4755659891179595,
          -0.8237044555040536,
          -4.117500926018308
        ],
        [
          0.951131978235919,
          0.15439232492017452,
          -0.2674153510604248,
          5.077787907931713
        ],
        [
          0.0,
          -0.8660254037844386,
          -0.49999999999999983,
          1.4704365125244376
        ],
        [
          0.0,
          0.0,
          0.0,
          1.0
        ]
      ],
      "metrics": {
        "coverage_iou": 0.11439114391143912,
        "trans_error": 1.3951887772537837,
        "rot_error": 0.45290515477560667,
        "soft_f1": 0.36258278145695366
      }
    },
    {
      "key": "vlm",
      "paper_name": "VLM",
      "color": [
        0,
        200,
        209
      ],
      "pose": [
        [
          -0.8755622670660561,
          0.06189667087908632,
          -0.47912369866688326,
          -4.394227094686688
        ],
        [
          0.48310528509854694,
          0.11217925191540687,
          -0.8683461861202313,
          3.4837472247966064
        ],
        [
          0.0,
          -0.9917583463595281,
          -0.12812252895651977,
          1.732561763989562
        ],
        [
          0.0,
          0.0,
          0.0,
          1.0
        ]
      ],
      "metrics": {
        "coverage_iou": 0.0,
        "trans_error": 0.5190116059125612,
        "rot_error": 1.2674545860486888,
        "soft_f1": 0.0
      }
    }
  ],
  "vln_trajectory": {
    "points": [
      [
        -4.117500926018308,
        5.077787907931713,
        1.4704365125244376
      ],
      [
        -4.117500926018308,
        5.077787907931713,
        1.4704365125244376
      ],
      [
        -4.117500926018308,
        5.077787907931713,
        1.4704365125244376
      ],
      [
        -4.117500926018308,
        5.077787907931713,
        1.4704365125244376
      ],
      [
        -4.117500926018308,
        5.077787907931713,
        1.4704365125244376
      ],
      [
        -4.117500926018308,
        5.077787907931713,
        1.4704365125244376
      ],
      [
        -4.117500926018308,
        5.077787907931713,
        1.4704365125244376
      ],
      [
        -4.117500926018308,
        5.077787907931713,
        1.4704365125244376
      ]
    ],
    "color": [
      108,
      147,
      125
    ]
  },
  "images": {
    "start": "images/start.png",
    "target": "images/target.png",
    "context": [
      "images/context_0.png",
      "images/context_1.png",
      "images/context_2.png"
    ],
    "renders": {
      "iperceive": "images/render_iperceive.png",
      "nbv_l": "images/render_nbv_l.png",
      "vln": "images/render_vln.png",
      "vlm": "images/render_vlm.png"
    }
  }
}