{
  "dataset": "hssd",
  "data_name": "20260430_104932_553a6b",
  "instruction": "look at the night stand beside the bed",
  "target_2d_coord": null,
  "fov_rad": 0.8726646221409238,
  "gt_cameras": [
    {
      "label": "start",
      "pose": [
        [
          0.6716899380833888,
          -0.18444714973509843,
          0.7175039205691711,
          -2.184996396081259
        ],
        [
          -0.7408323879782344,
          -0.16723255704752713,
          0.6505387342701527,
          4.497959126227906
        ],
        [
          1.3440782722942267e-17,
          -0.9685104650017695,
          -0.24897284828281221,
          1.4888787734448108
        ],
        [
          0.0,
          0.0,
          0.0,
          1.0
        ]
      ],
      "color": [
        0,
        0,
        0
      ],
      "visible": false
    },
    {
      "label": "context_0",
      "pose": [
        [
          0.10115552741001516,
          -0.2003417968570277,
          0.9744899820084283,
          -2.346871391593624
        ],
        [
          -0.9948706176935047,
          -0.0203701674491698,
          0.09908328410266665,
          5.822808886782772
        ],
        [
          7.2766727365891626e-09,
          -0.9795142648124667,
          -0.20137473249175866,
          1.4277264238701484
        ],
        [
          0.0,
          0.0,
          0.0,
          1.0
        ]
      ],
      "color": [
        0,
        0,
        0
      ],
      "visible": false
    },
    {
      "label": "context_1",
      "pose": [
        [
          -0.1327977919692725,
          -0.10392275352118513,
          0.9856798706159382,
          -1.3179707145526707
        ],
        [
          -0.9911431474752193,
          0.013924038495976579,
          -0.13206583150351825,
          5.489306412520247
        ],
        [
          -7.011641905974031e-09,
          -0.9944878977025581,
          -0.1048514015783506,
          1.1513487116429704
        ],
        [
          0.0,
          0.0,
          0.0,
          1.0
        ]
      ],
      "color": [
        0,
        0,
        0
      ],
      "visible": false
    },
    {
      "label": "context_2",
      "pose": [
        [
          -0.3956707570848763,
          -0.07842795747662928,
          0.9150375654344086,
          -1.406176750680868
        ],
        [
          -0.9183924478843286,
          0.033789091980810954,
          -0.394225385136418,
          5.527289071315822
        ],
        [
          -4.262028008295005e-09,
          -0.9963470148245072,
          -0.08539699538699995,
          1.4331592092545813
        ],
        [
          0.0,
          0.0,
          0.0,
          1.0
        ]
      ],
      "color": [
        0,
        0,
        0
      ],
      "visible": false
    },
    {
      "label": "target",
      "pose": [
        [
          -0.9993745414019164,
          -0.019780916236048496,
          0.029312744003581248,
          -0.7949325399993148
        ],
        [
          -0.035362668687597854,
          0.559022233539872,
          -0.8283982309649985,
          4.68128135154303
        ],
        [
          -1.626176354685427e-08,
          -0.8289166840353247,
          -0.5593721071431156,
          0.8949253965262575
        ],
        [
          0.0,
          0.0,
          0.0,
          1.0
        ]
      ],
      "color": [
        144,
        238,
        144
      ],
      "visible": true
    }
  ],
  "algorithms": [
    {
      "key": "iperceive",
      "paper_name": "I-Perceive (Ours)",
      "color": [
        255,
        102,
        31
      ],
      "pose": [
        [
          -0.8097321620665842,
          -0.2927437895042022,
          0.5085617659718663,
          -1.44614432972093
        ],
        [
          -0.5862460928843185,
          0.3659387702568928,
          -0.7227755251432494,
          4.9301549122040615
        ],
        [
          0.02548557451107883,
          -0.8833968010841651,
          -0.4679322087394228,
          1.19796253341842
        ],
        [
          0.0,
          0.0,
          0.0,
          1.0
        ]
      ],
      "metrics": {
        "coverage_iou": 0.32838589981447125,
        "trans_error": 0.7601620503083986,
        "rot_error": 0.6023794610167762,
        "soft_f1": 0.6900438321853475
      }
    },
    {
      "key": "nbv_l",
      "paper_name": "NBV+L",
      "color": [
        30,
        85,
        230
      ],
      "pose": [
        [
          0.6018150231520483,
          -0.15502923814966854,
          0.8045360540591847,
          -0.4373722566391752
        ],
        [
          -0.7986355100472929,
          -0.16189817408305374,
          0.6078354648866451,
          5.859264274488741
        ],
        [
          0.03602064909444083,
          -0.9742821596134252,
          -0.22243377957903623,
          0.43347962423043596
        ],
        [
          0.0,
          0.0,
          0.0,
          1.0
        ]
      ],
      "metrics": {
        "coverage_iou": 0.0,
        "trans_error": 1.314695840806109,
        "rot_error": 2.2196578909646445,
        "soft_f1": 0.0
      }
    },
    {
      "key": "vln",
      "paper_name": "VLN+P",
      "color": [
        20,
        107,
        58
      ],
      "pose": [
        [
          0.9988041153355693,
          0.0,
          0.04889109518849627,
          -2.1483280746898865
        ],
        [
          -0.04889109518849627,
          0.0,
          0.9988041153355693,
          5.247062212729583
        ],
        [
          0.0,
          -1.0,
          0.0,
          1.4888787734448106
        ],
        [
          0.0,
          0.0,
          0.0,
          1.0
        ]
      ],
      "metrics": {
        "coverage_iou": 0.0,
        "trans_error": 1.582582713614587,
        "rot_error": 3.0609993497149564,
        "soft_f1": 0.0
      }
    },
    {
      "key": "vlm",
      "paper_name": "VLM",
      "color": [
        0,
        200,
        209
      ],
      "pose": [
        [
          0.7758902511627505,
          -0.2783535492309165,
          0.5661392229665383,
          -1.2654966552391653
        ],
        [
          -0.6308679086390462,
          -0.3423407693866198,
          0.6962818965513705,
          5.054688775378561
        ],
        [
          0.0,
          -0.8973974031867538,
          -0.44122318700819774,
          1.175265742012426
        ],
        [
          0.0,
          0.0,
          0.0,
          1.0
        ]
      ],
      "metrics": {
        "coverage_iou": 0.0,
        "trans_error": 0.6629135515069013,
        "rot_error": 2.4253026813811243,
        "soft_f1": 0.0
      }
    }
  ],
  "vln_trajectory": {
    "points": [
      [
        -2.184996396081259,
        4.497959126227906,
        1.4888787734448106
      ],
      [
        -2.184996396081259,
        4.497959126227906,
        1.4888787734448106
      ],
      [
        -2.184996396081259,
        4.497959126227906,
        1.4888787734448106
      ],
      [
        -2.184996396081259,
        4.497959126227906,
        1.4888787734448106
      ],
      [
        -2.184996396081259,
        4.497959126227906,
        1.4888787734448106
      ],
      [
        -2.184996396081259,
        4.497959126227906,
        1.4888787734448106
      ],
      [
        -2.1483280746898865,
        5.247062212729583,
        1.4888787734448106
      ],
      [
        -2.1483280746898865,
        5.247062212729583,
        1.4888787734448106
      ]
    ],
    "color": [
      108,
      147,
      125
    ]
  },
  "images": {
    "start": "images/start.png",
    "target": "images/target.png",
    "context": [
      "images/context_0.png",
      "images/context_1.png",
      "images/context_2.png"
    ],
    "renders": {
      "iperceive": "images/render_iperceive.png",
      "nbv_l": "images/render_nbv_l.png",
      "vln": "images/render_vln.png",
      "vlm": "images/render_vlm.png"
    }
  }
}