{
  "dataset": "hssd",
  "data_name": "20260501_125718_a323d2",
  "instruction": "Peek beneath the coffee table",
  "target_2d_coord": null,
  "fov_rad": 0.8726646221409238,
  "gt_cameras": [
    {
      "label": "start",
      "pose": [
        [
          0.0012214587373294429,
          0.19405853617349186,
          -0.9809891908562268,
          -3.6064744026345803
        ],
        [
          0.9999992540189983,
          -0.00023703467138583498,
          0.0011982387122603936,
          3.9387322826433424
        ],
        [
          0.0,
          -0.9809899226560721,
          -0.19405868093758102,
          1.351004410518286
        ],
        [
          0.0,
          0.0,
          0.0,
          1.0
        ]
      ],
      "color": [
        0,
        0,
        0
      ],
      "visible": false
    },
    {
      "label": "context_0",
      "pose": [
        [
          0.3911308692528759,
          0.17859901422280772,
          -0.9028394109450806,
          -4.836489706588335
        ],
        [
          0.9203350735339623,
          -0.07590234005410636,
          0.3836954412515611,
          1.2804347863959245
        ],
        [
          5.216737458679788e-10,
          -0.9809899443146367,
          -0.194058677105988,
          1.29610479495549
        ],
        [
          0.0,
          0.0,
          0.0,
          1.0
        ]
      ],
      "color": [
        0,
        0,
        0
      ],
      "visible": false
    },
    {
      "label": "context_1",
      "pose": [
        [
          0.6366331065478577,
          -0.09780316793919022,
          -0.7649397643799734,
          -4.262729036344149
        ],
        [
          0.7711668569277882,
          0.08074094485249043,
          0.6314923788442195,
          2.923543170645483
        ],
        [
          -7.938708024290975e-09,
          -0.9919251298044738,
          0.1268249253401111,
          1.4065466513647178
        ],
        [
          0.0,
          0.0,
          0.0,
          1.0
        ]
      ],
      "color": [
        0,
        0,
        0
      ],
      "visible": false
    },
    {
      "label": "target",
      "pose": [
        [
          -0.26902961855651747,
          0.4929537910893541,
          -0.8274174418731716,
          -5.309648600209476
        ],
        [
          0.9631318900051349,
          0.13769575067155249,
          -0.2311207855546454,
          3.4095132694612813
        ],
        [
          -5.148063586535301e-09,
          -0.8590904763562094,
          -0.5118237525912748,
          0.530892088382578
        ],
        [
          0.0,
          0.0,
          0.0,
          1.0
        ]
      ],
      "color": [
        144,
        238,
        144
      ],
      "visible": true
    }
  ],
  "algorithms": [
    {
      "key": "iperceive",
      "paper_name": "I-Perceive (Ours)",
      "color": [
        255,
        102,
        31
      ],
      "pose": [
        [
          -0.025520036327815097,
          0.5400544332002912,
          -0.8412431472652417,
          -5.18605010296759
        ],
        [
          0.9996696651604318,
          0.011242484914421801,
          -0.023108722885586422,
          3.4089294618290586
        ],
        [
          -0.00302230563509676,
          -0.8415549885486954,
          -0.5401629766859917,
          1.1015554425477152
        ],
        [
          0.0,
          0.0,
          0.0,
          1.0
        ]
      ],
      "metrics": {
        "coverage_iou": 0.08402960133683457,
        "trans_error": 0.5838951796830419,
        "rot_error": 0.24905901812473352,
        "soft_f1": 0.2346993747072389
      }
    },
    {
      "key": "nbv_l",
      "paper_name": "NBV+L",
      "color": [
        30,
        85,
        230
      ],
      "pose": [
        [
          0.7071067811865476,
          0.2517023898522128,
          -0.7494303883234817,
          -6.01329455790537
        ],
        [
          0.7071067811865476,
          -0.2517023898522128,
          0.7494303883234817,
          2.810200616575714
        ],
        [
          0.0,
          -0.9271838545667876,
          -0.37460659341591174,
          0.3863466129307887
        ],
        [
          0.0,
          0.0,
          0.0,
          1.0
        ]
      ],
      "metrics": {
        "coverage_iou": 0.09715346534653466,
        "trans_error": 0.9355141122355923,
        "rot_error": 1.0382984261808352,
        "soft_f1": 0.27685009901058216
      }
    },
    {
      "key": "vln",
      "paper_name": "VLN+P",
      "color": [
        20,
        107,
        58
      ],
      "pose": [
        [
          0.999999254018998,
          0.0,
          0.0012214587373289842,
          -3.6064744026345803
        ],
        [
          -0.0012214587373289842,
          0.0,
          0.999999254018998,
          3.9387322826433424
        ],
        [
          0.0,
          -1.0,
          0.0,
          1.351004410518286
        ],
        [
          0.0,
          0.0,
          0.0,
          1.0
        ]
      ],
      "metrics": {
        "coverage_iou": 0.0,
        "trans_error": 1.9630230200727143,
        "rot_error": 1.898239725519618,
        "soft_f1": 0.0
      }
    },
    {
      "key": "vlm",
      "paper_name": "VLM",
      "color": [
        0,
        200,
        209
      ],
      "pose": [
        [
          -0.5147996415335233,
          0.10458418860394024,
          -0.8509074430107023,
          -4.339270535135816
        ],
        [
          0.8573105208015098,
          0.06280093559687948,
          -0.51095470778847,
          3.835174370728925
        ],
        [
          0.0,
          -0.9925312035307567,
          -0.12199102433289076,
          0.9322702337143407
        ],
        [
          0.0,
          0.0,
          0.0,
          1.0
        ]
      ],
      "metrics": {
        "coverage_iou": 0.10177393677507392,
        "trans_error": 1.1331043232542404,
        "rot_error": 0.49318171923626286,
        "soft_f1": 0.23380679762651022
      }
    }
  ],
  "vln_trajectory": {
    "points": [
      [
        -3.6064744026345803,
        3.9387322826433424,
        1.351004410518286
      ],
      [
        -3.6064744026345803,
        3.9387322826433424,
        1.351004410518286
      ],
      [
        -3.6064744026345803,
        3.9387322826433424,
        1.351004410518286
      ],
      [
        -3.6064744026345803,
        3.9387322826433424,
        1.351004410518286
      ],
      [
        -3.6064744026345803,
        3.9387322826433424,
        1.351004410518286
      ],
      [
        -3.6064744026345803,
        3.9387322826433424,
        1.351004410518286
      ],
      [
        -3.6064744026345803,
        3.9387322826433424,
        1.351004410518286
      ],
      [
        -3.6064744026345803,
        3.9387322826433424,
        1.351004410518286
      ]
    ],
    "color": [
      108,
      147,
      125
    ]
  },
  "images": {
    "start": "images/start.png",
    "target": "images/target.png",
    "context": [
      "images/context_0.png",
      "images/context_1.png"
    ],
    "renders": {
      "iperceive": "images/render_iperceive.png",
      "nbv_l": "images/render_nbv_l.png",
      "vln": "images/render_vln.png",
      "vlm": "images/render_vlm.png"
    }
  }
}