{
  "dataset": "hssd",
  "data_name": "20260503_113302_41a0f1",
  "instruction": "Look at the stove surface at the cooking area",
  "target_2d_coord": null,
  "fov_rad": 0.8726646221409238,
  "gt_cameras": [
    {
      "label": "start",
      "pose": [
        [
          -0.397865209010049,
          0.3033483308311485,
          -0.8658424023119601,
          -8.284620383727573
        ],
        [
          0.917443881367896,
          0.1315521848257734,
          -0.3754873462690528,
          2.5903605574907154
        ],
        [
          -2.0937211228357266e-17,
          -0.9437551657339533,
          -0.3306451075556365,
          1.6167363120594171
        ],
        [
          0.0,
          0.0,
          0.0,
          1.0
        ]
      ],
      "color": [
        0,
        0,
        0
      ],
      "visible": false
    },
    {
      "label": "context_0",
      "pose": [
        [
          -0.3480071870551105,
          0.2531933476959083,
          -0.9026539566840381,
          -10.543530603757336
        ],
        [
          0.9374918559750693,
          0.09398812938606024,
          -0.3350749803365056,
          2.474592339554059
        ],
        [
          1.1938113692044894e-10,
          -0.9628392372452477,
          -0.27007524714460085,
          1.3020060443387442
        ],
        [
          0.0,
          0.0,
          0.0,
          1.0
        ]
      ],
      "color": [
        0,
        0,
        0
      ],
      "visible": false
    },
    {
      "label": "context_1",
      "pose": [
        [
          -0.923176807876354,
          0.10922359235262849,
          -0.3685305054010583,
          -9.619375418170417
        ],
        [
          0.38437549361825907,
          0.26232859186556184,
          -0.8851209703628016,
          2.1245837704682975
        ],
        [
          4.632905614698757e-09,
          -0.9587773201446173,
          -0.28415854441070226,
          1.6436360740535778
        ],
        [
          0.0,
          0.0,
          0.0,
          1.0
        ]
      ],
      "color": [
        0,
        0,
        0
      ],
      "visible": false
    },
    {
      "label": "context_2",
      "pose": [
        [
          0.05005890370816918,
          0.19381537493252177,
          -0.9797600398785723,
          -8.212411799642174
        ],
        [
          0.9987462619853178,
          -0.009714356984278222,
          0.0491072659218621,
          1.2976449294829964
        ],
        [
          1.7643146665857756e-09,
          -0.9809899065839685,
          -0.194058686508079,
          1.4258282663097885
        ],
        [
          0.0,
          0.0,
          0.0,
          1.0
        ]
      ],
      "color": [
        0,
        0,
        0
      ],
      "visible": false
    },
    {
      "label": "target",
      "pose": [
        [
          -0.8469098032107141,
          0.25409688161668836,
          -0.4670958620604234,
          -10.795040979386847
        ],
        [
          0.5317365617087733,
          0.4047063274151284,
          -0.7439549750379053,
          1.277782309751268
        ],
        [
          3.066117360006615e-09,
          -0.8784347090678436,
          -0.4778623554493183,
          1.5491001374005229
        ],
        [
          0.0,
          0.0,
          0.0,
          1.0
        ]
      ],
      "color": [
        144,
        238,
        144
      ],
      "visible": true
    }
  ],
  "algorithms": [
    {
      "key": "iperceive",
      "paper_name": "I-Perceive (Ours)",
      "color": [
        255,
        102,
        31
      ],
      "pose": [
        [
          -0.737265326944269,
          0.37564016233515163,
          -0.5615464458165877,
          -10.856721577090385
        ],
        [
          0.6755370410541318,
          0.4215325250911577,
          -0.6049463571919795,
          1.2012817377955403
        ],
        [
          0.009467934267895994,
          -0.8253513418023004,
          -0.5645400995841229,
          1.439896019902979
        ],
        [
          0.0,
          0.0,
          0.0,
          1.0
        ]
      ],
      "metrics": {
        "coverage_iou": 0.4950943396226415,
        "trans_error": 0.1469094175047049,
        "rot_error": 0.20824750771218434,
        "soft_f1": 0.8105780548984802
      }
    },
    {
      "key": "nbv_l",
      "paper_name": "NBV+L",
      "color": [
        30,
        85,
        230
      ],
      "pose": [
        [
          0.1736481776669302,
          0.10294044103643694,
          0.9794128730990714,
          -11.937726631432907
        ],
        [
          -0.984807753012208,
          0.018151177160752676,
          0.17269691478056207,
          0.4594509459198589
        ],
        [
          0.0,
          -0.9945218953682733,
          0.10452846326765347,
          0.7922401797357954
        ],
        [
          0.0,
          0.0,
          0.0,
          1.0
        ]
      ],
      "metrics": {
        "coverage_iou": 0.0,
        "trans_error": 1.5963188255423608,
        "rot_error": 2.3458479785177273,
        "soft_f1": 0.0
      }
    },
    {
      "key": "vln",
      "paper_name": "VLN+P",
      "color": [
        20,
        107,
        58
      ],
      "pose": [
        [
          -0.930063977162555,
          0.0,
          -0.36739760258413623,
          -8.284620383727571
        ],
        [
          0.36739760258413623,
          0.0,
          -0.930063977162555,
          2.590360557490716
        ],
        [
          0.0,
          -1.0,
          0.0,
          1.6167363120594183
        ],
        [
          0.0,
          0.0,
          0.0,
          1.0
        ]
      ],
      "metrics": {
        "coverage_iou": 0.008211273857079449,
        "trans_error": 2.8336632989399586,
        "rot_error": 0.5305978159558481,
        "soft_f1": 0.039654768090418756
      }
    },
    {
      "key": "vlm",
      "paper_name": "VLM",
      "color": [
        0,
        200,
        209
      ],
      "pose": [
        [
          -0.7508603744557039,
          0.21452145000008832,
          -0.6246512991758681,
          -9.371844500446015
        ],
        [
          0.6604609739206704,
          0.2438836852382955,
          -0.7101493152868259,
          1.8901465077827821
        ],
        [
          0.0,
          -0.9457807862102338,
          -0.3248056410155962,
          1.4784800894834564
        ],
        [
          0.0,
          0.0,
          0.0,
          1.0
        ]
      ],
      "metrics": {
        "coverage_iou": 0.39858686616791356,
        "trans_error": 1.5509562273319724,
        "rot_error": 0.23198693389960792,
        "soft_f1": 0.7162672057009214
      }
    }
  ],
  "vln_trajectory": {
    "points": [
      [
        -8.284620383727571,
        2.590360557490716,
        1.6167363120594183
      ],
      [
        -8.284620383727571,
        2.590360557490716,
        1.6167363120594183
      ],
      [
        -8.284620383727571,
        2.590360557490716,
        1.6167363120594183
      ],
      [
        -8.284620383727571,
        2.590360557490716,
        1.6167363120594183
      ],
      [
        -8.284620383727571,
        2.590360557490716,
        1.6167363120594183
      ],
      [
        -8.284620383727571,
        2.590360557490716,
        1.6167363120594183
      ],
      [
        -8.284620383727571,
        2.590360557490716,
        1.6167363120594183
      ],
      [
        -8.284620383727571,
        2.590360557490716,
        1.6167363120594183
      ],
      [
        -8.284620383727571,
        2.590360557490716,
        1.6167363120594183
      ],
      [
        -8.284620383727571,
        2.590360557490716,
        1.6167363120594183
      ],
      [
        -8.284620383727571,
        2.590360557490716,
        1.6167363120594183
      ],
      [
        -8.284620383727571,
        2.590360557490716,
        1.6167363120594183
      ],
      [
        -8.284620383727571,
        2.590360557490716,
        1.6167363120594183
      ],
      [
        -8.284620383727571,
        2.590360557490716,
        1.6167363120594183
      ],
      [
        -8.284620383727571,
        2.590360557490716,
        1.6167363120594183
      ],
      [
        -8.284620383727571,
        2.590360557490716,
        1.6167363120594183
      ],
      [
        -8.284620383727571,
        2.590360557490716,
        1.6167363120594183
      ],
      [
        -8.284620383727571,
        2.590360557490716,
        1.6167363120594183
      ],
      [
        -8.284620383727571,
        2.590360557490716,
        1.6167363120594183
      ]
    ],
    "color": [
      108,
      147,
      125
    ]
  },
  "images": {
    "start": "images/start.png",
    "target": "images/target.png",
    "context": [
      "images/context_0.png",
      "images/context_1.png",
      "images/context_2.png"
    ],
    "renders": {
      "iperceive": "images/render_iperceive.png",
      "nbv_l": "images/render_nbv_l.png",
      "vln": "images/render_vln.png",
      "vlm": "images/render_vlm.png"
    }
  }
}