{
  "dataset": "hssd",
  "data_name": "20260503_085257_3a19ac",
  "instruction": "Prepare to open the cabinet door",
  "target_2d_coord": [
    0.3506849315068493,
    0.29315068493150687
  ],
  "fov_rad": 0.8726646221409238,
  "gt_cameras": [
    {
      "label": "start",
      "pose": [
        [
          -0.9839233565727818,
          0.038926312069,
          -0.17429736262851844,
          -4.910238537907288
        ],
        [
          0.1785912326810877,
          0.21445905857161354,
          -0.9602668815522208,
          1.7679523755468625
        ],
        [
          7.223686572106747e-19,
          -0.9759569941474288,
          -0.21796317481335223,
          1.8266934055011748
        ],
        [
          0.0,
          0.0,
          0.0,
          1.0
        ]
      ],
      "color": [
        0,
        0,
        0
      ],
      "visible": false
    },
    {
      "label": "context_0",
      "pose": [
        [
          -0.8309603235242498,
          0.09459774439850827,
          -0.5482301110525953,
          -4.458916828539683
        ],
        [
          0.5563317086545543,
          0.14129514847657293,
          -0.818859393463997,
          0.24914871011439987
        ],
        [
          -4.3321887605030085e-09,
          -0.9854374572856057,
          -0.17003838233552543,
          1.764865203339798
        ],
        [
          0.0,
          0.0,
          0.0,
          1.0
        ]
      ],
      "color": [
        0,
        0,
        0
      ],
      "visible": false
    },
    {
      "label": "context_1",
      "pose": [
        [
          -0.9241130863761021,
          -0.24858821257634917,
          0.290204944575337,
          -4.810040315522109
        ],
        [
          -0.3821191252287076,
          0.6011832768851175,
          -0.7018287743916752,
          0.6215650173182665
        ],
        [
          -5.6177829887982256e-09,
          -0.7594620030571047,
          -0.6505516456796931,
          1.7343743268569316
        ],
        [
          0.0,
          0.0,
          0.0,
          1.0
        ]
      ],
      "color": [
        0,
        0,
        0
      ],
      "visible": false
    },
    {
      "label": "context_2",
      "pose": [
        [
          -0.999605430240188,
          0.013783306117669397,
          -0.024475709698860815,
          -4.4562648798741025
        ],
        [
          0.02808986473124983,
          0.4904926022967706,
          -0.8709925007558835,
          0.7253632076481813
        ],
        [
          -2.286479845736711e-09,
          -0.8713363248403639,
          -0.49068621257489176,
          1.7901563137294754
        ],
        [
          0.0,
          0.0,
          0.0,
          1.0
        ]
      ],
      "color": [
        0,
        0,
        0
      ],
      "visible": false
    },
    {
      "label": "target",
      "pose": [
        [
          -0.9997843984949111,
          -0.002426335984450998,
          0.0206210475290452,
          -5.063508930192443
        ],
        [
          -0.0207633098993045,
          0.11683162330680295,
          -0.9929346886215167,
          -1.2203514178676051
        ],
        [
          8.265547135621887e-10,
          -0.9931487739578764,
          -0.11685681715173087,
          1.736764696579796
        ],
        [
          0.0,
          0.0,
          0.0,
          1.0
        ]
      ],
      "color": [
        144,
        238,
        144
      ],
      "visible": true
    }
  ],
  "algorithms": [
    {
      "key": "iperceive",
      "paper_name": "I-Perceive (Ours)",
      "color": [
        255,
        102,
        31
      ],
      "pose": [
        [
          -0.9966826494827702,
          0.011951251219566281,
          -0.0805030398687273,
          -5.032850694846106
        ],
        [
          0.08137012933614142,
          0.12722128595220344,
          -0.9885310431641213,
          -0.9803384187940491
        ],
        [
          -0.0015724813835820972,
          -0.9918023502396828,
          -0.12777172912458995,
          1.759920052954636
        ],
        [
          0.0,
          0.0,
          0.0,
          1.0
        ]
      ],
      "metrics": {
        "coverage_iou": 0.5171717171717172,
        "trans_error": 0.24306854750121187,
        "rot_error": 0.10281827327388543,
        "soft_f1": 0.859122401847575
      }
    },
    {
      "key": "nbv_l",
      "paper_name": "NBV+L",
      "color": [
        30,
        85,
        230
      ],
      "pose": [
        [
          -0.5446390350150273,
          -0.08766494565514532,
          0.8340762428226692,
          -5.351474025853681
        ],
        [
          -0.8386705679454239,
          0.05693028136569851,
          -0.5416554453946923,
          -1.509104241433895
        ],
        [
          0.0,
          -0.9945218953682733,
          -0.10452846326765347,
          1.7648779574099374
        ],
        [
          0.0,
          0.0,
          0.0,
          1.0
        ]
      ],
      "metrics": {
        "coverage_iou": 0.05847255369928401,
        "trans_error": 0.4087694742186906,
        "rot_error": 0.9741455066411102,
        "soft_f1": 0.12107366218942706
      }
    },
    {
      "key": "vln",
      "paper_name": "VLN+P",
      "color": [
        20,
        107,
        58
      ],
      "pose": [
        [
          -0.5694558059111822,
          0.0,
          -0.8220219492897047,
          -4.664257698764093
        ],
        [
          0.8220219492897047,
          0.0,
          -0.5694558059111822,
          1.7233045673765905
        ],
        [
          0.0,
          -1.0,
          0.0,
          1.8266934055011745
        ],
        [
          0.0,
          0.0,
          0.0,
          1.0
        ]
      ],
      "metrics": {
        "coverage_iou": 0.0,
        "trans_error": 2.9719688830277624,
        "rot_error": 0.9920824573220733,
        "soft_f1": 0.0
      }
    },
    {
      "key": "vlm",
      "paper_name": "VLM",
      "color": [
        0,
        200,
        209
      ],
      "pose": [
        [
          -0.9814841120534453,
          -0.04623814545057675,
          -0.18587891674945675,
          -4.854955313604048
        ],
        [
          0.19154356628887373,
          -0.23692784889530114,
          -0.9524580078046408,
          0.21086080505079163
        ],
        [
          0.0,
          -0.9704263126704351,
          0.2413975386719246,
          1.5311744328247032
        ],
        [
          0.0,
          0.0,
          0.0,
          1.0
        ]
      ],
      "metrics": {
        "coverage_iou": 0.09497413155949741,
        "trans_error": 1.460866275289285,
        "rot_error": 0.418755626941073,
        "soft_f1": 0.2564432989690722
      }
    }
  ],
  "vln_trajectory": {
    "points": [
      [
        -4.910238537907288,
        1.7679523755468625,
        1.8266934055011745
      ],
      [
        -4.910238537907288,
        1.7679523755468625,
        1.8266934055011745
      ],
      [
        -4.910238537907288,
        1.7679523755468625,
        1.8266934055011745
      ],
      [
        -4.910238537907288,
        1.7679523755468625,
        1.8266934055011745
      ],
      [
        -4.910238537907288,
        1.7679523755468625,
        1.8266934055011745
      ],
      [
        -4.910238537907288,
        1.7679523755468625,
        1.8266934055011745
      ],
      [
        -4.910238537907288,
        1.7679523755468625,
        1.8266934055011745
      ],
      [
        -4.910238537907288,
        1.7679523755468625,
        1.8266934055011745
      ],
      [
        -4.910238537907288,
        1.7679523755468625,
        1.8266934055011745
      ],
      [
        -4.910238537907288,
        1.7679523755468625,
        1.8266934055011745
      ],
      [
        -4.910238537907288,
        1.7679523755468625,
        1.8266934055011745
      ],
      [
        -4.664257698764093,
        1.7233045673765905,
        1.8266934055011745
      ],
      [
        -4.664257698764093,
        1.7233045673765905,
        1.8266934055011745
      ],
      [
        -4.664257698764093,
        1.7233045673765905,
        1.8266934055011745
      ],
      [
        -4.664257698764093,
        1.7233045673765905,
        1.8266934055011745
      ],
      [
        -4.664257698764093,
        1.7233045673765905,
        1.8266934055011745
      ],
      [
        -4.664257698764093,
        1.7233045673765905,
        1.8266934055011745
      ],
      [
        -4.664257698764093,
        1.7233045673765905,
        1.8266934055011745
      ],
      [
        -4.664257698764093,
        1.7233045673765905,
        1.8266934055011745
      ],
      [
        -4.664257698764093,
        1.7233045673765905,
        1.8266934055011745
      ],
      [
        -4.664257698764093,
        1.7233045673765905,
        1.8266934055011745
      ]
    ],
    "color": [
      108,
      147,
      125
    ]
  },
  "images": {
    "start": "images/start.png",
    "target": "images/target.png",
    "context": [
      "images/context_0.png",
      "images/context_1.png",
      "images/context_2.png"
    ],
    "renders": {
      "iperceive": "images/render_iperceive.png",
      "nbv_l": "images/render_nbv_l.png",
      "vln": "images/render_vln.png",
      "vlm": "images/render_vlm.png"
    }
  }
}