{
  "dataset": "hssd",
  "data_name": "20260503_093357_fbddf2",
  "instruction": "Move closer to the cushion on the armchair",
  "target_2d_coord": null,
  "fov_rad": 0.8726646221409238,
  "gt_cameras": [
    {
      "label": "start",
      "pose": [
        [
          -0.9991877365739082,
          -0.00723978021447625,
          0.039641552224353,
          -1.4774828522649999
        ],
        [
          -0.040297234152110575,
          0.1795135511903665,
          -0.9829298132922379,
          4.852037360700949
        ],
        [
          3.933893105950122e-19,
          -0.9837288602666233,
          -0.17965948201675938,
          1.7366643099673855
        ],
        [
          0.0,
          0.0,
          0.0,
          1.0
        ]
      ],
      "color": [
        0,
        0,
        0
      ],
      "visible": false
    },
    {
      "label": "context_0",
      "pose": [
        [
          -0.41349496564273597,
          -0.23732709532154697,
          0.8790323173840268,
          -5.067794664576143
        ],
        [
          -0.9105064388392634,
          0.1077790843633349,
          -0.39920139598253507,
          4.076329841132019
        ],
        [
          4.053742341803002e-09,
          -0.9654322997769458,
          -0.2606539617142598,
          1.581395659771172
        ],
        [
          0.0,
          0.0,
          0.0,
          1.0
        ]
      ],
      "color": [
        0,
        0,
        0
      ],
      "visible": false
    },
    {
      "label": "context_1",
      "pose": [
        [
          -0.9043480201163564,
          -0.10923152139767597,
          0.41258109496959017,
          -3.1341076571475006
        ],
        [
          -0.4267958078742267,
          0.23145331845074169,
          -0.8742280653323126,
          5.587756573169664
        ],
        [
          -7.905229526539159e-10,
          -0.9666942575095993,
          -0.2559339149501621,
          1.7085465334258974
        ],
        [
          0.0,
          0.0,
          0.0,
          1.0
        ]
      ],
      "color": [
        0,
        0,
        0
      ],
      "visible": false
    },
    {
      "label": "context_2",
      "pose": [
        [
          0.028089863277741683,
          -0.10710439046530831,
          0.9938509006873655,
          -4.564823747670967
        ],
        [
          -0.9996054266206086,
          -0.0030097345349331395,
          0.02792815587470272,
          3.0691778035327477
        ],
        [
          5.477282516430648e-11,
          -0.9942432354883883,
          -0.10714666504044904,
          1.4743874333357234
        ],
        [
          0.0,
          0.0,
          0.0,
          1.0
        ]
      ],
      "color": [
        0,
        0,
        0
      ],
      "visible": false
    },
    {
      "label": "target",
      "pose": [
        [
          -0.8583951156321317,
          -0.24733696108411882,
          0.44942440595263444,
          -1.2820534967362667
        ],
        [
          -0.5129891604492145,
          0.4138739256759043,
          -0.7520309196713337,
          2.6031815705493173
        ],
        [
          6.253139547829356e-09,
          -0.8760894828793934,
          -0.4821485403396928,
          1.3215262981253133
        ],
        [
          0.0,
          0.0,
          0.0,
          1.0
        ]
      ],
      "color": [
        144,
        238,
        144
      ],
      "visible": true
    }
  ],
  "algorithms": [
    {
      "key": "iperceive",
      "paper_name": "I-Perceive (Ours)",
      "color": [
        255,
        102,
        31
      ],
      "pose": [
        [
          -0.8558283444695503,
          -0.26660754027988026,
          0.4432587371265214,
          -1.5140195077712193
        ],
        [
          -0.517154731294025,
          0.42373880097770367,
          -0.7436372308681061,
          2.3933833222283325
        ],
        [
          0.01043337902701269,
          -0.8656591883183207,
          -0.5005250332861357,
          1.2827275591322131
        ],
        [
          0.0,
          0.0,
          0.0,
          1.0
        ]
      ],
      "metrics": {
        "coverage_iou": 0.4838082901554404,
        "trans_error": 0.3151648580697099,
        "rot_error": 0.024047047632329708,
        "soft_f1": 0.8101610636687925
      }
    },
    {
      "key": "nbv_l",
      "paper_name": "NBV+L",
      "color": [
        30,
        85,
        230
      ],
      "pose": [
        [
          1.0,
          3.718542035834362e-17,
          1.4367343154215767e-16,
          -0.6447696664521066
        ],
        [
          -1.4367343154215767e-16,
          0.2588190451025207,
          1.0,
          1.3884981577199489
        ],
        [
          0.0,
          -0.9659258262890683,
          0.2588190451025207,
          0.5503939123473449
        ],
        [
          0.0,
          0.0,
          0.0,
          1.0
        ]
      ],
      "metrics": {
        "coverage_iou": 0.0,
        "trans_error": 1.5736046345534254,
        "rot_error": 2.6701844640042323,
        "soft_f1": 0.028789161727349705
      }
    },
    {
      "key": "vln",
      "paper_name": "VLN+P",
      "color": [
        20,
        107,
        58
      ],
      "pose": [
        [
          -0.9991877365739084,
          -0.008378266087844598,
          0.03941664290209597,
          -1.4774828522649999
        ],
        [
          -0.04029723415211122,
          0.20774281175545117,
          -0.9773530872124101,
          4.852037360700949
        ],
        [
          -1.734723475976807e-18,
          -0.9781476007338055,
          -0.20791169081775937,
          1.7366643099673855
        ],
        [
          0.0,
          0.0,
          0.0,
          1.0
        ]
      ],
      "metrics": {
        "coverage_iou": 0.11427831044311998,
        "trans_error": 2.2951872729348497,
        "rot_error": 0.5768906847697479,
        "soft_f1": 0.29828166950844587
      }
    },
    {
      "key": "vlm",
      "paper_name": "VLM",
      "color": [
        0,
        200,
        209
      ],
      "pose": [
        [
          -0.9427036092483179,
          -0.06799503968955163,
          0.32662911641158254,
          -1.294314854316962
        ],
        [
          -0.3336313910743334,
          0.1921257143097832,
          -0.9229180921353535,
          3.897534035809688
        ],
        [
          0.0,
          -0.979011942970346,
          -0.20380288398702345,
          1.4331503472796934
        ],
        [
          0.0,
          0.0,
          0.0,
          1.0
        ]
      ],
      "metrics": {
        "coverage_iou": 0.24776902887139107,
        "trans_error": 1.2992146055161102,
        "rot_error": 0.3575440847269369,
        "soft_f1": 0.5569023723483892
      }
    }
  ],
  "vln_trajectory": {
    "points": [
      [
        -1.4774828522649999,
        4.852037360700949,
        1.7366643099673855
      ],
      [
        -1.4774828522649999,
        4.852037360700949,
        1.7366643099673855
      ],
      [
        -1.4774828522649999,
        4.852037360700949,
        1.7366643099673855
      ],
      [
        -1.4774828522649999,
        4.852037360700949,
        1.7366643099673855
      ],
      [
        -1.4774828522649999,
        4.852037360700949,
        1.7366643099673855
      ],
      [
        -1.4774828522649999,
        4.852037360700949,
        1.7366643099673855
      ],
      [
        -1.4774828522649999,
        4.852037360700949,
        1.7366643099673855
      ],
      [
        -1.4774828522649999,
        4.852037360700949,
        1.7366643099673855
      ],
      [
        -1.4774828522649999,
        4.852037360700949,
        1.7366643099673855
      ],
      [
        -1.4774828522649999,
        4.852037360700949,
        1.7366643099673855
      ]
    ],
    "color": [
      108,
      147,
      125
    ]
  },
  "images": {
    "start": "images/start.png",
    "target": "images/target.png",
    "context": [
      "images/context_0.png",
      "images/context_1.png",
      "images/context_2.png"
    ],
    "renders": {
      "iperceive": "images/render_iperceive.png",
      "nbv_l": "images/render_nbv_l.png",
      "vln": "images/render_vln.png",
      "vlm": "images/render_vlm.png"
    }
  }
}