{
  "dataset": "replica",
  "data_name": "office_0_20260504_085149_505371",
  "instruction": "Inspect the potted plant closely",
  "target_2d_coord": null,
  "fov_rad": 1.0471975667402222,
  "gt_cameras": [
    {
      "label": "start",
      "pose": [
        [
          -0.9693060313262196,
          0.05144285586497683,
          -0.24041516219878697,
          1.5011793972866332
        ],
        [
          0.24585731153377108,
          0.2028163008352025,
          -0.9478500569609685,
          1.2522541669036125
        ],
        [
          -1.1615078908789553e-17,
          -0.9778646024353166,
          -0.20923866589141724,
          0.3311308622360222
        ],
        [
          0.0,
          0.0,
          0.0,
          1.0
        ]
      ],
      "color": [
        0,
        0,
        0
      ],
      "visible": false
    },
    {
      "label": "context_0",
      "pose": [
        [
          0.7240166365125927,
          0.12131670169435825,
          -0.6790303027759599,
          0.3505626777533821
        ],
        [
          0.6897825043019232,
          -0.12733769242936394,
          0.7127308289797274,
          -2.1248856592082026
        ],
        [
          -6.013326753206982e-09,
          -0.9844121954401606,
          -0.17587675009456247,
          0.33113088592264694
        ],
        [
          0.0,
          0.0,
          0.0,
          1.0
        ]
      ],
      "color": [
        0,
        0,
        0
      ],
      "visible": false
    },
    {
      "label": "context_1",
      "pose": [
        [
          -0.20651817240235265,
          -0.18363095402490281,
          0.9610566674216463,
          -0.7081390528134586
        ],
        [
          -0.9784427817523712,
          0.03875865084619115,
          -0.2028485174173003,
          0.1458877729587864
        ],
        [
          -4.850758128505106e-10,
          -0.9822308188273674,
          -0.18767674212087795,
          0.3311308710800321
        ],
        [
          0.0,
          0.0,
          0.0,
          1.0
        ]
      ],
      "color": [
        0,
        0,
        0
      ],
      "visible": false
    },
    {
      "label": "target",
      "pose": [
        [
          -0.7877823768396214,
          -0.07177766854577622,
          0.6117572158607512,
          1.0606563133005082
        ],
        [
          -0.6159536495482366,
          0.09180104629130978,
          -0.7824152732103242,
          -1.1548927075897608
        ],
        [
          5.309867823211079e-10,
          -0.993187079696782,
          -0.11653096726043102,
          0.33113085661589764
        ],
        [
          0.0,
          0.0,
          0.0,
          1.0
        ]
      ],
      "color": [
        144,
        238,
        144
      ],
      "visible": true
    }
  ],
  "algorithms": [
    {
      "key": "iperceive",
      "paper_name": "I-Perceive (Ours)",
      "color": [
        255,
        102,
        31
      ],
      "pose": [
        [
          -0.9993251136458239,
          -0.01070366379804212,
          0.03513845830873957,
          1.396011487658531
        ],
        [
          -0.036513274804511414,
          0.18509927131077203,
          -0.9820412109749453,
          -1.3142579826663443
        ],
        [
          0.004007340639730801,
          -0.9826615617188785,
          -0.18536516416536541,
          0.3397188259297065
        ],
        [
          0.0,
          0.0,
          0.0,
          1.0
        ]
      ],
      "metrics": {
        "coverage_iou": 0.34568480300187615,
        "trans_error": 0.3713949009588093,
        "rot_error": 0.630954516738826,
        "soft_f1": 0.6548519787745273
      }
    },
    {
      "key": "nbv_l",
      "paper_name": "NBV+L",
      "color": [
        30,
        85,
        230
      ],
      "pose": [
        [
          -0.7071067811865477,
          -0.18301270189221927,
          0.7071067811865474,
          1.5374315810514159
        ],
        [
          -0.7071067811865474,
          0.18301270189221935,
          -0.7071067811865477,
          -1.6584175168017685
        ],
        [
          0.0,
          -0.9659258262890684,
          -0.25881904510252074,
          -0.004665804362899734
        ],
        [
          0.0,
          0.0,
          0.0,
          1.0
        ]
      ],
      "metrics": {
        "coverage_iou": 0.28488032691185056,
        "trans_error": 0.770461774913545,
        "rot_error": 0.046236864120696095,
        "soft_f1": 0.6122274476271911
      }
    },
    {
      "key": "vln",
      "paper_name": "VLN+P",
      "color": [
        20,
        107,
        58
      ],
      "pose": [
        [
          0.6975716931575001,
          -0.22141530906797596,
          -0.6814462515970802,
          0.9637931537343111
        ],
        [
          0.7165149914030957,
          0.21556150798057377,
          0.663430104360484,
          1.7754329367717376
        ],
        [
          0.0,
          -0.9510565162951536,
          0.30901699437494745,
          0.3311308622360223
        ],
        [
          0.0,
          0.0,
          0.0,
          1.0
        ]
      ],
      "metrics": {
        "coverage_iou": 0.0,
        "trans_error": 2.931926122315086,
        "rot_error": 3.0095262405558,
        "soft_f1": 0.0
      }
    },
    {
      "key": "vlm",
      "paper_name": "VLM",
      "color": [
        0,
        200,
        209
      ],
      "pose": [
        [
          -0.9981340550895209,
          0.00927525960584322,
          0.06035211371438019,
          1.738718975883674
        ],
        [
          -0.06106069169727169,
          -0.15161886026918342,
          -0.9865512217518788,
          -0.3474125391621239
        ],
        [
          0.0,
          -0.9883955133295164,
          0.15190230159573603,
          0.13583264773071257
        ],
        [
          0.0,
          0.0,
          0.0,
          1.0
        ]
      ],
      "metrics": {
        "coverage_iou": 0.2114047287899861,
        "trans_error": 1.0723500542638533,
        "rot_error": 0.6582627404016537,
        "soft_f1": 0.5567191285295425
      }
    }
  ],
  "vln_trajectory": {
    "points": [
      [
        1.501179397286633,
        1.2522541669036125,
        0.3311308622360223
      ],
      [
        1.501179397286633,
        1.2522541669036125,
        0.3311308622360223
      ],
      [
        1.501179397286633,
        1.2522541669036125,
        0.3311308622360223
      ],
      [
        1.501179397286633,
        1.2522541669036125,
        0.3311308622360223
      ],
      [
        1.501179397286633,
        1.2522541669036125,
        0.3311308622360223
      ],
      [
        1.501179397286633,
        1.2522541669036125,
        0.3311308622360223
      ],
      [
        1.501179397286633,
        1.2522541669036125,
        0.3311308622360223
      ],
      [
        0.9637931537343111,
        1.7754329367717376,
        0.3311308622360223
      ],
      [
        0.9637931537343111,
        1.7754329367717376,
        0.3311308622360223
      ]
    ],
    "color": [
      108,
      147,
      125
    ]
  },
  "images": {
    "start": "images/start.png",
    "target": "images/target.png",
    "context": [
      "images/context_0.png",
      "images/context_1.png"
    ],
    "renders": {
      "iperceive": "images/render_iperceive.png",
      "nbv_l": "images/render_nbv_l.png",
      "vln": "images/render_vln.png",
      "vlm": "images/render_vlm.png"
    }
  }
}