{
  "dataset": "hssd",
  "data_name": "20260503_081645_6ea2b1",
  "instruction": "Check the trash can below the table",
  "target_2d_coord": null,
  "fov_rad": 0.8726646221409238,
  "gt_cameras": [
    {
      "label": "start",
      "pose": [
        [
          -0.3319255794813638,
          -0.40976280254871306,
          0.8496586698983216,
          -10.434531181457041
        ],
        [
          -0.9433055759858313,
          0.1441852557096855,
          -0.2989735813579048,
          4.334606591217547
        ],
        [
          0.0,
          -0.9007247402416328,
          -0.4343903110298883,
          1.3692463278084044
        ],
        [
          0.0,
          0.0,
          0.0,
          1.0
        ]
      ],
      "color": [
        0,
        0,
        0
      ],
      "visible": false
    },
    {
      "label": "context_0",
      "pose": [
        [
          0.7308722203412791,
          -0.1455067518825287,
          0.6668235346520914,
          -10.288725293457205
        ],
        [
          -0.6825143388777694,
          -0.1558162749846541,
          0.7140696527724503,
          1.8561624964707488
        ],
        [
          -6.4730137916413355e-09,
          -0.9770102851548839,
          -0.21319223982969845,
          1.4884781142575956
        ],
        [
          0.0,
          0.0,
          0.0,
          1.0
        ]
      ],
      "color": [
        0,
        0,
        0
      ],
      "visible": false
    },
    {
      "label": "context_1",
      "pose": [
        [
          0.34800718906621303,
          0.1821779362821237,
          0.9196207113455948,
          -8.938175846154675
        ],
        [
          -0.9374918758926156,
          0.06762643089653728,
          0.34137321979956836,
          3.887071753256108
        ],
        [
          -1.5671198283495613e-08,
          -0.9809372542014182,
          0.1943248080911132,
          1.19062557042017
        ],
        [
          0.0,
          0.0,
          0.0,
          1.0
        ]
      ],
      "color": [
        0,
        0,
        0
      ],
      "visible": false
    },
    {
      "label": "context_2",
      "pose": [
        [
          -0.2760808861400702,
          -0.29554265995759244,
          0.9145675865517546,
          -9.44730214922097
        ],
        [
          -0.9611343788905434,
          0.08489310298802843,
          -0.262704814936344,
          4.27018746672186
        ],
        [
          1.0053211735305823e-11,
          -0.95155014826476,
          -0.3074935758924502,
          0.9124841907979806
        ],
        [
          0.0,
          0.0,
          0.0,
          1.0
        ]
      ],
      "color": [
        0,
        0,
        0
      ],
      "visible": false
    },
    {
      "label": "target",
      "pose": [
        [
          0.10120752281852263,
          -0.5381230045590127,
          0.8367680063314933,
          -8.235933206280434
        ],
        [
          -0.994865328264825,
          -0.054743180637168376,
          0.08512429910540975,
          4.5678340901126875
        ],
        [
          5.103065470191126e-10,
          -0.8410867109377121,
          -0.5409003454207209,
          0.9334271027356658
        ],
        [
          0.0,
          0.0,
          0.0,
          1.0
        ]
      ],
      "color": [
        144,
        238,
        144
      ],
      "visible": true
    }
  ],
  "algorithms": [
    {
      "key": "iperceive",
      "paper_name": "I-Perceive (Ours)",
      "color": [
        255,
        102,
        31
      ],
      "pose": [
        [
          0.16183328709545253,
          -0.5427218173878672,
          0.8241741931622673,
          -8.644211212294206
        ],
        [
          -0.9867832607966701,
          -0.09601647566178555,
          0.1305356455708751,
          4.140225045491014
        ],
        [
          0.008289748225668192,
          -0.8344063439122644,
          -0.551087484428602,
          0.9893320497369842
        ],
        [
          0.0,
          0.0,
          0.0,
          1.0
        ]
      ],
      "metrics": {
        "coverage_iou": 0.382171226831421,
        "trans_error": 0.5938566786446153,
        "rot_error": 0.06287237721676636,
        "soft_f1": 0.7452314474010899
      }
    },
    {
      "key": "nbv_l",
      "paper_name": "NBV+L",
      "color": [
        30,
        85,
        230
      ],
      "pose": [
        [
          0.0,
          -0.1706784177486412,
          1.0187522642048954,
          -8.596799717931326
        ],
        [
          -1.0,
          0.0,
          0.0,
          3.931118598128213
        ],
        [
          0.0,
          -0.9848077530122081,
          -0.1736481776669302,
          0.39791598568270037
        ],
        [
          0.0,
          0.0,
          0.0,
          1.0
        ]
      ],
      "metrics": {
        "coverage_iou": 0.05100574712643678,
        "trans_error": 0.9068646001862264,
        "rot_error": 0.3744666731856795,
        "soft_f1": 0.30448513256188664
      }
    },
    {
      "key": "vln",
      "paper_name": "VLN+P",
      "color": [
        20,
        107,
        58
      ],
      "pose": [
        [
          0.4323109414101173,
          -0.278648224907775,
          0.8575910544617664,
          -10.434531181457041
        ],
        [
          -0.9017245976112099,
          -0.13359142774995847,
          0.4111521378937844,
          4.334606591217548
        ],
        [
          0.0,
          -0.9510565162951539,
          -0.3090169943749475,
          1.369246327808404
        ],
        [
          0.0,
          0.0,
          0.0,
          1.0
        ]
      ],
      "metrics": {
        "coverage_iou": 0.18434163701067616,
        "trans_error": 2.2534787165335692,
        "rot_error": 0.43018159553075663,
        "soft_f1": 0.4257644840944744
      }
    },
    {
      "key": "vlm",
      "paper_name": "VLM",
      "color": [
        0,
        200,
        209
      ],
      "pose": [
        [
          0.36005921576493377,
          -0.4005910896220001,
          0.8425462242857658,
          -9.425395422336067
        ],
        [
          -0.9329294513213424,
          -0.1546060244613675,
          0.32517628458654574,
          4.305777207101861
        ],
        [
          0.0,
          -0.9031189047493747,
          -0.4293905493653653,
          1.0608604694235173
        ],
        [
          0.0,
          0.0,
          0.0,
          1.0
        ]
      ],
      "metrics": {
        "coverage_iou": 0.29415041782729806,
        "trans_error": 1.2246360011945656,
        "rot_error": 0.2957533529559176,
        "soft_f1": 0.6648146433311726
      }
    }
  ],
  "vln_trajectory": {
    "points": [
      [
        -10.434531181457041,
        4.334606591217548,
        1.369246327808404
      ],
      [
        -10.434531181457041,
        4.334606591217548,
        1.369246327808404
      ],
      [
        -10.434531181457041,
        4.334606591217548,
        1.369246327808404
      ],
      [
        -10.434531181457041,
        4.334606591217548,
        1.369246327808404
      ],
      [
        -10.434531181457041,
        4.334606591217548,
        1.369246327808404
      ],
      [
        -10.434531181457041,
        4.334606591217548,
        1.369246327808404
      ],
      [
        -10.434531181457041,
        4.334606591217548,
        1.369246327808404
      ],
      [
        -10.434531181457041,
        4.334606591217548,
        1.369246327808404
      ],
      [
        -10.434531181457041,
        4.334606591217548,
        1.369246327808404
      ],
      [
        -10.434531181457041,
        4.334606591217548,
        1.369246327808404
      ],
      [
        -10.434531181457041,
        4.334606591217548,
        1.369246327808404
      ],
      [
        -10.434531181457041,
        4.334606591217548,
        1.369246327808404
      ],
      [
        -10.434531181457041,
        4.334606591217548,
        1.369246327808404
      ],
      [
        -10.434531181457041,
        4.334606591217548,
        1.369246327808404
      ],
      [
        -10.434531181457041,
        4.334606591217548,
        1.369246327808404
      ],
      [
        -10.434531181457041,
        4.334606591217548,
        1.369246327808404
      ],
      [
        -10.434531181457041,
        4.334606591217548,
        1.369246327808404
      ]
    ],
    "color": [
      108,
      147,
      125
    ]
  },
  "images": {
    "start": "images/start.png",
    "target": "images/target.png",
    "context": [
      "images/context_0.png",
      "images/context_1.png",
      "images/context_2.png"
    ],
    "renders": {
      "iperceive": "images/render_iperceive.png",
      "nbv_l": "images/render_nbv_l.png",
      "vln": "images/render_vln.png",
      "vlm": "images/render_vlm.png"
    }
  }
}