{
  "dataset": "replica",
  "data_name": "apartment_0_20260501_110250_270867",
  "instruction": "Look at the leaves of the tall potted plant",
  "target_2d_coord": null,
  "fov_rad": 1.0471975667402222,
  "gt_cameras": [
    {
      "label": "start",
      "pose": [
        [
          -0.7396920758597334,
          0.12709174167680215,
          -0.6608353214741742,
          4.569503994248333
        ],
        [
          0.6729454902964415,
          0.13969742806973962,
          -0.7263807511769439,
          -1.070600735025881
        ],
        [
          -1.3628046401332627e-17,
          -0.9820042351172712,
          -0.18885889497649586,
          -0.07476460933685525
        ],
        [
          0.0,
          0.0,
          0.0,
          1.0
        ]
      ],
      "color": [
        0,
        0,
        0
      ],
      "visible": false
    },
    {
      "label": "target",
      "pose": [
        [
          0.10718106692578017,
          0.22859993068564383,
          -0.9676023462411079,
          3.0048264441595793
        ],
        [
          0.994239505699037,
          -0.024643541737265295,
          0.10430952713387737,
          -2.0517409220008256
        ],
        [
          4.618015303492484e-09,
          -0.9732085170938307,
          -0.22992439887826088,
          -0.07476459735129043
        ],
        [
          0.0,
          0.0,
          0.0,
          1.0
        ]
      ],
      "color": [
        144,
        238,
        144
      ],
      "visible": true
    }
  ],
  "algorithms": [
    {
      "key": "iperceive",
      "paper_name": "I-Perceive (Ours)",
      "color": [
        255,
        102,
        31
      ],
      "pose": [
        [
          -0.14817840403232774,
          0.3428500177258791,
          -0.9276297828276121,
          3.123515683916637
        ],
        [
          0.9876274964664014,
          0.09998713188934603,
          -0.12080737312680373,
          -1.8419066346841912
        ],
        [
          0.05133222543276042,
          -0.9340537683124417,
          -0.35342405703396373,
          -0.22729778376559898
        ],
        [
          0.0,
          0.0,
          0.0,
          1.0
        ]
      ],
      "metrics": {
        "coverage_iou": 0.4801120448179272,
        "trans_error": 0.28527875189906937,
        "rot_error": 0.28869388402969554,
        "soft_f1": 0.8075732424065682
      }
    },
    {
      "key": "nbv_l",
      "paper_name": "NBV+L",
      "color": [
        30,
        85,
        230
      ],
      "pose": [
        [
          0.5446390350150268,
          -0.058502701452855646,
          0.8366276085933445,
          1.0539249506167736
        ],
        [
          -0.8386705679454243,
          -0.037992098546051456,
          0.5433123216991923,
          -2.7059621327498675
        ],
        [
          0.0,
          -0.9975640502598242,
          -0.0697564737441253,
          -0.36251927571601394
        ],
        [
          0.0,
          0.0,
          0.0,
          1.0
        ]
      ],
      "metrics": {
        "coverage_iou": 0.0,
        "trans_error": 2.0776969639890743,
        "rot_error": 2.460583510476376,
        "soft_f1": 0.3258069741368084
      }
    },
    {
      "key": "vln",
      "paper_name": "VLN+P",
      "color": [
        20,
        107,
        58
      ],
      "pose": [
        [
          0.9988856023878916,
          0.0,
          -0.0471969632728515,
          3.035777868211857
        ],
        [
          0.0471969632728515,
          0.0,
          0.9988856023878916,
          -0.3922319781442397
        ],
        [
          0.0,
          -0.9999999999999998,
          0.0,
          -0.07476460933685525
        ],
        [
          0.0,
          0.0,
          0.0,
          1.0
        ]
      ],
      "metrics": {
        "coverage_iou": 0.0,
        "trans_error": 1.659797634610487,
        "rot_error": 1.4318212202292504,
        "soft_f1": 0.0
      }
    },
    {
      "key": "vlm",
      "paper_name": "VLM",
      "color": [
        0,
        200,
        209
      ],
      "pose": [
        [
          -0.17450369083421644,
          -0.38939101820052735,
          -0.9043910088175316,
          3.52372387409961
        ],
        [
          0.9846565197495196,
          -0.06900900820823384,
          -0.16027880365438127,
          -1.5406148017240637
        ],
        [
          0.0,
          -0.91848374603521,
          0.3954587314361987,
          -0.43218694460288964
        ],
        [
          0.0,
          0.0,
          0.0,
          1.0
        ]
      ],
      "metrics": {
        "coverage_iou": 0.1694606413994169,
        "trans_error": 0.8113293168259418,
        "rot_error": 0.6964180737045308,
        "soft_f1": 0.44386840713859
      }
    }
  ],
  "vln_trajectory": {
    "points": [
      [
        4.569503994248333,
        -1.070600735025881,
        -0.07476460933685525
      ],
      [
        4.569503994248333,
        -1.070600735025881,
        -0.07476460933685525
      ],
      [
        3.820339792457414,
        -1.1059984574805197,
        -0.07476460933685525
      ],
      [
        3.0711755906664955,
        -1.1413961799351584,
        -0.07476460933685525
      ],
      [
        3.0711755906664955,
        -1.1413961799351584,
        -0.07476460933685525
      ],
      [
        3.0711755906664955,
        -1.1413961799351584,
        -0.07476460933685525
      ],
      [
        3.035777868211857,
        -0.3922319781442397,
        -0.07476460933685525
      ],
      [
        3.035777868211857,
        -0.3922319781442397,
        -0.07476460933685525
      ]
    ],
    "color": [
      108,
      147,
      125
    ]
  },
  "images": {
    "start": "images/start.png",
    "target": "images/target.png",
    "context": [],
    "renders": {
      "iperceive": "images/render_iperceive.png",
      "nbv_l": "images/render_nbv_l.png",
      "vln": "images/render_vln.png",
      "vlm": "images/render_vlm.png"
    }
  }
}