{
  "dataset": "replica",
  "data_name": "office_0_20260504_085223_659794",
  "instruction": "Look at the power outlet below the window",
  "target_2d_coord": null,
  "fov_rad": 1.0471975667402222,
  "gt_cameras": [
    {
      "label": "start",
      "pose": [
        [
          -0.9916628683734889,
          0.010143146770009066,
          -0.1284596125747965,
          1.2764388531151167
        ],
        [
          0.12885944082318826,
          0.07805855710705858,
          -0.9885859123885488,
          0.8500614004014794
        ],
        [
          -1.7293409332278006e-18,
          -0.9968971753576024,
          -0.07871481286285237,
          0.3311308622360222
        ],
        [
          0.0,
          0.0,
          0.0,
          1.0
        ]
      ],
      "color": [
        0,
        0,
        0
      ],
      "visible": false
    },
    {
      "label": "context_0",
      "pose": [
        [
          0.8485137130680795,
          -0.037432247592854476,
          0.5278478209537232,
          0.14400026662130205
        ],
        [
          -0.5291734093167549,
          -0.06002148417695942,
          0.8463881494163762,
          -2.3897077780335088
        ],
        [
          -8.076753849062257e-10,
          -0.997494990121256,
          -0.07073719873022143,
          0.3311308527203659
        ],
        [
          0.0,
          0.0,
          0.0,
          1.0
        ]
      ],
      "color": [
        0,
        0,
        0
      ],
      "visible": false
    },
    {
      "label": "context_1",
      "pose": [
        [
          -0.30465631922234293,
          0.36105452486322365,
          -0.881376292419637,
          1.2594798608161422
        ],
        [
          0.9524623206862263,
          0.11548754820150797,
          -0.2819186047578875,
          0.07528923310709723
        ],
        [
          -8.597489234429823e-09,
          -0.9253660091002924,
          -0.37907486556065306,
          0.3311308621716264
        ],
        [
          0.0,
          0.0,
          0.0,
          1.0
        ]
      ],
      "color": [
        0,
        0,
        0
      ],
      "visible": false
    },
    {
      "label": "target",
      "pose": [
        [
          -0.6769255079849825,
          0.44591483893346956,
          -0.58560380419023,
          -0.4388840785771624
        ],
        [
          0.7360515296980173,
          0.41009509907843833,
          -0.5385630358169459,
          -1.9726888004516114
        ],
        [
          1.1851524261974333e-08,
          -0.7956016185159078,
          -0.6058201327362831,
          0.33113088820606096
        ],
        [
          0.0,
          0.0,
          0.0,
          1.0
        ]
      ],
      "color": [
        144,
        238,
        144
      ],
      "visible": true
    }
  ],
  "algorithms": [
    {
      "key": "iperceive",
      "paper_name": "I-Perceive (Ours)",
      "color": [
        255,
        102,
        31
      ],
      "pose": [
        [
          -0.9934615596151337,
          -0.022981839101372324,
          0.11183052788802571,
          1.1946093176349222
        ],
        [
          -0.1125273543018554,
          0.36255169085603656,
          -0.9251453305179055,
          -0.7130556013624353
        ],
        [
          -0.019282802030200212,
          -0.9316802836481088,
          -0.36276724967687557,
          -0.06549945342192942
        ],
        [
          0.0,
          0.0,
          0.0,
          1.0
        ]
      ],
      "metrics": {
        "coverage_iou": 0.0,
        "trans_error": 2.1005456544260213,
        "rot_error": 0.975272449208677,
        "soft_f1": 0.0
      }
    },
    {
      "key": "nbv_l",
      "paper_name": "NBV+L",
      "color": [
        30,
        85,
        230
      ],
      "pose": [
        [
          -0.8191520442889916,
          0.13232580297574378,
          -0.587344412808942,
          -0.739389803045719
        ],
        [
          0.5735764363510463,
          0.11092247846520438,
          -0.8319855314173803,
          -1.914592612871234
        ],
        [
          -0.04494345552754778,
          -0.9844650528963736,
          -0.16973109741878062,
          -0.6632008649588383
        ],
        [
          0.0,
          0.0,
          0.0,
          1.0
        ]
      ],
      "metrics": {
        "coverage_iou": 0.2781569965870307,
        "trans_error": 1.0403722827822297,
        "rot_error": 0.49569382525821865,
        "soft_f1": 0.6617483670305684
      }
    },
    {
      "key": "vln",
      "paper_name": "VLN+P",
      "color": [
        20,
        107,
        58
      ],
      "pose": [
        [
          -0.12885944082318865,
          -0.637428604776692,
          0.7596578297649373,
          1.2764388531151167
        ],
        [
          -0.9916628683734886,
          0.0828292519522815,
          -0.09871205858602244,
          0.8500614004014794
        ],
        [
          1.3877787807814457e-17,
          -0.7660444431189779,
          -0.6427876096865394,
          0.3311308622360223
        ],
        [
          0.0,
          0.0,
          0.0,
          1.0
        ]
      ],
      "metrics": {
        "coverage_iou": 0.0,
        "trans_error": 3.3030670031196374,
        "rot_error": 2.2690575581745156,
        "soft_f1": 0.0
      }
    },
    {
      "key": "vlm",
      "paper_name": "VLM",
      "color": [
        0,
        200,
        209
      ],
      "pose": [
        [
          -0.9282202964010794,
          0.27705853604900904,
          -0.24828541832228573,
          -0.04443966644158914
        ],
        [
          0.3720310220251699,
          0.6912632044820748,
          -0.6194740517407334,
          -0.5691472708659676
        ],
        [
          0.0,
          -0.667378265851948,
          -0.7447189068826215,
          -0.015827441689445054
        ],
        [
          0.0,
          0.0,
          0.0,
          1.0
        ]
      ],
      "metrics": {
        "coverage_iou": 0.10659000442282177,
        "trans_error": 1.4986311843028002,
        "rot_error": 0.48392217054686676,
        "soft_f1": 0.32953239635817205
      }
    }
  ],
  "vln_trajectory": {
    "points": [
      [
        1.2764388531151167,
        0.8500614004014794,
        0.3311308622360223
      ],
      [
        1.2764388531151167,
        0.8500614004014794,
        0.3311308622360223
      ],
      [
        1.2764388531151167,
        0.8500614004014794,
        0.3311308622360223
      ],
      [
        1.2764388531151167,
        0.8500614004014794,
        0.3311308622360223
      ],
      [
        1.2764388531151167,
        0.8500614004014794,
        0.3311308622360223
      ],
      [
        1.2764388531151167,
        0.8500614004014794,
        0.3311308622360223
      ],
      [
        1.2764388531151167,
        0.8500614004014794,
        0.3311308622360223
      ],
      [
        1.2764388531151167,
        0.8500614004014794,
        0.3311308622360223
      ]
    ],
    "color": [
      108,
      147,
      125
    ]
  },
  "images": {
    "start": "images/start.png",
    "target": "images/target.png",
    "context": [
      "images/context_0.png",
      "images/context_1.png"
    ],
    "renders": {
      "iperceive": "images/render_iperceive.png",
      "nbv_l": "images/render_nbv_l.png",
      "vln": "images/render_vln.png",
      "vlm": "images/render_vlm.png"
    }
  }
}