{
  "dataset": "replica",
  "data_name": "apartment_0_20260501_110651_228727",
  "instruction": "Check the cabinet below the sink",
  "target_2d_coord": null,
  "fov_rad": 1.0471975667402222,
  "gt_cameras": [
    {
      "label": "start",
      "pose": [
        [
          0.7913516429290954,
          0.0937779313265919,
          -0.6041260438265564,
          4.815763588095907
        ],
        [
          0.611361249371778,
          -0.1213870197073308,
          0.7819863261036926,
          -2.273155610454738
        ],
        [
          -2.2228517525726386e-17,
          -0.9881654168420777,
          -0.15339201073498876,
          -0.07476460933685525
        ],
        [
          0.0,
          0.0,
          0.0,
          1.0
        ]
      ],
      "color": [
        0,
        0,
        0
      ],
      "visible": false
    },
    {
      "label": "context_0",
      "pose": [
        [
          0.8490592454452812,
          0.13683585881823435,
          -0.510268894800591,
          4.501375878323594
        ],
        [
          0.5282976152195181,
          -0.21991723268107916,
          0.8200841852789563,
          -2.2555167092900517
        ],
        [
          3.310339866807732e-10,
          -0.9658738800358883,
          -0.25901282128356196,
          -0.0747646113822867
        ],
        [
          0.0,
          0.0,
          0.0,
          1.0
        ]
      ],
      "color": [
        0,
        0,
        0
      ],
      "visible": false
    },
    {
      "label": "context_1",
      "pose": [
        [
          -0.9740781520654465,
          -0.020782147047179428,
          0.2252551975824192,
          2.9462256400488656
        ],
        [
          -0.2262118619422992,
          0.08948883015081542,
          -0.9699587526682577,
          3.088597027016672
        ],
        [
          -6.137958336038807e-10,
          -0.995770968951653,
          -0.09187027066190687,
          -0.0747646433570246
        ],
        [
          0.0,
          0.0,
          0.0,
          1.0
        ]
      ],
      "color": [
        0,
        0,
        0
      ],
      "visible": false
    },
    {
      "label": "context_2",
      "pose": [
        [
          0.4105131222582657,
          0.2851072880246817,
          -0.8661367333056902,
          3.9271944082345587
        ],
        [
          0.9118546804820944,
          -0.12835409053558194,
          0.3899310851033232,
          -0.057145800237541344
        ],
        [
          -6.920666165144418e-09,
          -0.9498626377990191,
          -0.31266746863334904,
          -0.07476465949940825
        ],
        [
          0.0,
          0.0,
          0.0,
          1.0
        ]
      ],
      "color": [
        0,
        0,
        0
      ],
      "visible": false
    },
    {
      "label": "target",
      "pose": [
        [
          -0.15853201745389184,
          0.5434008619729915,
          -0.8243682951734497,
          3.731835497027147
        ],
        [
          0.987353841427651,
          0.0872498056917876,
          -0.13236263574381746,
          -0.23546278149499722
        ],
        [
          -1.7536509189230998e-09,
          -0.8349269533851602,
          -0.5503608235365299,
          -0.44976826951645626
        ],
        [
          0.0,
          0.0,
          0.0,
          1.0
        ]
      ],
      "color": [
        144,
        238,
        144
      ],
      "visible": true
    }
  ],
  "algorithms": [
    {
      "key": "iperceive",
      "paper_name": "I-Perceive (Ours)",
      "color": [
        255,
        102,
        31
      ],
      "pose": [
        [
          0.2239033527842607,
          0.4905322336912846,
          -0.842167078675305,
          3.8394886794107577
        ],
        [
          0.974608423313674,
          -0.11056967213807531,
          0.19471205097282257,
          -0.40238570230147763
        ],
        [
          0.0023944021717523245,
          -0.8643797902907963,
          -0.5028337666479636,
          -0.3530329887547473
        ],
        [
          0.0,
          0.0,
          0.0,
          1.0
        ]
      ],
      "metrics": {
        "coverage_iou": 0.29205440229062274,
        "trans_error": 0.3815331395411386,
        "rot_error": 0.44625947826032136,
        "soft_f1": 0.6051428052215525
      }
    },
    {
      "key": "nbv_l",
      "paper_name": "NBV+L",
      "color": [
        30,
        85,
        230
      ],
      "pose": [
        [
          0.5735764363510462,
          -0.08562470437208512,
          -0.8146646436810838,
          3.3844696990894056
        ],
        [
          0.8191520442889918,
          0.059955063458311905,
          0.5704343246184221,
          -0.7147106181576829
        ],
        [
          0.0,
          -0.9945218953682733,
          0.10452846326765347,
          -1.2783722824489123
        ],
        [
          0.0,
          0.0,
          0.0,
          1.0
        ]
      ],
      "metrics": {
        "coverage_iou": 0.008639308855291577,
        "trans_error": 1.3590621760657733,
        "rot_error": 0.93884126020232,
        "soft_f1": 0.08973008558262015
      }
    },
    {
      "key": "vln",
      "paper_name": "VLN+P",
      "color": [
        20,
        107,
        58
      ],
      "pose": [
        [
          0.7913516429290954,
          0.20909786213389545,
          -0.5744916546691134,
          4.268038552640537
        ],
        [
          0.6113612493717782,
          -0.2706582023356126,
          0.743627299307276,
          -0.98587006842377
        ],
        [
          0.0,
          -0.9396926207859083,
          -0.3420201433256687,
          -0.07476460933685525
        ],
        [
          0.0,
          0.0,
          0.0,
          1.0
        ]
      ],
      "metrics": {
        "coverage_iou": 0.18431771894093688,
        "trans_error": 0.983572856782359,
        "rot_error": 1.1113641033750548,
        "soft_f1": 0.45118799582472097
      }
    },
    {
      "key": "vlm",
      "paper_name": "VLM",
      "color": [
        0,
        200,
        209
      ],
      "pose": [
        [
          0.530603889633127,
          0.5223228004023968,
          -0.6675615361043462,
          4.253141632690425
        ],
        [
          0.8476199102818412,
          -0.3269702683664255,
          0.41788865897292693,
          -1.4060703962757533
        ],
        [
          -0.0,
          -0.7875717972249805,
          -0.6162229014048523,
          -0.2837496972998179
        ],
        [
          0.0,
          0.0,
          0.0,
          1.0
        ]
      ],
      "metrics": {
        "coverage_iou": 0.05362426035502959,
        "trans_error": 1.3611963968287843,
        "rot_error": 0.8041988561006846,
        "soft_f1": 0.22170263683474253
      }
    }
  ],
  "vln_trajectory": {
    "points": [
      [
        4.8157635880959075,
        -2.273155610454737,
        -0.07476460933685525
      ],
      [
        4.357242651067074,
        -1.6796418782579154,
        -0.07476460933685525
      ],
      [
        4.20440233872413,
        -1.4818039675256416,
        -0.07476460933685525
      ],
      [
        4.20440233872413,
        -1.4818039675256416,
        -0.07476460933685525
      ],
      [
        4.20440233872413,
        -1.4818039675256416,
        -0.07476460933685525
      ],
      [
        4.20440233872413,
        -1.4818039675256416,
        -0.07476460933685525
      ],
      [
        4.236220445682333,
        -1.2338370179747058,
        -0.07476460933685525
      ],
      [
        4.268038552640537,
        -0.98587006842377,
        -0.07476460933685525
      ],
      [
        4.268038552640537,
        -0.98587006842377,
        -0.07476460933685525
      ],
      [
        4.268038552640537,
        -0.98587006842377,
        -0.07476460933685525
      ],
      [
        4.268038552640537,
        -0.98587006842377,
        -0.07476460933685525
      ],
      [
        4.268038552640537,
        -0.98587006842377,
        -0.07476460933685525
      ]
    ],
    "color": [
      108,
      147,
      125
    ]
  },
  "images": {
    "start": "images/start.png",
    "target": "images/target.png",
    "context": [
      "images/context_0.png",
      "images/context_1.png",
      "images/context_2.png"
    ],
    "renders": {
      "iperceive": "images/render_iperceive.png",
      "nbv_l": "images/render_nbv_l.png",
      "vln": "images/render_vln.png",
      "vlm": "images/render_vlm.png"
    }
  }
}