{
  "dataset": "hssd",
  "data_name": "20260430_105153_ded4d6",
  "instruction": "Look closely to the control panel of the washing machine",
  "target_2d_coord": null,
  "fov_rad": 0.8726646221409238,
  "gt_cameras": [
    {
      "label": "start",
      "pose": [
        [
          0.8936529427354879,
          0.08062376502360537,
          -0.4414569361258482,
          -1.9523215061158175
        ],
        [
          0.4487587524942581,
          -0.16055322479461018,
          0.8791121908310956,
          5.791745599187813
        ],
        [
          -9.973104676361756e-18,
          -0.9837288602666234,
          -0.17965948201675902,
          1.3160657768766764
        ],
        [
          0.0,
          0.0,
          0.0,
          1.0
        ]
      ],
      "color": [
        0,
        0,
        0
      ],
      "visible": false
    },
    {
      "label": "context_0",
      "pose": [
        [
          0.9998321458657207,
          -0.005973147333782576,
          0.01731978092656805,
          -2.1693099798906283
        ],
        [
          -0.01832085074028944,
          -0.3259754204266207,
          0.9452007141894809,
          7.396848776886742
        ],
        [
          -2.5875784570583704e-09,
          -0.9453593532138782,
          -0.3260301442104293,
          1.8626372234367934
        ],
        [
          0.0,
          0.0,
          0.0,
          1.0
        ]
      ],
      "color": [
        0,
        0,
        0
      ],
      "visible": false
    },
    {
      "label": "context_1",
      "pose": [
        [
          0.993828917287068,
          -0.0037779218390839447,
          0.11085968183478712,
          -3.444806759638967
        ],
        [
          -0.11092404302542486,
          -0.03384843781464053,
          0.9932522887143733,
          7.024759407151416
        ],
        [
          6.098322180569937e-09,
          -0.9994198161073516,
          -0.034058623451110576,
          1.4804809340285874
        ],
        [
          0.0,
          0.0,
          0.0,
          1.0
        ]
      ],
      "color": [
        0,
        0,
        0
      ],
      "visible": false
    },
    {
      "label": "context_2",
      "pose": [
        [
          0.6233533676664336,
          -0.10274760378107774,
          0.7751603297508687,
          -4.774827106582764
        ],
        [
          -0.7819402602588579,
          -0.08190914888474798,
          0.6179484734832532,
          6.318218463903062
        ],
        [
          -1.562796309029224e-09,
          -0.9913293425010069,
          -0.13140083308829673,
          1.3568854930850878
        ],
        [
          0.0,
          0.0,
          0.0,
          1.0
        ]
      ],
      "color": [
        0,
        0,
        0
      ],
      "visible": false
    },
    {
      "label": "target",
      "pose": [
        [
          0.9999395860894214,
          0.002657393782770162,
          -0.010666861772995306,
          -3.449995145885463
        ],
        [
          0.01099291096781646,
          -0.2417229869639161,
          0.9702830440032372,
          7.388022986390473
        ],
        [
          2.0678079110103553e-09,
          -0.970341642733965,
          -0.24173760189177676,
          0.87039581979603
        ],
        [
          0.0,
          0.0,
          0.0,
          1.0
        ]
      ],
      "color": [
        144,
        238,
        144
      ],
      "visible": true
    }
  ],
  "algorithms": [
    {
      "key": "iperceive",
      "paper_name": "I-Perceive (Ours)",
      "color": [
        255,
        102,
        31
      ],
      "pose": [
        [
          0.9309278594951008,
          0.21236821249951018,
          -0.29710784916795063,
          -3.1809607965657176
        ],
        [
          0.36384793111421687,
          -0.46931165944864933,
          0.8045876422363276,
          7.4023620364340035
        ],
        [
          0.03143266367073982,
          -0.8571151294604714,
          -0.514165044229091,
          1.0173916840174506
        ],
        [
          0.0,
          0.0,
          0.0,
          1.0
        ]
      ],
      "metrics": {
        "coverage_iou": 0.15848214285714285,
        "trans_error": 0.30690862995682916,
        "rot_error": 0.46380497564745626,
        "soft_f1": 0.5850719911132632
      }
    },
    {
      "key": "nbv_l",
      "paper_name": "NBV+L",
      "color": [
        30,
        85,
        230
      ],
      "pose": [
        [
          -0.707106781186547,
          -0.18301270189221958,
          0.7071067811865481,
          -3.7219821484689977
        ],
        [
          -0.7071067811865481,
          0.1830127018922193,
          -0.707106781186547,
          8.249078207493787
        ],
        [
          0.0,
          -0.9659258262890683,
          -0.2588190451025209,
          0.747156471222123
        ],
        [
          0.0,
          0.0,
          0.0,
          1.0
        ]
      ],
      "metrics": {
        "coverage_iou": 0.0,
        "trans_error": 0.911362205479411,
        "rot_error": 2.384268628278869,
        "soft_f1": 0.0
      }
    },
    {
      "key": "vln",
      "paper_name": "VLN+P",
      "color": [
        20,
        107,
        58
      ],
      "pose": [
        [
          0.3145876988300714,
          0.293327711111453,
          -0.9027698674850173,
          -2.052949796363958
        ],
        [
          0.949228412841082,
          -0.09721294515979988,
          0.29919068091863665,
          7.173906615870241
        ],
        [
          -1.3877787807814457e-17,
          -0.9510565162951536,
          -0.30901699437494734,
          1.316065776876676
        ],
        [
          0.0,
          0.0,
          0.0,
          1.0
        ]
      ],
      "metrics": {
        "coverage_iou": 0.02133632790567097,
        "trans_error": 1.4819593042730954,
        "rot_error": 1.2414961758829466,
        "soft_f1": 0.10316133776281589
      }
    },
    {
      "key": "vlm",
      "paper_name": "VLM",
      "color": [
        0,
        200,
        209
      ],
      "pose": [
        [
          0.630237911198001,
          0.22087985448794822,
          -0.7443200018608686,
          -2.7453034528306817
        ],
        [
          0.7764020706365875,
          -0.17929738132210857,
          0.6041955592043471,
          7.264891840127003
        ],
        [
          -0.0,
          -0.9586785378490629,
          -0.28449158347406833,
          1.0106446574481855
        ],
        [
          0.0,
          0.0,
          0.0,
          1.0
        ]
      ],
      "metrics": {
        "coverage_iou": 0.15768194070080863,
        "trans_error": 0.7289866045689407,
        "rot_error": 0.8789888420556627,
        "soft_f1": 0.5627629156125092
      }
    }
  ],
  "vln_trajectory": {
    "points": [
      [
        -1.9523215061158177,
        5.791745599187813,
        1.316065776876676
      ],
      [
        -1.9523215061158177,
        5.791745599187813,
        1.316065776876676
      ],
      [
        -1.716380731993264,
        6.503666908818625,
        1.316065776876676
      ],
      [
        -1.716380731993264,
        6.503666908818625,
        1.316065776876676
      ],
      [
        -1.716380731993264,
        6.503666908818625,
        1.316065776876676
      ],
      [
        -1.716380731993264,
        6.503666908818625,
        1.316065776876676
      ],
      [
        -1.716380731993264,
        6.503666908818625,
        1.316065776876676
      ],
      [
        -1.716380731993264,
        6.503666908818625,
        1.316065776876676
      ],
      [
        -1.716380731993264,
        6.503666908818625,
        1.316065776876676
      ],
      [
        -1.716380731993264,
        6.503666908818625,
        1.316065776876676
      ],
      [
        -1.716380731993264,
        6.503666908818625,
        1.316065776876676
      ],
      [
        -1.716380731993264,
        6.503666908818625,
        1.316065776876676
      ],
      [
        -2.052949796363958,
        7.173906615870241,
        1.316065776876676
      ],
      [
        -2.052949796363958,
        7.173906615870241,
        1.316065776876676
      ],
      [
        -2.052949796363958,
        7.173906615870241,
        1.316065776876676
      ]
    ],
    "color": [
      108,
      147,
      125
    ]
  },
  "images": {
    "start": "images/start.png",
    "target": "images/target.png",
    "context": [
      "images/context_0.png",
      "images/context_1.png",
      "images/context_2.png"
    ],
    "renders": {
      "iperceive": "images/render_iperceive.png",
      "nbv_l": "images/render_nbv_l.png",
      "vln": "images/render_vln.png",
      "vlm": "images/render_vlm.png"
    }
  }
}