{
  "dataset": "replica",
  "data_name": "frl_apartment_0_20260502_115927_915379",
  "instruction": "inspect the potted plants on the stairs",
  "target_2d_coord": null,
  "fov_rad": 1.0471975667402222,
  "gt_cameras": [
    {
      "label": "start",
      "pose": [
        [
          -0.7049734330932464,
          -0.13449967078099187,
          0.6963636242600026,
          0.45064071067815686
        ],
        [
          -0.7092337122787674,
          0.13369174789468888,
          -0.6921806541013272,
          -1.805923762049824
        ],
        [
          -1.3625954950958786e-17,
          -0.9818535303723605,
          -0.18964083129783058,
          -0.14106273651123255
        ],
        [
          0.0,
          0.0,
          0.0,
          1.0
        ]
      ],
      "color": [
        0,
        0,
        0
      ],
      "visible": false
    },
    {
      "label": "context_0",
      "pose": [
        [
          0.5643241027278552,
          -0.13868957365932588,
          0.8138203121107987,
          0.588809723123759
        ],
        [
          -0.8255533095486505,
          -0.09480412917920858,
          0.5563037741328472,
          -4.317124257429138
        ],
        [
          -3.680907134651079e-09,
          -0.9857876683094694,
          -0.16799590742308573,
          -0.14106272638730055
        ],
        [
          0.0,
          0.0,
          0.0,
          1.0
        ]
      ],
      "color": [
        0,
        0,
        0
      ],
      "visible": false
    },
    {
      "label": "context_1",
      "pose": [
        [
          0.9984778368231728,
          -0.0021392448239920814,
          0.05511250235805237,
          3.964833452977619
        ],
        [
          -0.05515400528884906,
          -0.0387275484314049,
          0.9977265074286041,
          -3.754371941556981
        ],
        [
          -9.063618411353502e-09,
          -0.9992474941451097,
          -0.03878658544240446,
          -0.1410627852433035
        ],
        [
          0.0,
          0.0,
          0.0,
          1.0
        ]
      ],
      "color": [
        0,
        0,
        0
      ],
      "visible": false
    },
    {
      "label": "context_2",
      "pose": [
        [
          -0.9991835978541258,
          -0.009162853206749512,
          0.0393468613364783,
          4.370139395851143
        ],
        [
          -0.04039965064201284,
          0.22662021551669476,
          -0.9731449499961503,
          -1.6347496260905083
        ],
        [
          -3.876484272469227e-09,
          -0.9739400927064792,
          -0.22680537797713543,
          -0.14106272142282567
        ],
        [
          0.0,
          0.0,
          0.0,
          1.0
        ]
      ],
      "color": [
        0,
        0,
        0
      ],
      "visible": false
    },
    {
      "label": "context_3",
      "pose": [
        [
          0.813876549514149,
          0.1374347979272852,
          -0.5645499659996581,
          4.159833750292251
        ],
        [
          0.5810378464913648,
          -0.19250890645730845,
          0.7907815036065615,
          -4.781633379154339
        ],
        [
          -1.2826714967939523e-09,
          -0.9716233808299073,
          -0.23653328546467267,
          -0.1410626785979534
        ],
        [
          0.0,
          0.0,
          0.0,
          1.0
        ]
      ],
      "color": [
        0,
        0,
        0
      ],
      "visible": false
    },
    {
      "label": "target",
      "pose": [
        [
          0.9994221947471631,
          0.00010889737123473409,
          0.03398999676318071,
          3.9939948081085386
        ],
        [
          -0.0339901675381275,
          0.0032018204664009398,
          0.9994170295807947,
          -1.4431620636850526
        ],
        [
          -1.5550070675551808e-09,
          -0.9999948746893745,
          0.003203669066261086,
          -0.14106274133890784
        ],
        [
          0.0,
          0.0,
          0.0,
          1.0
        ]
      ],
      "color": [
        144,
        238,
        144
      ],
      "visible": true
    }
  ],
  "algorithms": [
    {
      "key": "iperceive",
      "paper_name": "I-Perceive (Ours)",
      "color": [
        255,
        102,
        31
      ],
      "pose": [
        [
          -0.9325319730113519,
          -0.0671202083807057,
          0.35479431511973947,
          1.2506562779242791
        ],
        [
          -0.36082077574410204,
          0.21096586198604964,
          -0.9084612394582805,
          -2.8898560451308297
        ],
        [
          -0.013873374141151626,
          -0.9751862870840988,
          -0.22095078559494322,
          -0.13602145725319897
        ],
        [
          0.0,
          0.0,
          0.0,
          1.0
        ]
      ],
      "metrics": {
        "coverage_iou": 0.0,
        "trans_error": 3.101427807293288,
        "rot_error": 2.739463262433011,
        "soft_f1": 0.0
      }
    },
    {
      "key": "nbv_l",
      "paper_name": "NBV+L",
      "color": [
        30,
        85,
        230
      ],
      "pose": [
        [
          0.7071067811865475,
          0.1830127018922193,
          0.7071067811865476,
          4.578836507287844
        ],
        [
          -0.7071067811865475,
          0.1830127018922193,
          0.7071067811865476,
          2.291410872699627
        ],
        [
          0.0,
          -0.9659258262890683,
          0.25881904510252074,
          0.18939278341593468
        ],
        [
          0.0,
          0.0,
          0.0,
          1.0
        ]
      ],
      "metrics": {
        "coverage_iou": 0.07617728531855955,
        "trans_error": 3.7945059637843337,
        "rot_error": 0.7750172571252831,
        "soft_f1": 0.2368082368082368
      }
    },
    {
      "key": "vln",
      "paper_name": "VLN+P",
      "color": [
        20,
        107,
        58
      ],
      "pose": [
        [
          0.7049734330932464,
          -0.24257221592498027,
          -0.6664616858409542,
          2.2006327700444435
        ],
        [
          0.7092337122787679,
          0.24111511462734084,
          0.6624583329278318,
          -1.800651935521622
        ],
        [
          -2.7755575615628914e-17,
          -0.9396926207859083,
          0.3420201433256687,
          -0.14106273651123247
        ],
        [
          0.0,
          0.0,
          0.0,
          1.0
        ]
      ],
      "metrics": {
        "coverage_iou": 0.0,
        "trans_error": 1.8286459113896278,
        "rot_error": 0.8883366829233996,
        "soft_f1": 0.0
      }
    },
    {
      "key": "vlm",
      "paper_name": "VLM",
      "color": [
        0,
        200,
        209
      ],
      "pose": [
        [
          -0.0481898049318709,
          0.3401671005810015,
          0.9391294300483523,
          2.714306873331525
        ],
        [
          -0.9988381964565773,
          -0.016411653338240365,
          -0.045309104317754874,
          -2.55163167228338
        ],
        [
          0.0,
          -0.9402217830474999,
          0.34056276761117,
          -0.7079271456697253
        ],
        [
          0.0,
          0.0,
          0.0,
          1.0
        ]
      ],
      "metrics": {
        "coverage_iou": 0.0,
        "trans_error": 1.7853966056467838,
        "rot_error": 1.6139499621733469,
        "soft_f1": 0.0
      }
    }
  ],
  "vln_trajectory": {
    "points": [
      [
        0.45064071067815686,
        -1.805923762049824,
        -0.14106273651123247
      ],
      [
        0.45064071067815686,
        -1.805923762049824,
        -0.14106273651123247
      ],
      [
        1.2006373075494225,
        -1.8036644078234516,
        -0.14106273651123247
      ],
      [
        1.4506361731731778,
        -1.8029112897479942,
        -0.14106273651123247
      ],
      [
        1.7006350387969331,
        -1.8021581716725368,
        -0.14106273651123247
      ],
      [
        1.9506339044206884,
        -1.8014050535970794,
        -0.14106273651123247
      ],
      [
        2.2006327700444435,
        -1.800651935521622,
        -0.14106273651123247
      ],
      [
        2.2006327700444435,
        -1.800651935521622,
        -0.14106273651123247
      ],
      [
        2.2006327700444435,
        -1.800651935521622,
        -0.14106273651123247
      ],
      [
        2.2006327700444435,
        -1.800651935521622,
        -0.14106273651123247
      ],
      [
        2.2006327700444435,
        -1.800651935521622,
        -0.14106273651123247
      ]
    ],
    "color": [
      108,
      147,
      125
    ]
  },
  "images": {
    "start": "images/start.png",
    "target": "images/target.png",
    "context": [
      "images/context_0.png",
      "images/context_1.png",
      "images/context_2.png",
      "images/context_3.png"
    ],
    "renders": {
      "iperceive": "images/render_iperceive.png",
      "nbv_l": "images/render_nbv_l.png",
      "vln": "images/render_vln.png",
      "vlm": "images/render_vlm.png"
    }
  }
}