{
  "dataset": "replica",
  "data_name": "apartment_0_20260501_105939_964303",
  "instruction": "Inspect the globe on the top shelf",
  "target_2d_coord": null,
  "fov_rad": 1.0471975667402222,
  "gt_cameras": [
    {
      "label": "start",
      "pose": [
        [
          0.23869327992123582,
          -0.1527954242936747,
          0.9589989970982026,
          0.7315453318855595
        ],
        [
          -0.9710950098319125,
          -0.03755682050917646,
          0.235720103327652,
          -4.020562618105947
        ],
        [
          -4.367157600201503e-18,
          -0.9875439451225233,
          -0.15734343472748574,
          -0.07476460933685525
        ],
        [
          0.0,
          0.0,
          0.0,
          1.0
        ]
      ],
      "color": [
        0,
        0,
        0
      ],
      "visible": false
    },
    {
      "label": "context_0",
      "pose": [
        [
          0.9408126004290217,
          -0.06001095848045898,
          0.33357199811559934,
          2.189128182863528
        ],
        [
          -0.3389271564808034,
          -0.16658173073364071,
          0.9259475925588436,
          -4.050985105941639
        ],
        [
          2.4718608548912613e-09,
          -0.9841998011363563,
          -0.17706152634111638,
          -0.07476460504070467
        ],
        [
          0.0,
          0.0,
          0.0,
          1.0
        ]
      ],
      "color": [
        0,
        0,
        0
      ],
      "visible": false
    },
    {
      "label": "context_1",
      "pose": [
        [
          0.8559510240185978,
          0.0844177224722102,
          -0.5101191011861418,
          5.04948682970981
        ],
        [
          0.5170569284831841,
          -0.13974755292814306,
          0.8444659325024282,
          -4.026398188156716
        ],
        [
          -2.0138250234058575e-09,
          -0.9865821038013761,
          -0.1632658268005553,
          -0.07476463808179157
        ],
        [
          0.0,
          0.0,
          0.0,
          1.0
        ]
      ],
      "color": [
        0,
        0,
        0
      ],
      "visible": false
    },
    {
      "label": "target",
      "pose": [
        [
          -0.7974034206461785,
          -0.20578637352578452,
          0.5672739509163804,
          2.6380400314141106
        ],
        [
          -0.6034465869871181,
          0.27192922061051306,
          -0.7496043517337886,
          -2.9385570622074435
        ],
        [
          -6.029464871826207e-09,
          -0.9400566506697504,
          -0.34101838033921816,
          -0.07476459182357437
        ],
        [
          0.0,
          0.0,
          0.0,
          1.0
        ]
      ],
      "color": [
        144,
        238,
        144
      ],
      "visible": true
    }
  ],
  "algorithms": [
    {
      "key": "iperceive",
      "paper_name": "I-Perceive (Ours)",
      "color": [
        255,
        102,
        31
      ],
      "pose": [
        [
          -0.8462767943709764,
          -0.03757480738843802,
          0.5314165554968182,
          3.1094105964010597
        ],
        [
          -0.5321539154387217,
          0.012715120394458636,
          -0.8465521059866122,
          -3.2212736932153874
        ],
        [
          0.02505198225169454,
          -0.9992129234244685,
          -0.03075609727670808,
          -0.08800160774255272
        ],
        [
          0.0,
          0.0,
          0.0,
          1.0
        ]
      ],
      "metrics": {
        "coverage_iou": 0.33035099793530626,
        "trans_error": 0.5498128060708318,
        "rot_error": 0.32861025320365556,
        "soft_f1": 0.5956051146130217
      }
    },
    {
      "key": "nbv_l",
      "paper_name": "NBV+L",
      "color": [
        30,
        85,
        230
      ],
      "pose": [
        [
          0.7071067811865475,
          -0.1332416165324638,
          -0.7181506253410257,
          1.4478686162079766
        ],
        [
          0.7071067811865475,
          0.1332416165324638,
          0.7181506253410257,
          -2.273609794245879
        ],
        [
          0.0,
          -0.9816271834476639,
          0.1908089953765449,
          -0.29681280533997123
        ],
        [
          0.0,
          0.0,
          0.0,
          1.0
        ]
      ],
      "metrics": {
        "coverage_iou": 0.0,
        "trans_error": 1.38129224425277,
        "rot_error": 3.141592653589793,
        "soft_f1": 0.0
      }
    },
    {
      "key": "vln",
      "paper_name": "VLN+P",
      "color": [
        20,
        107,
        58
      ],
      "pose": [
        [
          -0.020777879510951114,
          0.0,
          0.9997841165586838,
          2.2491713986214217
        ],
        [
          -0.9997841165586838,
          0.0,
          -0.020777879510951114,
          -5.301980685198186
        ],
        [
          0.0,
          -1.0,
          0.0,
          -0.07476460933685525
        ],
        [
          0.0,
          0.0,
          0.0,
          1.0
        ]
      ],
      "metrics": {
        "coverage_iou": 0.09995100440960314,
        "trans_error": 2.3952014321881077,
        "rot_error": 0.9626659921296642,
        "soft_f1": 0.3203978826742712
      }
    },
    {
      "key": "vlm",
      "paper_name": "VLM",
      "color": [
        0,
        200,
        209
      ],
      "pose": [
        [
          -0.6724856052389026,
          -0.21750041293452502,
          0.7074296298005744,
          2.132023973216725
        ],
        [
          -0.7401102017581347,
          0.19762718644403235,
          -0.6427910892597599,
          -3.9260325031144143
        ],
        [
          0.0,
          -0.9558436407444089,
          -0.29387571258692546,
          -0.29504541795533534
        ],
        [
          0.0,
          0.0,
          0.0,
          1.0
        ]
      ],
      "metrics": {
        "coverage_iou": 0.08247422680412371,
        "trans_error": 1.1312309953802695,
        "rot_error": 0.19195017986287327,
        "soft_f1": 0.36695106832932256
      }
    }
  ],
  "vln_trajectory": {
    "points": [
      [
        0.7315453318855595,
        -4.020562618105947,
        -0.07476460933685525
      ],
      [
        1.459866589259494,
        -3.84154265816502,
        -0.07476460933685525
      ],
      [
        2.1881878466334284,
        -3.662522698224093,
        -0.07476460933685525
      ],
      [
        2.1881878466334284,
        -3.662522698224093,
        -0.07476460933685525
      ],
      [
        2.1881878466334284,
        -3.662522698224093,
        -0.07476460933685525
      ],
      [
        2.1881878466334284,
        -3.662522698224093,
        -0.07476460933685525
      ],
      [
        1.7997731743039798,
        -4.304109825837488,
        -0.07476460933685525
      ],
      [
        1.6703016168608302,
        -4.517972201708619,
        -0.07476460933685525
      ],
      [
        1.6703016168608302,
        -4.517972201708619,
        -0.07476460933685525
      ],
      [
        1.6703016168608302,
        -4.517972201708619,
        -0.07476460933685525
      ],
      [
        1.6703016168608302,
        -4.517972201708619,
        -0.07476460933685525
      ],
      [
        1.6703016168608302,
        -4.517972201708619,
        -0.07476460933685525
      ],
      [
        1.6703016168608302,
        -4.517972201708619,
        -0.07476460933685525
      ],
      [
        1.6703016168608302,
        -4.517972201708619,
        -0.07476460933685525
      ],
      [
        1.7299749368411392,
        -4.760745954166597,
        -0.07476460933685525
      ],
      [
        1.7299749368411392,
        -4.760745954166597,
        -0.07476460933685525
      ],
      [
        1.7299749368411392,
        -4.760745954166597,
        -0.07476460933685525
      ],
      [
        1.7299749368411392,
        -4.760745954166597,
        -0.07476460933685525
      ],
      [
        1.7299749368411392,
        -4.760745954166597,
        -0.07476460933685525
      ],
      [
        2.2491713986214217,
        -5.301980685198186,
        -0.07476460933685525
      ],
      [
        2.2491713986214217,
        -5.301980685198186,
        -0.07476460933685525
      ]
    ],
    "color": [
      108,
      147,
      125
    ]
  },
  "images": {
    "start": "images/start.png",
    "target": "images/target.png",
    "context": [
      "images/context_0.png",
      "images/context_1.png"
    ],
    "renders": {
      "iperceive": "images/render_iperceive.png",
      "nbv_l": "images/render_nbv_l.png",
      "vln": "images/render_vln.png",
      "vlm": "images/render_vlm.png"
    }
  }
}