{
  "dataset": "replica",
  "data_name": "frl_apartment_5_20260504_080855_783251",
  "instruction": "Check the yellow stand mixer next to the sink",
  "target_2d_coord": null,
  "fov_rad": 1.0471975667402222,
  "gt_cameras": [
    {
      "label": "start",
      "pose": [
        [
          -0.06633693633075488,
          -0.09841841791277148,
          0.9929316320340474,
          -1.2166268517902825
        ],
        [
          -0.9977972794502147,
          0.006543189140033011,
          -0.06601345164152805,
          0.18611507016010514
        ],
        [
          -7.768189311695116e-18,
          -0.9951236112621511,
          -0.09863568476254009,
          0.026610493659972922
        ],
        [
          0.0,
          0.0,
          0.0,
          1.0
        ]
      ],
      "color": [
        0,
        0,
        0
      ],
      "visible": false
    },
    {
      "label": "context_0",
      "pose": [
        [
          -0.9277677834564303,
          -0.032348099202180056,
          0.3717533342119643,
          2.0945207460652364
        ],
        [
          -0.37315807314728705,
          0.08042576291705994,
          -0.9242752594943601,
          3.3728560559319956
        ],
        [
          7.117401668033096e-10,
          -0.9962355388415188,
          -0.08668738779384742,
          0.026610503100876814
        ],
        [
          0.0,
          0.0,
          0.0,
          1.0
        ]
      ],
      "color": [
        0,
        0,
        0
      ],
      "visible": false
    },
    {
      "label": "context_1",
      "pose": [
        [
          -0.7278675542762465,
          0.07854510001488532,
          -0.6812044529764751,
          5.321346875429726
        ],
        [
          0.6857177888429877,
          0.08337311930071434,
          -0.723076813462851,
          4.05848777606854
        ],
        [
          1.6151185944224267e-10,
          -0.9934181113261601,
          -0.11454436022201947,
          0.02661057070921291
        ],
        [
          0.0,
          0.0,
          0.0,
          1.0
        ]
      ],
      "color": [
        0,
        0,
        0
      ],
      "visible": false
    },
    {
      "label": "context_2",
      "pose": [
        [
          -0.01920578420001824,
          0.12246536286205394,
          -0.9922869296680364,
          6.8671078163215284
        ],
        [
          0.9998155344634706,
          0.002352477857445221,
          -0.01906116704917718,
          3.4102372525933253
        ],
        [
          2.3483858087314236e-10,
          -0.9924700251782947,
          -0.12248795300325675,
          0.02661052339730441
        ],
        [
          0.0,
          0.0,
          0.0,
          1.0
        ]
      ],
      "color": [
        0,
        0,
        0
      ],
      "visible": false
    },
    {
      "label": "context_3",
      "pose": [
        [
          -0.19396956008246682,
          0.1570635407126219,
          -0.9683526432609227,
          5.069627512231316
        ],
        [
          0.9810075228309529,
          0.03105536534462381,
          -0.19146738204275518,
          0.08071078979755222
        ],
        [
          4.25662345301947e-09,
          -0.9871000804674245,
          -0.16010429694263129,
          0.026610430250009864
        ],
        [
          0.0,
          0.0,
          0.0,
          1.0
        ]
      ],
      "color": [
        0,
        0,
        0
      ],
      "visible": false
    },
    {
      "label": "target",
      "pose": [
        [
          -0.9771019790456066,
          -0.06385252666469844,
          0.20296456377446365,
          2.306356576931149
        ],
        [
          -0.21277160595136352,
          0.2932272115339557,
          -0.9320654419126954,
          0.12303421283663321
        ],
        [
          -1.4650344826172557e-10,
          -0.9539080787119001,
          -0.3000988861141411,
          -0.09418950228550035
        ],
        [
          0.0,
          0.0,
          0.0,
          1.0
        ]
      ],
      "color": [
        144,
        238,
        144
      ],
      "visible": true
    }
  ],
  "algorithms": [
    {
      "key": "iperceive",
      "paper_name": "I-Perceive (Ours)",
      "color": [
        255,
        102,
        31
      ],
      "pose": [
        [
          -0.8876942632972512,
          -0.22214845412108913,
          0.40329770972495427,
          2.331304375629548
        ],
        [
          -0.45777593291681584,
          0.3318475284530869,
          -0.824814170267137,
          0.2681100881248388
        ],
        [
          0.04939784967503845,
          -0.9168027306570413,
          -0.39627337359948167,
          -0.12320584790985195
        ],
        [
          0.0,
          0.0,
          0.0,
          1.0
        ]
      ],
      "metrics": {
        "coverage_iou": 0.36100861008610086,
        "trans_error": 0.15003786505068792,
        "rot_error": 0.283143941791663,
        "soft_f1": 0.6398966787562549
      }
    },
    {
      "key": "nbv_l",
      "paper_name": "NBV+L",
      "color": [
        30,
        85,
        230
      ],
      "pose": [
        [
          -0.7071067811865475,
          0.18301270189221935,
          -0.7071067811865477,
          2.613800153507004
        ],
        [
          0.7071067811865477,
          0.1830127018922193,
          -0.7071067811865475,
          -0.48713011226768876
        ],
        [
          0.0,
          -0.9659258262890683,
          -0.25881904510252074,
          -0.08893791847288571
        ],
        [
          0.0,
          0.0,
          0.0,
          1.0
        ]
      ],
      "metrics": {
        "coverage_iou": 0.15587529976019185,
        "trans_error": 0.6832639831261283,
        "rot_error": 0.990185436045846,
        "soft_f1": 0.4270077367833793
      }
    },
    {
      "key": "vln",
      "paper_name": "VLN+P",
      "color": [
        20,
        107,
        58
      ],
      "pose": [
        [
          -0.06633693633075537,
          -0.20745371946385446,
          0.9759930149129458,
          0.28006906738503945
        ],
        [
          -0.9977972794502146,
          0.013792224596197401,
          -0.0648873151119596,
          0.08660966566397206
        ],
        [
          0.0,
          -0.9781476007338058,
          -0.20791169081775937,
          0.026610493659972922
        ],
        [
          0.0,
          0.0,
          0.0,
          1.0
        ]
      ],
      "metrics": {
        "coverage_iou": 0.04720263281617301,
        "trans_error": 2.0302118278132038,
        "rot_error": 1.2930179305292564,
        "soft_f1": 0.13400844039152393
      }
    },
    {
      "key": "vlm",
      "paper_name": "VLM",
      "color": [
        0,
        200,
        209
      ],
      "pose": [
        [
          -0.6343037239644096,
          -0.19585327520626755,
          0.7478638113693296,
          0.4722162077448917
        ],
        [
          -0.7730839448370934,
          0.16069466019002646,
          -0.613610984599795,
          -0.07371425703714177
        ],
        [
          0.0,
          -0.9673772380914232,
          -0.25334024398545535,
          -0.03363214504310062
        ],
        [
          0.0,
          0.0,
          0.0,
          1.0
        ]
      ],
      "metrics": {
        "coverage_iou": 0.1910310734463277,
        "trans_error": 1.8456564376496383,
        "rot_error": 0.6709787049952272,
        "soft_f1": 0.47744187001023886
      }
    }
  ],
  "vln_trajectory": {
    "points": [
      [
        -1.2166268517902825,
        0.18611507016010512,
        0.026610493659972922
      ],
      [
        -1.2166268517902825,
        0.18611507016010512,
        0.026610493659972922
      ],
      [
        -1.2166268517902825,
        0.18611507016010512,
        0.026610493659972922
      ],
      [
        -1.2166268517902825,
        0.18611507016010512,
        0.026610493659972922
      ],
      [
        -1.2166268517902825,
        0.18611507016010512,
        0.026610493659972922
      ],
      [
        -1.2166268517902825,
        0.18611507016010512,
        0.026610493659972922
      ],
      [
        -1.2166268517902825,
        0.18611507016010512,
        0.026610493659972922
      ],
      [
        -1.2166268517902825,
        0.18611507016010512,
        0.026610493659972922
      ],
      [
        -1.2166268517902825,
        0.18611507016010512,
        0.026610493659972922
      ],
      [
        -0.46827889220262153,
        0.1363623679120386,
        0.026610493659972922
      ],
      [
        0.28006906738503945,
        0.08660966566397206,
        0.026610493659972922
      ],
      [
        0.28006906738503945,
        0.08660966566397206,
        0.026610493659972922
      ]
    ],
    "color": [
      108,
      147,
      125
    ]
  },
  "images": {
    "start": "images/start.png",
    "target": "images/target.png",
    "context": [
      "images/context_0.png",
      "images/context_1.png",
      "images/context_2.png",
      "images/context_3.png"
    ],
    "renders": {
      "iperceive": "images/render_iperceive.png",
      "nbv_l": "images/render_nbv_l.png",
      "vln": "images/render_vln.png",
      "vlm": "images/render_vlm.png"
    }
  }
}