{
  "dataset": "hssd",
  "data_name": "20260504_094535_456f82",
  "instruction": "Check the items on top of the refrigerator",
  "target_2d_coord": null,
  "fov_rad": 0.8726646221409238,
  "gt_cameras": [
    {
      "label": "start",
      "pose": [
        [
          0.5129891511695707,
          0.35005583030839316,
          -0.7837748697485936,
          -2.289247008615718
        ],
        [
          0.858395090143416,
          -0.20919835785857005,
          0.46839504297863166,
          5.556186005800608
        ],
        [
          0.0,
          -0.913070075479631,
          -0.40780269403673747,
          1.758683176719454
        ],
        [
          0.0,
          0.0,
          0.0,
          1.0
        ]
      ],
      "color": [
        0,
        0,
        0
      ],
      "visible": false
    },
    {
      "label": "context_0",
      "pose": [
        [
          0.8268607988908167,
          0.22179969723580642,
          -0.5168230860227406,
          -2.922489948045526
        ],
        [
          0.5624066135702238,
          -0.3260940975925081,
          0.7598430136755762,
          4.461796117196019
        ],
        [
          -5.698082922167558e-09,
          -0.91894917424035,
          -0.39437602484683876,
          1.6262352682473105
        ],
        [
          0.0,
          0.0,
          0.0,
          1.0
        ]
      ],
      "color": [
        0,
        0,
        0
      ],
      "visible": false
    },
    {
      "label": "context_1",
      "pose": [
        [
          -0.3203790412904272,
          -0.1567662053389633,
          -0.9342278355759601,
          -3.2730077771480435
        ],
        [
          0.9472894553935436,
          -0.0530192840879016,
          -0.31596150247714805,
          5.060242757599191
        ],
        [
          -2.1657687088172395e-08,
          -0.9862115883486803,
          0.16548922628598223,
          1.667959682788068
        ],
        [
          0.0,
          0.0,
          0.0,
          1.0
        ]
      ],
      "color": [
        0,
        0,
        0
      ],
      "visible": false
    },
    {
      "label": "context_2",
      "pose": [
        [
          -0.5108906424271418,
          0.012483206011571435,
          -0.8595550665138882,
          -1.4221748303515105
        ],
        [
          0.859645698832332,
          0.007418826267392348,
          -0.51083676789131,
          6.46133063223909
        ],
        [
          -3.813659887885734e-09,
          -0.9998945480173804,
          -0.014521351846256247,
          1.6688099469549404
        ],
        [
          0.0,
          0.0,
          0.0,
          1.0
        ]
      ],
      "color": [
        0,
        0,
        0
      ],
      "visible": false
    },
    {
      "label": "target",
      "pose": [
        [
          -0.032973421007069126,
          -0.00013555611137805457,
          -0.999456196272339,
          -3.906460909707004
        ],
        [
          0.9994562324287378,
          -4.465114155249861e-06,
          -0.03297341467646736,
          5.725218885971341
        ],
        [
          5.3687986278916355e-09,
          -1.0000000003669829,
          0.00013565636281337445,
          2.146213719987041
        ],
        [
          0.0,
          0.0,
          0.0,
          1.0
        ]
      ],
      "color": [
        144,
        238,
        144
      ],
      "visible": true
    }
  ],
  "algorithms": [
    {
      "key": "iperceive",
      "paper_name": "I-Perceive (Ours)",
      "color": [
        255,
        102,
        31
      ],
      "pose": [
        [
          0.07504115454154403,
          0.12532351208337855,
          -0.9892738801714233,
          -4.041806072537414
        ],
        [
          0.9970276873708235,
          0.007932259276215492,
          0.07663418180806242,
          5.763800023750283
        ],
        [
          0.017451243875048927,
          -0.9920842050563728,
          -0.1243557902817082,
          1.8669938159554262
        ],
        [
          0.0,
          0.0,
          0.0,
          1.0
        ]
      ],
      "metrics": {
        "coverage_iou": 0.26860382707299785,
        "trans_error": 0.3126828403530375,
        "rot_error": 0.16671473355630095,
        "soft_f1": 0.601493432168747
      }
    },
    {
      "key": "nbv_l",
      "paper_name": "NBV+L",
      "color": [
        30,
        85,
        230
      ],
      "pose": [
        [
          0.7071067811865475,
          0.08282139141036246,
          -0.7256957118370908,
          -3.2455267629429128
        ],
        [
          0.7071067811865475,
          -0.08282139141036246,
          0.7256957118370908,
          5.8253544040301355
        ],
        [
          0.0,
          -0.9925461516413221,
          -0.12186934340514749,
          2.2501192162767625
        ],
        [
          0.0,
          0.0,
          0.0,
          1.0
        ]
      ],
      "metrics": {
        "coverage_iou": 0.0,
        "trans_error": 0.6765038196967957,
        "rot_error": 0.811172316879096,
        "soft_f1": 0.0
      }
    },
    {
      "key": "vln",
      "paper_name": "VLN+P",
      "color": [
        20,
        107,
        58
      ],
      "pose": [
        [
          -0.24423888171051347,
          -0.2509807353351009,
          -0.936672855991594,
          -2.289247008615718
        ],
        [
          0.9697150966447813,
          -0.06321367414122261,
          -0.23591664362814577,
          5.556186005800609
        ],
        [
          6.938893903907228e-18,
          -0.965925826289068,
          0.25881904510252074,
          1.7586831767194537
        ],
        [
          0.0,
          0.0,
          0.0,
          1.0
        ]
      ],
      "metrics": {
        "coverage_iou": 0.1489216799091941,
        "trans_error": 1.6715659738123203,
        "rot_error": 0.33748786562921584,
        "soft_f1": 0.32726334902199655
      }
    },
    {
      "key": "vlm",
      "paper_name": "VLM",
      "color": [
        0,
        200,
        209
      ],
      "pose": [
        [
          -0.7525808419758341,
          0.4730100567820081,
          0.45813050812407835,
          -3.7517949452722505
        ],
        [
          -0.6584998681024505,
          -0.5405897921010017,
          -0.5235843775221442,
          6.1347073248448805
        ],
        [
          0.0,
          -0.6957184508544225,
          0.7183145809049978,
          1.065418596857
        ],
        [
          0.0,
          0.0,
          0.0,
          1.0
        ]
      ],
      "metrics": {
        "coverage_iou": 0.0,
        "trans_error": 1.166070485998219,
        "rot_error": 2.331035436739067,
        "soft_f1": 0.0
      }
    }
  ],
  "vln_trajectory": {
    "points": [
      [
        -2.289247008615718,
        5.556186005800609,
        1.7586831767194537
      ],
      [
        -2.289247008615718,
        5.556186005800609,
        1.7586831767194537
      ],
      [
        -2.289247008615718,
        5.556186005800609,
        1.7586831767194537
      ],
      [
        -2.289247008615718,
        5.556186005800609,
        1.7586831767194537
      ],
      [
        -2.289247008615718,
        5.556186005800609,
        1.7586831767194537
      ],
      [
        -2.289247008615718,
        5.556186005800609,
        1.7586831767194537
      ],
      [
        -2.289247008615718,
        5.556186005800609,
        1.7586831767194537
      ],
      [
        -2.289247008615718,
        5.556186005800609,
        1.7586831767194537
      ],
      [
        -2.289247008615718,
        5.556186005800609,
        1.7586831767194537
      ],
      [
        -2.289247008615718,
        5.556186005800609,
        1.7586831767194537
      ],
      [
        -2.289247008615718,
        5.556186005800609,
        1.7586831767194537
      ]
    ],
    "color": [
      108,
      147,
      125
    ]
  },
  "images": {
    "start": "images/start.png",
    "target": "images/target.png",
    "context": [
      "images/context_0.png",
      "images/context_1.png",
      "images/context_2.png"
    ],
    "renders": {
      "iperceive": "images/render_iperceive.png",
      "nbv_l": "images/render_nbv_l.png",
      "vln": "images/render_vln.png",
      "vlm": "images/render_vlm.png"
    }
  }
}