{
  "dataset": "replica",
  "data_name": "frl_apartment_0_20260502_105358_225982",
  "instruction": "Look at the wall-mounted TV",
  "target_2d_coord": null,
  "fov_rad": 1.0471975667402222,
  "gt_cameras": [
    {
      "label": "start",
      "pose": [
        [
          0.9984653144327329,
          0.007881304531450145,
          -0.05481697650934814,
          3.570677563969264
        ],
        [
          0.05538064530812081,
          -0.14209312952842354,
          0.9883028516937886,
          -5.130093722050797
        ],
        [
          -5.937477878157072e-27,
          -0.989821917104133,
          -0.14231153298414995,
          -0.14106273651123247
        ],
        [
          0.0,
          0.0,
          0.0,
          1.0
        ]
      ],
      "color": [
        0,
        0,
        0
      ],
      "visible": false
    },
    {
      "label": "context_0",
      "pose": [
        [
          0.8140084054571144,
          -0.01440154672453026,
          0.5806745199938871,
          1.508539469222316
        ],
        [
          -0.5808531158393127,
          -0.020182352721706015,
          0.8137581558471751,
          -4.80689948174067
        ],
        [
          1.2476766564351038e-09,
          -0.9996925899900605,
          -0.024793787173885293,
          -0.14106273795727314
        ],
        [
          0.0,
          0.0,
          0.0,
          1.0
        ]
      ],
      "color": [
        0,
        0,
        0
      ],
      "visible": false
    },
    {
      "label": "context_1",
      "pose": [
        [
          0.9615448207473326,
          0.024355703904748463,
          -0.2735660127840064,
          1.4362531881938922
        ],
        [
          0.2746480731916156,
          -0.08526948878641027,
          0.9577564891209916,
          -4.571696382491665
        ],
        [
          -1.1346431259828815e-09,
          -0.9960601742145445,
          -0.08867968147098018,
          -0.14106272776229684
        ],
        [
          0.0,
          0.0,
          0.0,
          1.0
        ]
      ],
      "color": [
        0,
        0,
        0
      ],
      "visible": false
    },
    {
      "label": "context_2",
      "pose": [
        [
          0.9598796055180285,
          0.04544872822536337,
          -0.2767047289371722,
          0.6366002941189493
        ],
        [
          0.2804123529491448,
          -0.15557555821483224,
          0.9471880160107962,
          -4.820612550845723
        ],
        [
          2.4819822100341504e-09,
          -0.9867779471017418,
          -0.16207819049321476,
          -0.14106274134607302
        ],
        [
          0.0,
          0.0,
          0.0,
          1.0
        ]
      ],
      "color": [
        0,
        0,
        0
      ],
      "visible": false
    },
    {
      "label": "context_3",
      "pose": [
        [
          0.38701060508257146,
          0.11843184110538944,
          -0.914437898927678,
          3.973505443721133
        ],
        [
          0.9220752880703543,
          -0.049707843963681955,
          0.38380505300063034,
          -4.5242560283164
        ],
        [
          1.028596541274851e-09,
          -0.9917172153095665,
          -0.12844053140501993,
          -0.14106273653921286
        ],
        [
          0.0,
          0.0,
          0.0,
          1.0
        ]
      ],
      "color": [
        0,
        0,
        0
      ],
      "visible": false
    },
    {
      "label": "context_4",
      "pose": [
        [
          -0.7323690414003549,
          -0.10363587971826503,
          0.6729749379114035,
          -0.16797189873850682
        ],
        [
          -0.6809079424768869,
          0.11146837588915237,
          -0.7238364409968004,
          -0.6253005295529874
        ],
        [
          2.4456160430119667e-09,
          -0.9883493335214868,
          -0.15220246985988087,
          -0.1410626977142012
        ],
        [
          0.0,
          0.0,
          0.0,
          1.0
        ]
      ],
      "color": [
        0,
        0,
        0
      ],
      "visible": false
    },
    {
      "label": "target",
      "pose": [
        [
          0.992044364686269,
          0.008151422809928918,
          -0.1256245965374768,
          2.1534966454758444
        ],
        [
          0.12588877692831602,
          -0.06423585609529074,
          0.9899625058044976,
          -2.5703748095551355
        ],
        [
          8.031219092541342e-11,
          -0.9979014591687956,
          -0.06475099710603963,
          -0.14106274668720786
        ],
        [
          0.0,
          0.0,
          0.0,
          1.0
        ]
      ],
      "color": [
        144,
        238,
        144
      ],
      "visible": true
    }
  ],
  "algorithms": [
    {
      "key": "iperceive",
      "paper_name": "I-Perceive (Ours)",
      "color": [
        255,
        102,
        31
      ],
      "pose": [
        [
          0.9988211400819411,
          -0.0008422780352898684,
          0.048533478691138,
          2.346712722657499
        ],
        [
          -0.04843833504201789,
          -0.0822220947691168,
          0.9954362175626705,
          -2.8242079954781434
        ],
        [
          0.003152089166842122,
          -0.9966136968124559,
          -0.0821659681474736,
          -0.17291367612747754
        ],
        [
          0.0,
          0.0,
          0.0,
          1.0
        ]
      ],
      "metrics": {
        "coverage_iou": 0.3170933113129645,
        "trans_error": 0.3205903545428003,
        "rot_error": 0.1756054206708111,
        "soft_f1": 0.5723562170952583
      }
    },
    {
      "key": "nbv_l",
      "paper_name": "NBV+L",
      "color": [
        30,
        85,
        230
      ],
      "pose": [
        [
          0.8660254037844387,
          0.0,
          0.5000000000000001,
          1.4166987357456327
        ],
        [
          -0.5000000000000001,
          0.0,
          0.8660254037844387,
          -1.286329284681819
        ],
        [
          0.0,
          -1.0,
          0.0,
          -0.1274484096623868
        ],
        [
          0.0,
          0.0,
          0.0,
          1.0
        ]
      ],
      "metrics": {
        "coverage_iou": 0.07795765877957658,
        "trans_error": 1.4804829103511996,
        "rot_error": 0.6529310772082677,
        "soft_f1": 0.2598820703210308
      }
    },
    {
      "key": "vln",
      "paper_name": "VLN+P",
      "color": [
        20,
        107,
        58
      ],
      "pose": [
        [
          -0.4512716115015581,
          0.0,
          0.8923866497504245,
          3.5706775639692645
        ],
        [
          -0.8923866497504245,
          0.0,
          -0.4512716115015581,
          -5.130093722050797
        ],
        [
          0.0,
          -1.0,
          0.0,
          -0.14106273651123247
        ],
        [
          0.0,
          0.0,
          0.0,
          1.0
        ]
      ],
      "metrics": {
        "coverage_iou": 0.0,
        "trans_error": 2.9258438462100376,
        "rot_error": 2.1657671351970733,
        "soft_f1": 0.0
      }
    },
    {
      "key": "vlm",
      "paper_name": "VLM",
      "color": [
        0,
        200,
        209
      ],
      "pose": [
        [
          0.05453805729958315,
          -0.06407136645368956,
          -0.9964539428928686,
          3.924923270757403
        ],
        [
          0.9985116926235703,
          0.0034995362405147524,
          0.05442566435160841,
          -3.656292553547491
        ],
        [
          -0.0,
          -0.9979391831403646,
          0.06416686647438577,
          -0.23140524534724752
        ],
        [
          0.0,
          0.0,
          0.0,
          1.0
        ]
      ],
      "metrics": {
        "coverage_iou": 0.0,
        "trans_error": 2.0797430604708507,
        "rot_error": 1.3949885181634987,
        "soft_f1": 0.0
      }
    }
  ],
  "vln_trajectory": {
    "points": [
      [
        3.5706775639692645,
        -5.130093722050797,
        -0.14106273651123247
      ],
      [
        3.5706775639692645,
        -5.130093722050797,
        -0.14106273651123247
      ],
      [
        3.5706775639692645,
        -5.130093722050797,
        -0.14106273651123247
      ],
      [
        3.5706775639692645,
        -5.130093722050797,
        -0.14106273651123247
      ],
      [
        3.5706775639692645,
        -5.130093722050797,
        -0.14106273651123247
      ],
      [
        3.5706775639692645,
        -5.130093722050797,
        -0.14106273651123247
      ],
      [
        3.5706775639692645,
        -5.130093722050797,
        -0.14106273651123247
      ],
      [
        3.5706775639692645,
        -5.130093722050797,
        -0.14106273651123247
      ]
    ],
    "color": [
      108,
      147,
      125
    ]
  },
  "images": {
    "start": "images/start.png",
    "target": "images/target.png",
    "context": [
      "images/context_0.png",
      "images/context_1.png",
      "images/context_2.png",
      "images/context_3.png",
      "images/context_4.png"
    ],
    "renders": {
      "iperceive": "images/render_iperceive.png",
      "nbv_l": "images/render_nbv_l.png",
      "vln": "images/render_vln.png",
      "vlm": "images/render_vlm.png"
    }
  }
}