{
  "dataset": "hssd",
  "data_name": "20260504_100249_6f6f9e",
  "instruction": "Prepare to open the drawer",
  "target_2d_coord": [
    0.29041095890410956,
    0.5616438356164384
  ],
  "fov_rad": 0.8726646221409238,
  "gt_cameras": [
    {
      "label": "start",
      "pose": [
        [
          -0.752175278387865,
          -0.20262691749561113,
          0.6270364286772854,
          -3.9846516527243567
        ],
        [
          -0.6589630874200296,
          0.23128906760597964,
          -0.7157325035401276,
          7.032299260568324
        ],
        [
          0.0,
          -0.9515501560675522,
          -0.3074935779619091,
          1.7034509315864212
        ],
        [
          0.0,
          0.0,
          0.0,
          1.0
        ]
      ],
      "color": [
        0,
        0,
        0
      ],
      "visible": false
    },
    {
      "label": "context_0",
      "pose": [
        [
          -0.5903515553873746,
          -0.3327532335509976,
          0.735364089700252,
          -4.68228377891628
        ],
        [
          -0.8071462417748616,
          0.2433776966715414,
          -0.5378496713588532,
          6.456923726565281
        ],
        [
          -1.0392720989349513e-09,
          -0.9110667190466988,
          -0.41225892445104007,
          1.5618329336240357
        ],
        [
          0.0,
          0.0,
          0.0,
          1.0
        ]
      ],
      "color": [
        0,
        0,
        0
      ],
      "visible": false
    },
    {
      "label": "context_1",
      "pose": [
        [
          0.18819714359029066,
          -0.1999964668131818,
          0.9615525206258511,
          -4.598066575890648
        ],
        [
          -0.9821312726877065,
          -0.0383235446621147,
          0.18425380519900736,
          5.7802088112343775
        ],
        [
          -5.044991091551765e-09,
          -0.9790468164177382,
          -0.2036351690201402,
          1.4995837273742245
        ],
        [
          0.0,
          0.0,
          0.0,
          1.0
        ]
      ],
      "color": [
        0,
        0,
        0
      ],
      "visible": false
    },
    {
      "label": "context_2",
      "pose": [
        [
          0.7505632246960786,
          -0.15660518781909882,
          0.6419732224958697,
          -3.8008235622062863
        ],
        [
          -0.6607986058812494,
          -0.17787882707314173,
          0.7291805459028384,
          4.921309284595518
        ],
        [
          5.617136811242318e-09,
          -0.9715111873356541,
          -0.23699380435672798,
          1.582557285966465
        ],
        [
          0.0,
          0.0,
          0.0,
          1.0
        ]
      ],
      "color": [
        0,
        0,
        0
      ],
      "visible": false
    },
    {
      "label": "target",
      "pose": [
        [
          -0.9940968927627456,
          -0.058685458781389824,
          0.09125444817471895,
          -1.9000139283665924
        ],
        [
          -0.10849586211077505,
          0.5377073704132473,
          -0.8361216753358766,
          6.152214534886963
        ],
        [
          -2.203117160926027e-09,
          -0.8410867043108301,
          -0.5409003460536582,
          1.1844771106926215
        ],
        [
          0.0,
          0.0,
          0.0,
          1.0
        ]
      ],
      "color": [
        144,
        238,
        144
      ],
      "visible": true
    }
  ],
  "algorithms": [
    {
      "key": "iperceive",
      "paper_name": "I-Perceive (Ours)",
      "color": [
        255,
        102,
        31
      ],
      "pose": [
        [
          -0.8734716744577421,
          -0.3177249842352944,
          0.3689146643278297,
          -2.2501778590650776
        ],
        [
          -0.48641114131706037,
          0.5364028005227025,
          -0.6896928619250681,
          5.965660369664468
        ],
        [
          0.021245796564082105,
          -0.7818713576800304,
          -0.6230776469261176,
          1.02181417898488
        ],
        [
          0.0,
          0.0,
          0.0,
          1.0
        ]
      ],
      "metrics": {
        "coverage_iou": 0.49950641658440276,
        "trans_error": 0.42880818527500847,
        "rot_error": 0.4113804330943969,
        "soft_f1": 0.8072169044067492
      }
    },
    {
      "key": "nbv_l",
      "paper_name": "NBV+L",
      "color": [
        30,
        85,
        230
      ],
      "pose": [
        [
          1.0,
          0.0,
          2.775557561562892e-16,
          -1.9720988925986414
        ],
        [
          -2.775557561562892e-16,
          0.0,
          1.0,
          4.598722103325596
        ],
        [
          0.0,
          -1.0,
          0.0,
          0.6510636173378881
        ],
        [
          0.0,
          0.0,
          0.0,
          1.0
        ]
      ],
      "metrics": {
        "coverage_iou": 0.0,
        "trans_error": 1.6441000401146066,
        "rot_error": 3.03729512286876,
        "soft_f1": 0.0
      }
    },
    {
      "key": "vln",
      "paper_name": "VLN+P",
      "color": [
        20,
        107,
        58
      ],
      "pose": [
        [
          -0.9808844428925381,
          -0.06013196756712821,
          0.18506716663930675,
          -5.512184782593646
        ],
        [
          -0.1945911346680395,
          0.3031099623717968,
          -0.9328765411454898,
          8.17373059276752
        ],
        [
          1.3877787807814457e-17,
          -0.9510565162951535,
          -0.3090169943749474,
          1.7034509315864212
        ],
        [
          0.0,
          0.0,
          0.0,
          1.0
        ]
      ],
      "metrics": {
        "coverage_iou": 0.0,
        "trans_error": 4.1717669151395365,
        "rot_error": 0.2716206306394987,
        "soft_f1": 0.0
      }
    },
    {
      "key": "vlm",
      "paper_name": "VLM",
      "color": [
        0,
        200,
        209
      ],
      "pose": [
        [
          -0.6791191654232137,
          -0.32179086097853554,
          0.6597331285797088,
          -3.1611979731870377
        ],
        [
          -0.7340280370359689,
          0.2977193375760003,
          -0.6103818779079454,
          6.488643295261005
        ],
        [
          0.0,
          -0.8987846448532599,
          -0.43839042208515416,
          1.3959573536245122
        ],
        [
          0.0,
          0.0,
          0.0,
          1.0
        ]
      ],
      "metrics": {
        "coverage_iou": 0.27568740955137483,
        "trans_error": 1.3223060803856528,
        "rot_error": 0.7247291593260552,
        "soft_f1": 0.588565444372722
      }
    }
  ],
  "vln_trajectory": {
    "points": [
      [
        -3.984651652724358,
        7.032299260568323,
        1.7034509315864212
      ],
      [
        -3.984651652724358,
        7.032299260568323,
        1.7034509315864212
      ],
      [
        -3.984651652724358,
        7.032299260568323,
        1.7034509315864212
      ],
      [
        -3.984651652724358,
        7.032299260568323,
        1.7034509315864212
      ],
      [
        -3.984651652724358,
        7.032299260568323,
        1.7034509315864212
      ],
      [
        -3.984651652724358,
        7.032299260568323,
        1.7034509315864212
      ],
      [
        -4.733020783465808,
        7.081732489810282,
        1.7034509315864212
      ],
      [
        -4.733020783465808,
        7.081732489810282,
        1.7034509315864212
      ],
      [
        -5.22724309903083,
        7.64586394860118,
        1.7034509315864212
      ],
      [
        -5.22724309903083,
        7.64586394860118,
        1.7034509315864212
      ],
      [
        -5.22724309903083,
        7.64586394860118,
        1.7034509315864212
      ],
      [
        -5.373186450031859,
        8.381527280770584,
        1.7034509315864212
      ],
      [
        -5.373186450031859,
        8.381527280770584,
        1.7034509315864212
      ],
      [
        -5.373186450031859,
        8.381527280770584,
        1.7034509315864212
      ],
      [
        -5.373186450031859,
        8.381527280770584,
        1.7034509315864212
      ],
      [
        -5.373186450031859,
        8.381527280770584,
        1.7034509315864212
      ],
      [
        -5.373186450031859,
        8.381527280770584,
        1.7034509315864212
      ],
      [
        -5.512184782593646,
        8.17373059276752,
        1.7034509315864212
      ],
      [
        -5.512184782593646,
        8.17373059276752,
        1.7034509315864212
      ],
      [
        -5.512184782593646,
        8.17373059276752,
        1.7034509315864212
      ]
    ],
    "color": [
      108,
      147,
      125
    ]
  },
  "images": {
    "start": "images/start.png",
    "target": "images/target.png",
    "context": [
      "images/context_0.png",
      "images/context_1.png",
      "images/context_2.png"
    ],
    "renders": {
      "iperceive": "images/render_iperceive.png",
      "nbv_l": "images/render_nbv_l.png",
      "vln": "images/render_vln.png",
      "vlm": "images/render_vlm.png"
    }
  }
}