{
  "dataset": "hssd",
  "data_name": "20260430_094023_d5c0f5",
  "instruction": "check the surface of the nightstand beside bed.",
  "target_2d_coord": null,
  "fov_rad": 0.8726646221409238,
  "gt_cameras": [
    {
      "label": "start",
      "pose": [
        [
          -0.29714421671881647,
          0.11157869826103173,
          -0.9482908354323238,
          -5.359750185779386
        ],
        [
          0.9548326107075318,
          0.034723326921890084,
          -0.29510841414116684,
          3.6587400903225498
        ],
        [
          -6.486856359844432e-18,
          -0.9931487726729813,
          -0.11685681554000527,
          1.2457686745409808
        ],
        [
          0.0,
          0.0,
          0.0,
          1.0
        ]
      ],
      "color": [
        0,
        0,
        0
      ],
      "visible": false
    },
    {
      "label": "context_0",
      "pose": [
        [
          -0.1545039025823336,
          0.2059135647827821,
          -0.9662960966522091,
          -5.7221823808124705
        ],
        [
          0.9879922034092318,
          0.032201111712505684,
          -0.15111101561500814,
          4.224887309859527
        ],
        [
          -1.147387716088355e-09,
          -0.9780402302307069,
          -0.20841618925282526,
          1.3459663616811743
        ],
        [
          0.0,
          0.0,
          0.0,
          1.0
        ]
      ],
      "color": [
        0,
        0,
        0
      ],
      "visible": false
    },
    {
      "label": "context_1",
      "pose": [
        [
          -0.9647840265428083,
          -2.0582716642181254e-09,
          -0.26304324598652096,
          -7.423662691060608
        ],
        [
          0.26304325544652124,
          1.1889405432397027e-09,
          -0.9647840526607627,
          4.08575418691316
        ],
        [
          1.0482797269117938e-09,
          -1.000000028617449,
          6.687766798685324e-10,
          1.5000000178417077
        ],
        [
          0.0,
          0.0,
          0.0,
          1.0
        ]
      ],
      "color": [
        0,
        0,
        0
      ],
      "visible": false
    },
    {
      "label": "context_2",
      "pose": [
        [
          -0.9389384391097122,
          -8.268332823968549e-10,
          0.3440852506663786,
          -7.4995427619495825
        ],
        [
          -0.3440852599173438,
          -3.78046378923802e-10,
          -0.9389384021808348,
          4.760516875095799
        ],
        [
          1.2419169026500754e-09,
          -1.0000000286174493,
          -6.160481239719795e-11,
          1.5000000176824857
        ],
        [
          0.0,
          0.0,
          0.0,
          1.0
        ]
      ],
      "color": [
        0,
        0,
        0
      ],
      "visible": false
    },
    {
      "label": "target",
      "pose": [
        [
          -0.9999000003744923,
          -0.009095677852577894,
          0.010827863702146057,
          -7.2379153323308145
        ],
        [
          -0.014141204960081755,
          0.6431390536996339,
          -0.7656188338410488,
          2.3928859428880145
        ],
        [
          -8.143757945777708e-09,
          -0.7656953996076317,
          -0.6432033726352906,
          1.3036671830222466
        ],
        [
          0.0,
          0.0,
          0.0,
          1.0
        ]
      ],
      "color": [
        144,
        238,
        144
      ],
      "visible": true
    }
  ],
  "algorithms": [
    {
      "key": "iperceive",
      "paper_name": "I-Perceive (Ours)",
      "color": [
        255,
        102,
        31
      ],
      "pose": [
        [
          -0.9883150797912776,
          0.03491101419997479,
          -0.14837297850428527,
          -6.957775804228897
        ],
        [
          0.14758091151334068,
          0.4626152722106798,
          -0.8741892705633809,
          2.712873394144381
        ],
        [
          0.0381208065941292,
          -0.8858715325195861,
          -0.4623618815748786,
          1.0427733767513232
        ],
        [
          0.0,
          0.0,
          0.0,
          1.0
        ]
      ],
      "metrics": {
        "coverage_iou": 0.6455266138165345,
        "trans_error": 0.4989345896116769,
        "rot_error": 0.27152251390802284,
        "soft_f1": 0.9562144846348257
      }
    },
    {
      "key": "nbv_l",
      "paper_name": "NBV+L",
      "color": [
        30,
        85,
        230
      ],
      "pose": [
        [
          0.7071067811865478,
          0.08282139141036246,
          -0.7256957118370906,
          -6.390897806360407
        ],
        [
          0.7071067811865474,
          -0.0828213914103625,
          0.7256957118370911,
          0.6108572762505317
        ],
        [
          0.0,
          -0.9925461516413221,
          -0.12186934340514749,
          1.0524796220884083
        ],
        [
          0.0,
          0.0,
          0.0,
          1.0
        ]
      ],
      "metrics": {
        "coverage_iou": 0.0,
        "trans_error": 1.9890098585437936,
        "rot_error": 2.415948079987369,
        "soft_f1": 0.0
      }
    },
    {
      "key": "vln",
      "paper_name": "VLN+P",
      "color": [
        20,
        107,
        58
      ],
      "pose": [
        [
          -0.8852813045615912,
          0.12036532998702909,
          -0.4492095269813865,
          -5.377138012315871
        ],
        [
          0.46505592329711,
          0.22912766189374478,
          -0.8551160756069194,
          3.4681900553185674
        ],
        [
          0.0,
          -0.9659258262890681,
          -0.25881904510252074,
          1.2457686745409808
        ],
        [
          0.0,
          0.0,
          0.0,
          1.0
        ]
      ],
      "metrics": {
        "coverage_iou": 0.1596847781003733,
        "trans_error": 2.1499124689832243,
        "rot_error": 0.6593430590974391,
        "soft_f1": 0.3974458029693669
      }
    },
    {
      "key": "vlm",
      "paper_name": "VLM",
      "color": [
        0,
        200,
        209
      ],
      "pose": [
        [
          -0.8397161858501442,
          0.19565110732975022,
          -0.5065544111168401,
          -6.315613087221781
        ],
        [
          0.5430255309111037,
          0.30254820860566584,
          -0.7833184883865671,
          3.049697823621979
        ],
        [
          0.0,
          -0.9328371914059522,
          -0.36029817419722643,
          1.1274146607201487
        ],
        [
          0.0,
          0.0,
          0.0,
          1.0
        ]
      ],
      "metrics": {
        "coverage_iou": 0.26955074875207985,
        "trans_error": 1.1459093902231507,
        "rot_error": 0.6721200381889425,
        "soft_f1": 0.6183412925666515
      }
    }
  ],
  "vln_trajectory": {
    "points": [
      [
        -5.3597501857793866,
        3.6587400903225493,
        1.2457686745409808
      ],
      [
        -5.3597501857793866,
        3.6587400903225493,
        1.2457686745409808
      ],
      [
        -5.3597501857793866,
        3.6587400903225493,
        1.2457686745409808
      ],
      [
        -5.3597501857793866,
        3.6587400903225493,
        1.2457686745409808
      ],
      [
        -5.138429859638989,
        3.5424761094982715,
        1.2457686745409808
      ],
      [
        -5.138429859638989,
        3.5424761094982715,
        1.2457686745409808
      ],
      [
        -5.138429859638989,
        3.5424761094982715,
        1.2457686745409808
      ],
      [
        -5.138429859638989,
        3.5424761094982715,
        1.2457686745409808
      ],
      [
        -5.138429859638989,
        3.5424761094982715,
        1.2457686745409808
      ],
      [
        -5.138429859638989,
        3.5424761094982715,
        1.2457686745409808
      ],
      [
        -5.138429859638989,
        3.5424761094982715,
        1.2457686745409808
      ],
      [
        -5.138429859638989,
        3.5424761094982715,
        1.2457686745409808
      ],
      [
        -5.138429859638989,
        3.5424761094982715,
        1.2457686745409808
      ],
      [
        -5.138429859638989,
        3.5424761094982715,
        1.2457686745409808
      ],
      [
        -5.138429859638989,
        3.5424761094982715,
        1.2457686745409808
      ],
      [
        -5.138429859638989,
        3.5424761094982715,
        1.2457686745409808
      ],
      [
        -5.138429859638989,
        3.5424761094982715,
        1.2457686745409808
      ],
      [
        -5.138429859638989,
        3.5424761094982715,
        1.2457686745409808
      ],
      [
        -5.138429859638989,
        3.5424761094982715,
        1.2457686745409808
      ],
      [
        -5.377138012315871,
        3.4681900553185674,
        1.2457686745409808
      ],
      [
        -5.377138012315871,
        3.4681900553185674,
        1.2457686745409808
      ]
    ],
    "color": [
      108,
      147,
      125
    ]
  },
  "images": {
    "start": "images/start.png",
    "target": "images/target.png",
    "context": [
      "images/context_0.png",
      "images/context_1.png",
      "images/context_2.png"
    ],
    "renders": {
      "iperceive": "images/render_iperceive.png",
      "nbv_l": "images/render_nbv_l.png",
      "vln": "images/render_vln.png",
      "vlm": "images/render_vlm.png"
    }
  }
}