{
  "dataset": "replica",
  "data_name": "hotel_0_20260501_075332_988061",
  "instruction": "Look inside the trash bin below the desk",
  "target_2d_coord": null,
  "fov_rad": 1.0471975667402222,
  "gt_cameras": [
    {
      "label": "start",
      "pose": [
        [
          -0.13156238685811728,
          0.1872173132191784,
          -0.9734685490529149,
          2.559800660413802
        ],
        [
          0.99130789281847,
          0.024846727002494733,
          -0.1291948210768079,
          1.3405146156484644
        ],
        [
          -3.4070116003331545e-18,
          -0.9820042351172705,
          -0.18885889497649944,
          0.4647915363311763
        ],
        [
          0.0,
          0.0,
          0.0,
          1.0
        ]
      ],
      "color": [
        0,
        0,
        0
      ],
      "visible": false
    },
    {
      "label": "context_0",
      "pose": [
        [
          0.4982138681102309,
          -0.16715538250232784,
          0.8507890575578717,
          -2.2653792737808303
        ],
        [
          -0.8670541747080848,
          -0.09604835751847479,
          0.48886785851223175,
          0.08598749285554308
        ],
        [
          3.849941060396489e-10,
          -0.9812409446461775,
          -0.19278538647813026,
          0.46479155885285706
        ],
        [
          0.0,
          0.0,
          0.0,
          1.0
        ]
      ],
      "color": [
        0,
        0,
        0
      ],
      "visible": false
    },
    {
      "label": "context_1",
      "pose": [
        [
          0.04004438063584628,
          0.25880505295761136,
          -0.9650991609791856,
          2.181484688423034
        ],
        [
          0.9991978805689739,
          -0.010372008250374699,
          0.03867782619579374,
          0.09393989204400355
        ],
        [
          8.641019427768626e-10,
          -0.9658738570090207,
          -0.25901281354246786,
          0.46479153499714243
        ],
        [
          0.0,
          0.0,
          0.0,
          1.0
        ]
      ],
      "color": [
        0,
        0,
        0
      ],
      "visible": false
    },
    {
      "label": "context_2",
      "pose": [
        [
          -0.9048938031078628,
          0.11517081928759944,
          -0.4097594991660213,
          0.37435498411163204
        ],
        [
          0.4256373855797949,
          0.2448501297987603,
          -0.8711379170225457,
          1.334457953613904
        ],
        [
          4.953102650251395e-09,
          -0.9626962547675141,
          -0.2705843722008038,
          0.46479154864016375
        ],
        [
          0.0,
          0.0,
          0.0,
          1.0
        ]
      ],
      "color": [
        0,
        0,
        0
      ],
      "visible": false
    },
    {
      "label": "context_3",
      "pose": [
        [
          0.7412091057953275,
          0.23521564968910186,
          -0.6287150942630588,
          2.0715862661398985
        ],
        [
          0.6712741895215274,
          -0.2597209475632254,
          0.6942160638221325,
          -0.53009411790308
        ],
        [
          5.001664554749041e-09,
          -0.9365995020283023,
          -0.3504017309009582,
          0.464791510635323
        ],
        [
          0.0,
          0.0,
          0.0,
          1.0
        ]
      ],
      "color": [
        0,
        0,
        0
      ],
      "visible": false
    },
    {
      "label": "target",
      "pose": [
        [
          0.9999917189802366,
          -0.001988575780387525,
          0.003555085338169915,
          0.6964831513905541
        ],
        [
          -0.004073449515809985,
          -0.4881731885726265,
          0.8727372667399801,
          1.1610561340766874
        ],
        [
          6.1164888431886055e-09,
          -0.8727444934263956,
          -0.4881772416926144,
          -0.007808445017920995
        ],
        [
          0.0,
          0.0,
          0.0,
          1.0
        ]
      ],
      "color": [
        144,
        238,
        144
      ],
      "visible": true
    }
  ],
  "algorithms": [
    {
      "key": "iperceive",
      "paper_name": "I-Perceive (Ours)",
      "color": [
        255,
        102,
        31
      ],
      "pose": [
        [
          0.8451539423504371,
          0.3086291210264385,
          -0.43642045768748833,
          1.4302193308192082
        ],
        [
          0.5345226491189591,
          -0.48713307319230925,
          0.6906424059159985,
          1.2791102552292495
        ],
        [
          0.0005575181339972091,
          -0.8169757724872481,
          -0.5766716821519112,
          -0.16289112106031434
        ],
        [
          0.0,
          0.0,
          0.0,
          1.0
        ]
      ],
      "metrics": {
        "coverage_iou": 0.2931623931623932,
        "trans_error": 0.75918123721738,
        "rot_error": 0.5772912077858917,
        "soft_f1": 0.6733817095853091
      }
    },
    {
      "key": "nbv_l",
      "paper_name": "NBV+L",
      "color": [
        30,
        85,
        230
      ],
      "pose": [
        [
          0.7071067811865474,
          -0.30336687668718726,
          0.730046942414706,
          0.2505935990132526
        ],
        [
          -0.7071067811865476,
          -0.30336687668718715,
          0.7300469424147058,
          1.0095755909136066
        ],
        [
          0.0,
          -0.898794046299167,
          -0.43837114678907707,
          -0.7757139758484904
        ],
        [
          0.0,
          0.0,
          0.0,
          1.0
        ]
      ],
      "metrics": {
        "coverage_iou": 0.10344827586206896,
        "trans_error": 0.9008011682323934,
        "rot_error": 0.7251234818172392,
        "soft_f1": 0.3245686566341437
      }
    },
    {
      "key": "vln",
      "paper_name": "VLN+P",
      "color": [
        20,
        107,
        58
      ],
      "pose": [
        [
          0.7939891891521498,
          0.0,
          0.6079318773592249,
          3.4552645493674605
        ],
        [
          -0.6079318773592249,
          0.0,
          0.7939891891521498,
          1.6376837030800895
        ],
        [
          0.0,
          -1.0,
          0.0,
          0.4647915363311763
        ],
        [
          0.0,
          0.0,
          0.0,
          1.0
        ]
      ],
      "metrics": {
        "coverage_iou": 0.0,
        "trans_error": 2.8392603377353964,
        "rot_error": 0.8200914414645964,
        "soft_f1": 0.0
      }
    },
    {
      "key": "vlm",
      "paper_name": "VLM",
      "color": [
        0,
        200,
        209
      ],
      "pose": [
        [
          0.7174197054006306,
          0.3230650749064473,
          -0.6172016880068977,
          0.8751029954179652
        ],
        [
          0.6966412034202917,
          -0.33270103710013343,
          0.6356107721000512,
          1.9090095689644744
        ],
        [
          -0.0,
          -0.8859678195556466,
          -0.4637467225887562,
          -0.24180167050191959
        ],
        [
          0.0,
          0.0,
          0.0,
          1.0
        ]
      ],
      "metrics": {
        "coverage_iou": 0.0011695906432748538,
        "trans_error": 0.8037986131048379,
        "rot_error": 0.7752512171332478,
        "soft_f1": 0.07874015748031496
      }
    }
  ],
  "vln_trajectory": {
    "points": [
      [
        2.559800660413802,
        1.3405146156484644,
        0.4647915363311763
      ],
      [
        2.559800660413802,
        1.3405146156484644,
        0.4647915363311763
      ],
      [
        2.559800660413802,
        1.3405146156484644,
        0.4647915363311763
      ],
      [
        2.559800660413802,
        1.3405146156484644,
        0.4647915363311763
      ],
      [
        2.559800660413802,
        1.3405146156484644,
        0.4647915363311763
      ],
      [
        2.559800660413802,
        1.3405146156484644,
        0.4647915363311763
      ],
      [
        2.559800660413802,
        1.3405146156484644,
        0.4647915363311763
      ],
      [
        3.3032815800276545,
        1.439186405792052,
        0.4647915363311763
      ],
      [
        3.3032815800276545,
        1.439186405792052,
        0.4647915363311763
      ],
      [
        3.3032815800276545,
        1.439186405792052,
        0.4647915363311763
      ],
      [
        3.3032815800276545,
        1.439186405792052,
        0.4647915363311763
      ],
      [
        3.3032815800276545,
        1.439186405792052,
        0.4647915363311763
      ],
      [
        3.4552645493674605,
        1.6376837030800895,
        0.4647915363311763
      ],
      [
        3.4552645493674605,
        1.6376837030800895,
        0.4647915363311763
      ],
      [
        3.4552645493674605,
        1.6376837030800895,
        0.4647915363311763
      ],
      [
        3.4552645493674605,
        1.6376837030800895,
        0.4647915363311763
      ],
      [
        3.4552645493674605,
        1.6376837030800895,
        0.4647915363311763
      ],
      [
        3.4552645493674605,
        1.6376837030800895,
        0.4647915363311763
      ],
      [
        3.4552645493674605,
        1.6376837030800895,
        0.4647915363311763
      ],
      [
        3.4552645493674605,
        1.6376837030800895,
        0.4647915363311763
      ],
      [
        3.4552645493674605,
        1.6376837030800895,
        0.4647915363311763
      ]
    ],
    "color": [
      108,
      147,
      125
    ]
  },
  "images": {
    "start": "images/start.png",
    "target": "images/target.png",
    "context": [
      "images/context_0.png",
      "images/context_1.png",
      "images/context_2.png",
      "images/context_3.png"
    ],
    "renders": {
      "iperceive": "images/render_iperceive.png",
      "nbv_l": "images/render_nbv_l.png",
      "vln": "images/render_vln.png",
      "vlm": "images/render_vlm.png"
    }
  }
}