{
  "dataset": "replica",
  "data_name": "room_0_20260504_101047_573920",
  "instruction": "peek at the phota on the wall",
  "target_2d_coord": null,
  "fov_rad": 1.0471975667402222,
  "gt_cameras": [
    {
      "label": "start",
      "pose": [
        [
          -0.6278852144885352,
          -0.0947179540214071,
          0.7725209813414037,
          0.31401597462795017
        ],
        [
          -0.7783059536112303,
          0.0764121135148776,
          -0.6232182855801838,
          2.0212994435323304
        ],
        [
          6.8873186759431935e-18,
          -0.9925672259822949,
          -0.1216975838125471,
          -0.027363061904907476
        ],
        [
          0.0,
          0.0,
          0.0,
          1.0
        ]
      ],
      "color": [
        0,
        0,
        0
      ],
      "visible": false
    },
    {
      "label": "context_0",
      "pose": [
        [
          -0.70244933469813,
          -0.10636016404834056,
          0.7037417235766886,
          0.7957566301955805
        ],
        [
          -0.7117337339122746,
          0.10497272174686328,
          -0.6945615873999558,
          2.766762572167918
        ],
        [
          -1.2577641411021245e-09,
          -0.9887711048127082,
          -0.14943813126839967,
          -0.02736306250547079
        ],
        [
          0.0,
          0.0,
          0.0,
          1.0
        ]
      ],
      "color": [
        0,
        0,
        0
      ],
      "visible": false
    },
    {
      "label": "context_1",
      "pose": [
        [
          0.21358229321019578,
          0.19408505271054205,
          -0.9574516155878551,
          5.422406925453437
        ],
        [
          0.9769251012162115,
          -0.04243224791776565,
          0.20932485068396217,
          0.18074761886188506
        ],
        [
          -7.656359109209365e-09,
          -0.9800666011178915,
          -0.19866935250776266,
          -0.02736301231399385
        ],
        [
          0.0,
          0.0,
          0.0,
          1.0
        ]
      ],
      "color": [
        0,
        0,
        0
      ],
      "visible": false
    },
    {
      "label": "context_2",
      "pose": [
        [
          0.528092109766982,
          -0.2590518594416606,
          0.8087093860477044,
          0.7499941728017585
        ],
        [
          -0.8491871287491042,
          -0.1610990616989291,
          0.502919829198645,
          -0.7663195642144269
        ],
        [
          -4.146574500429878e-09,
          -0.9523335641038662,
          -0.30505862618007334,
          -0.0273630832795429
        ],
        [
          0.0,
          0.0,
          0.0,
          1.0
        ]
      ],
      "color": [
        0,
        0,
        0
      ],
      "visible": false
    },
    {
      "label": "target",
      "pose": [
        [
          -0.9999822386537532,
          0.00010732983333149038,
          0.005962258434186296,
          3.6681404860158144
        ],
        [
          -0.005963232961485265,
          -0.017998705183528863,
          -0.9998202386074782,
          0.6071760558891088
        ],
        [
          8.029676382137474e-09,
          -0.9998379769096154,
          0.017999021194721396,
          -0.027363098510462258
        ],
        [
          0.0,
          0.0,
          0.0,
          1.0
        ]
      ],
      "color": [
        144,
        238,
        144
      ],
      "visible": true
    }
  ],
  "algorithms": [
    {
      "key": "iperceive",
      "paper_name": "I-Perceive (Ours)",
      "color": [
        255,
        102,
        31
      ],
      "pose": [
        [
          -0.7812863841830315,
          -0.01164711826081695,
          0.6240639981884797,
          2.0893306855430773
        ],
        [
          -0.6241515416664606,
          0.022821468127579736,
          -0.7809699012256415,
          0.5122567392716202
        ],
        [
          -0.005146009614135558,
          -0.9996716525698126,
          -0.025099662306991136,
          -0.036329395159129196
        ],
        [
          0.0,
          0.0,
          0.0,
          1.0
        ]
      ],
      "metrics": {
        "coverage_iou": 0.3979161498387497,
        "trans_error": 1.5816859075007086,
        "rot_error": 0.669559130482518,
        "soft_f1": 0.6521150592216582
      }
    },
    {
      "key": "nbv_l",
      "paper_name": "NBV+L",
      "color": [
        30,
        85,
        230
      ],
      "pose": [
        [
          0.7071067811865476,
          0.0,
          -0.7071067811865476,
          3.8921807859756306
        ],
        [
          0.7071067811865476,
          0.0,
          0.7071067811865476,
          -1.4960700137847414
        ],
        [
          0.0,
          -1.0000000000000002,
          0.0,
          0.09913589862752326
        ],
        [
          0.0,
          0.0,
          0.0,
          1.0
        ]
      ],
      "metrics": {
        "coverage_iou": 0.21083978558665872,
        "trans_error": 2.1189242948217073,
        "rot_error": 2.362191026500784,
        "soft_f1": 0.5029451744449479
      }
    },
    {
      "key": "vln",
      "paper_name": "VLN+P",
      "color": [
        20,
        107,
        58
      ],
      "pose": [
        [
          -0.7783059536112306,
          -0.13054467658378271,
          -0.6141644160881912,
          0.3140159746279508
        ],
        [
          0.6278852144885346,
          -0.1618189067888395,
          -0.7612981011616616,
          2.021299443532331
        ],
        [
          -1.3877787807814457e-17,
          -0.9781476007338056,
          0.20791169081775937,
          -0.02736306190490745
        ],
        [
          0.0,
          0.0,
          0.0,
          1.0
        ]
      ],
      "metrics": {
        "coverage_iou": 0.0,
        "trans_error": 3.6400406348056764,
        "rot_error": 0.7100357146726961,
        "soft_f1": 0.0
      }
    },
    {
      "key": "vlm",
      "paper_name": "VLM",
      "color": [
        0,
        200,
        209
      ],
      "pose": [
        [
          -0.7382504169822254,
          0.13024195159293556,
          0.6618333293744232,
          1.3392372949427354
        ],
        [
          -0.6745267391479528,
          -0.14254612825804286,
          -0.7243578393950543,
          1.0695963862294895
        ],
        [
          0.0,
          -0.9811817545001054,
          0.19308641753395026,
          -0.14960272614928716
        ],
        [
          0.0,
          0.0,
          0.0,
          1.0
        ]
      ],
      "metrics": {
        "coverage_iou": 0.20890503093892923,
        "trans_error": 2.3775123410269137,
        "rot_error": 0.7542934550330747,
        "soft_f1": 0.4042206026324377
      }
    }
  ],
  "vln_trajectory": {
    "points": [
      [
        0.3140159746279508,
        2.021299443532331,
        -0.02736306190490745
      ],
      [
        0.3140159746279508,
        2.021299443532331,
        -0.02736306190490745
      ],
      [
        0.3140159746279508,
        2.021299443532331,
        -0.02736306190490745
      ],
      [
        0.3140159746279508,
        2.021299443532331,
        -0.02736306190490745
      ],
      [
        0.3140159746279508,
        2.021299443532331,
        -0.02736306190490745
      ],
      [
        0.3140159746279508,
        2.021299443532331,
        -0.02736306190490745
      ],
      [
        0.3140159746279508,
        2.021299443532331,
        -0.02736306190490745
      ],
      [
        0.3140159746279508,
        2.021299443532331,
        -0.02736306190490745
      ],
      [
        0.3140159746279508,
        2.021299443532331,
        -0.02736306190490745
      ],
      [
        0.3140159746279508,
        2.021299443532331,
        -0.02736306190490745
      ],
      [
        0.3140159746279508,
        2.021299443532331,
        -0.02736306190490745
      ],
      [
        0.3140159746279508,
        2.021299443532331,
        -0.02736306190490745
      ],
      [
        0.3140159746279508,
        2.021299443532331,
        -0.02736306190490745
      ],
      [
        0.3140159746279508,
        2.021299443532331,
        -0.02736306190490745
      ],
      [
        0.3140159746279508,
        2.021299443532331,
        -0.02736306190490745
      ],
      [
        0.3140159746279508,
        2.021299443532331,
        -0.02736306190490745
      ],
      [
        0.3140159746279508,
        2.021299443532331,
        -0.02736306190490745
      ],
      [
        0.3140159746279508,
        2.021299443532331,
        -0.02736306190490745
      ],
      [
        0.3140159746279508,
        2.021299443532331,
        -0.02736306190490745
      ],
      [
        0.3140159746279508,
        2.021299443532331,
        -0.02736306190490745
      ],
      [
        0.3140159746279508,
        2.021299443532331,
        -0.02736306190490745
      ]
    ],
    "color": [
      108,
      147,
      125
    ]
  },
  "images": {
    "start": "images/start.png",
    "target": "images/target.png",
    "context": [
      "images/context_0.png",
      "images/context_1.png",
      "images/context_2.png"
    ],
    "renders": {
      "iperceive": "images/render_iperceive.png",
      "nbv_l": "images/render_nbv_l.png",
      "vln": "images/render_vln.png",
      "vlm": "images/render_vlm.png"
    }
  }
}