{
  "dataset": "replica",
  "data_name": "frl_apartment_4_20260504_075842_394244",
  "instruction": "Look inside the woven basket on the top shelf from the front",
  "target_2d_coord": null,
  "fov_rad": 1.0471975667402222,
  "gt_cameras": [
    {
      "label": "start",
      "pose": [
        [
          -0.9907816261897973,
          0.015517175508185595,
          -0.13457706516694717,
          4.68362041979853
        ],
        [
          0.13546870193775598,
          0.11348844540443444,
          -0.9842604348214876,
          -3.865785068342432
        ],
        [
          -3.1792446176165654e-18,
          -0.9934181345354699,
          -0.11454435811539183,
          -0.03185820579529003
        ],
        [
          0.0,
          0.0,
          0.0,
          1.0
        ]
      ],
      "color": [
        0,
        0,
        0
      ],
      "visible": false
    },
    {
      "label": "context_0",
      "pose": [
        [
          -0.9727730210591424,
          0.03435791947886762,
          -0.22919906874800544,
          4.344905003573105
        ],
        [
          0.23175996550154745,
          0.14421152348699087,
          -0.9620241210682868,
          -1.1907436205317858
        ],
        [
          7.438236589163427e-10,
          -0.9889502207164071,
          -0.148247869559771,
          -0.031858200895393596
        ],
        [
          0.0,
          0.0,
          0.0,
          1.0
        ]
      ],
      "color": [
        0,
        0,
        0
      ],
      "visible": false
    },
    {
      "label": "context_1",
      "pose": [
        [
          0.6721362657273077,
          0.12000713606624883,
          -0.7306374932070789,
          5.2293336560231545
        ],
        [
          0.740427495906716,
          -0.10893862907403447,
          0.6632492347910691,
          -7.992459290926353
        ],
        [
          -3.101680523531769e-09,
          -0.9867778998431997,
          -0.16207818879611408,
          -0.03185816163125743
        ],
        [
          0.0,
          0.0,
          0.0,
          1.0
        ]
      ],
      "color": [
        0,
        0,
        0
      ],
      "visible": false
    },
    {
      "label": "context_2",
      "pose": [
        [
          -0.8708406178502733,
          0.06021084970619313,
          -0.48786399630632843,
          2.9847888814504824
        ],
        [
          0.4915654920786505,
          0.10666748179645744,
          -0.8642832156065112,
          -1.4649171721191259
        ],
        [
          2.0781059581476136e-09,
          -0.992469984008178,
          -0.12248795597508415,
          -0.03185820028813002
        ],
        [
          0.0,
          0.0,
          0.0,
          1.0
        ]
      ],
      "color": [
        0,
        0,
        0
      ],
      "visible": false
    },
    {
      "label": "target",
      "pose": [
        [
          -0.7776440693109626,
          0.015587972800214086,
          -0.628511479698195,
          4.103436948818627
        ],
        [
          0.6287047677589894,
          0.01928074322740407,
          -0.7774050238044506,
          -7.466199676290312
        ],
        [
          -1.959404714868551e-09,
          -0.9996925890833438,
          -0.02479378260923057,
          -0.031858195187011995
        ],
        [
          0.0,
          0.0,
          0.0,
          1.0
        ]
      ],
      "color": [
        144,
        238,
        144
      ],
      "visible": true
    }
  ],
  "algorithms": [
    {
      "key": "iperceive",
      "paper_name": "I-Perceive (Ours)",
      "color": [
        255,
        102,
        31
      ],
      "pose": [
        [
          -0.7250689737152737,
          -0.000832968307334564,
          -0.6886757255880648,
          3.710313800195344
        ],
        [
          0.6882380567039436,
          0.03479402109611779,
          -0.7246501715276524,
          -7.271270189910595
        ],
        [
          0.024565420301889185,
          -0.9993941485771011,
          -0.02465478780855976,
          -0.10283950411310072
        ],
        [
          0.0,
          0.0,
          0.0,
          1.0
        ]
      ],
      "metrics": {
        "coverage_iou": 0.5671641791044776,
        "trans_error": 0.44450150734772886,
        "rot_error": 0.08316532777952397,
        "soft_f1": 0.8331560394008767
      }
    },
    {
      "key": "nbv_l",
      "paper_name": "NBV+L",
      "color": [
        30,
        85,
        230
      ],
      "pose": [
        [
          -1.0,
          0.0,
          0.0,
          2.9544219870012824
        ],
        [
          0.0,
          0.17067841774864131,
          -1.0187522642048954,
          -8.327955528522148
        ],
        [
          0.0,
          -0.984807753012208,
          -0.1736481776669303,
          0.31728463569572907
        ],
        [
          0.0,
          0.0,
          0.0,
          1.0
        ]
      ],
      "metrics": {
        "coverage_iou": 0.1043010752688172,
        "trans_error": 1.4780930677417057,
        "rot_error": 0.6747483133897181,
        "soft_f1": 0.35768038955289955
      }
    },
    {
      "key": "vln",
      "paper_name": "VLN+P",
      "color": [
        20,
        107,
        58
      ],
      "pose": [
        [
          -0.9219596808725987,
          -0.10023695963772672,
          -0.37408942616422686,
          4.840595965473568
        ],
        [
          0.38728587225110056,
          -0.23862072422647082,
          -0.8905446665520705,
          -5.1058893696252
        ],
        [
          0.0,
          -0.9659258262890684,
          0.25881904510252074,
          -0.031858205795290084
        ],
        [
          0.0,
          0.0,
          0.0,
          1.0
        ]
      ],
      "metrics": {
        "coverage_iou": 0.3233793233793234,
        "trans_error": 2.472745067109404,
        "rot_error": 0.40153171997758147,
        "soft_f1": 0.5710481606629468
      }
    },
    {
      "key": "vlm",
      "paper_name": "VLM",
      "color": [
        0,
        200,
        209
      ],
      "pose": [
        [
          -0.763706304657562,
          -0.09342285112747013,
          -0.6387682295743158,
          4.131916642863031
        ],
        [
          0.6455638467466183,
          -0.11051985138990826,
          -0.7556670445523355,
          -6.025574289757884
        ],
        [
          0.0,
          -0.9894733616100877,
          0.144715122444176,
          -0.03149368906725852
        ],
        [
          0.0,
          0.0,
          0.0,
          1.0
        ]
      ],
      "metrics": {
        "coverage_iou": 0.39973821989528796,
        "trans_error": 1.4409068914154683,
        "rot_error": 0.17141944749414756,
        "soft_f1": 0.6651800276435846
      }
    }
  ],
  "vln_trajectory": {
    "points": [
      [
        4.68362041979853,
        -3.865785068342432,
        -0.031858205795290084
      ],
      [
        4.68362041979853,
        -3.865785068342432,
        -0.031858205795290084
      ],
      [
        4.777805747203553,
        -4.609847649112093,
        -0.031858205795290084
      ],
      [
        4.871991074608577,
        -5.3539102298817545,
        -0.031858205795290084
      ],
      [
        4.903386183743584,
        -5.601931090138308,
        -0.031858205795290084
      ],
      [
        4.934781292878592,
        -5.849951950394861,
        -0.031858205795290084
      ],
      [
        4.934781292878592,
        -5.849951950394861,
        -0.031858205795290084
      ],
      [
        4.934781292878592,
        -5.849951950394861,
        -0.031858205795290084
      ],
      [
        4.934781292878592,
        -5.849951950394861,
        -0.031858205795290084
      ],
      [
        4.934781292878592,
        -5.849951950394861,
        -0.031858205795290084
      ],
      [
        4.934781292878592,
        -5.849951950394861,
        -0.031858205795290084
      ],
      [
        4.934781292878592,
        -5.849951950394861,
        -0.031858205795290084
      ],
      [
        4.840595965473568,
        -5.1058893696252,
        -0.031858205795290084
      ],
      [
        4.840595965473568,
        -5.1058893696252,
        -0.031858205795290084
      ],
      [
        4.840595965473568,
        -5.1058893696252,
        -0.031858205795290084
      ],
      [
        4.840595965473568,
        -5.1058893696252,
        -0.031858205795290084
      ],
      [
        4.840595965473568,
        -5.1058893696252,
        -0.031858205795290084
      ],
      [
        4.840595965473568,
        -5.1058893696252,
        -0.031858205795290084
      ],
      [
        4.840595965473568,
        -5.1058893696252,
        -0.031858205795290084
      ],
      [
        4.840595965473568,
        -5.1058893696252,
        -0.031858205795290084
      ],
      [
        4.840595965473568,
        -5.1058893696252,
        -0.031858205795290084
      ]
    ],
    "color": [
      108,
      147,
      125
    ]
  },
  "images": {
    "start": "images/start.png",
    "target": "images/target.png",
    "context": [
      "images/context_0.png",
      "images/context_1.png",
      "images/context_2.png"
    ],
    "renders": {
      "iperceive": "images/render_iperceive.png",
      "nbv_l": "images/render_nbv_l.png",
      "vln": "images/render_vln.png",
      "vlm": "images/render_vlm.png"
    }
  }
}