{
  "dataset": "hssd",
  "data_name": "20260501_132128_719825",
  "instruction": "Move closely to look at the plant behind the bed.",
  "target_2d_coord": null,
  "fov_rad": 0.8726646221409238,
  "gt_cameras": [
    {
      "label": "start",
      "pose": [
        [
          0.050058890039515344,
          0.2224496778715839,
          -0.9736581783885144,
          3.6212431731762154
        ],
        [
          0.9987462678418436,
          -0.0111495625289912,
          0.04880143161220175,
          8.340880033261582
        ],
        [
          -1.4565559902662471e-19,
          -0.974880417318063,
          -0.22272892028149227,
          1.3712162229645717
        ],
        [
          0.0,
          0.0,
          0.0,
          1.0
        ]
      ],
      "color": [
        0,
        0,
        0
      ],
      "visible": false
    },
    {
      "label": "context_0",
      "pose": [
        [
          0.050058890039515344,
          0.2224496778715839,
          -0.9736581783885144,
          3.5359182327896663
        ],
        [
          0.9987462678418436,
          -0.0111495625289912,
          0.04880143161220175,
          9.31537304017087
        ],
        [
          -1.4565559902662471e-19,
          -0.974880417318063,
          -0.22272892028149227,
          1.371216222180418
        ],
        [
          0.0,
          0.0,
          0.0,
          1.0
        ]
      ],
      "color": [
        0,
        0,
        0
      ],
      "visible": false
    },
    {
      "label": "context_1",
      "pose": [
        [
          -0.991150064095206,
          -0.05531597000036734,
          0.1206716808705128,
          1.7593665198615147
        ],
        [
          -0.13274605334176617,
          0.41301751388558744,
          -0.9009967127736341,
          9.747842865565696
        ],
        [
          1.1543360517451973e-08,
          -0.9090416184148069,
          -0.41670529787194843,
          1.5921619953005386
        ],
        [
          0.0,
          0.0,
          0.0,
          1.0
        ]
      ],
      "color": [
        0,
        0,
        0
      ],
      "visible": false
    },
    {
      "label": "target",
      "pose": [
        [
          -0.700163507473011,
          0.3803069629151683,
          -0.6042662253532459,
          1.2313331166975736
        ],
        [
          0.7139825327332653,
          0.3729461680016317,
          -0.5925707149288598,
          8.277662868122775
        ],
        [
          -4.681717291621368e-09,
          -0.8463319714802484,
          -0.5326557999519934,
          1.3309985675515412
        ],
        [
          0.0,
          0.0,
          0.0,
          1.0
        ]
      ],
      "color": [
        144,
        238,
        144
      ],
      "visible": true
    }
  ],
  "algorithms": [
    {
      "key": "iperceive",
      "paper_name": "I-Perceive (Ours)",
      "color": [
        255,
        102,
        31
      ],
      "pose": [
        [
          -0.2978514786211626,
          0.29948005963344965,
          -0.9064194372429184,
          1.8235187473352654
        ],
        [
          0.9545317217365854,
          0.10576893721248264,
          -0.27871535294606675,
          7.820779276619517
        ],
        [
          0.012401339339583262,
          -0.9482217813811713,
          -0.3173666405359168,
          1.3201455478305493
        ],
        [
          0.0,
          0.0,
          0.0,
          1.0
        ]
      ],
      "metrics": {
        "coverage_iou": 0.47657295850066933,
        "trans_error": 0.7480267847783549,
        "rot_error": 0.5277953596821404,
        "soft_f1": 0.8514206562809576
      }
    },
    {
      "key": "nbv_l",
      "paper_name": "NBV+L",
      "color": [
        30,
        85,
        230
      ],
      "pose": [
        [
          -0.9781476007338057,
          0.0,
          0.20791169081775934,
          0.719875662275177
        ],
        [
          -0.20791169081775934,
          0.2588190451025207,
          -0.9781476007338057,
          7.590381185828168
        ],
        [
          -0.05381150528310299,
          -0.9659258262890682,
          -0.25316322799124524,
          0.7571906413963012
        ],
        [
          0.0,
          0.0,
          0.0,
          1.0
        ]
      ],
      "metrics": {
        "coverage_iou": 0.07357212003872217,
        "trans_error": 1.03111605346201,
        "rot_error": 1.0243703361208085,
        "soft_f1": 0.22212982520331964
      }
    },
    {
      "key": "vln",
      "paper_name": "VLN+P",
      "color": [
        20,
        107,
        58
      ],
      "pose": [
        [
          -0.6708232780701104,
          0.15419089415858142,
          -0.7254111232658679,
          3.3715566062157545
        ],
        [
          0.7416172392813365,
          0.13947200198346857,
          -0.6561641799606651,
          8.353394755771463
        ],
        [
          0.0,
          -0.9781476007338055,
          -0.2079116908177593,
          1.3712162229645717
        ],
        [
          0.0,
          0.0,
          0.0,
          1.0
        ]
      ],
      "metrics": {
        "coverage_iou": 0.051320193380438826,
        "trans_error": 2.141940502445985,
        "rot_error": 0.3545706971613619,
        "soft_f1": 0.1820793180133432
      }
    },
    {
      "key": "vlm",
      "paper_name": "VLM",
      "color": [
        0,
        200,
        209
      ],
      "pose": [
        [
          0.02758736516964656,
          -0.045554870354760996,
          -0.9985808385253332,
          2.4330563259805893
        ],
        [
          0.9996193962118766,
          0.0012572173454168582,
          0.02755870319064036,
          7.705697207014432
        ],
        [
          -0.0,
          -0.9989610468839651,
          0.04557221531254212,
          1.0384799535254836
        ],
        [
          0.0,
          0.0,
          0.0,
          1.0
        ]
      ],
      "metrics": {
        "coverage_iou": 0.1082059533386967,
        "trans_error": 1.362662937162768,
        "rot_error": 0.9969123992782385,
        "soft_f1": 0.3095869360546279
      }
    }
  ],
  "vln_trajectory": {
    "points": [
      [
        3.6212431731762154,
        8.340880033261584,
        1.3712162229645717
      ],
      [
        3.6212431731762154,
        8.340880033261584,
        1.3712162229645717
      ],
      [
        3.6212431731762154,
        8.340880033261584,
        1.3712162229645717
      ],
      [
        3.6212431731762154,
        8.340880033261584,
        1.3712162229645717
      ],
      [
        3.6212431731762154,
        8.340880033261584,
        1.3712162229645717
      ],
      [
        3.6212431731762154,
        8.340880033261584,
        1.3712162229645717
      ],
      [
        3.6212431731762154,
        8.340880033261584,
        1.3712162229645717
      ],
      [
        3.6212431731762154,
        8.340880033261584,
        1.3712162229645717
      ],
      [
        3.6212431731762154,
        8.340880033261584,
        1.3712162229645717
      ],
      [
        3.6212431731762154,
        8.340880033261584,
        1.3712162229645717
      ],
      [
        3.6212431731762154,
        8.340880033261584,
        1.3712162229645717
      ],
      [
        3.3715566062157545,
        8.353394755771463,
        1.3712162229645717
      ],
      [
        3.3715566062157545,
        8.353394755771463,
        1.3712162229645717
      ],
      [
        3.3715566062157545,
        8.353394755771463,
        1.3712162229645717
      ],
      [
        3.3715566062157545,
        8.353394755771463,
        1.3712162229645717
      ],
      [
        3.3715566062157545,
        8.353394755771463,
        1.3712162229645717
      ],
      [
        3.3715566062157545,
        8.353394755771463,
        1.3712162229645717
      ],
      [
        3.3715566062157545,
        8.353394755771463,
        1.3712162229645717
      ],
      [
        3.3715566062157545,
        8.353394755771463,
        1.3712162229645717
      ],
      [
        3.3715566062157545,
        8.353394755771463,
        1.3712162229645717
      ],
      [
        3.3715566062157545,
        8.353394755771463,
        1.3712162229645717
      ]
    ],
    "color": [
      108,
      147,
      125
    ]
  },
  "images": {
    "start": "images/start.png",
    "target": "images/target.png",
    "context": [
      "images/context_0.png",
      "images/context_1.png"
    ],
    "renders": {
      "iperceive": "images/render_iperceive.png",
      "nbv_l": "images/render_nbv_l.png",
      "vln": "images/render_vln.png",
      "vlm": "images/render_vlm.png"
    }
  }
}