{
  "dataset": "replica",
  "data_name": "apartment_0_20260501_111510_673651",
  "instruction": "Look at the teddy bear sitting on the chair",
  "target_2d_coord": null,
  "fov_rad": 1.0471975667402222,
  "gt_cameras": [
    {
      "label": "start",
      "pose": [
        [
          -0.8480204290685698,
          -0.08129217274953907,
          0.523691640693279,
          0.9404407500184206
        ],
        [
          -0.5299635382574535,
          0.13007955875917443,
          -0.8379844607811409,
          -5.082993852489669
        ],
        [
          -1.8912132842333166e-17,
          -0.9881654168420779,
          -0.15339201073498712,
          2.7678353908061952
        ],
        [
          0.0,
          0.0,
          0.0,
          1.0
        ]
      ],
      "color": [
        0,
        0,
        0
      ],
      "visible": false
    },
    {
      "label": "context_0",
      "pose": [
        [
          0.9556211879614358,
          -0.053900729878470444,
          0.28962532700364707,
          0.5572065316811443
        ],
        [
          -0.2945982696429422,
          -0.1748438223516247,
          0.9394900242139715,
          -8.83603153230866
        ],
        [
          7.790090933434968e-10,
          -0.9831197287916575,
          -0.1829634975119937,
          2.731035325316485
        ],
        [
          0.0,
          0.0,
          0.0,
          1.0
        ]
      ],
      "color": [
        0,
        0,
        0
      ],
      "visible": false
    },
    {
      "label": "context_1",
      "pose": [
        [
          -0.45666134556807936,
          -0.1680165441918053,
          0.8736308588820751,
          0.6858519092850734
        ],
        [
          -0.8896405794773177,
          0.08624456391470398,
          -0.44844338923643207,
          -6.615192051174135
        ],
        [
          1.199600932477729e-09,
          -0.9820042403855935,
          -0.18885889788808433,
          2.731035389754355
        ],
        [
          0.0,
          0.0,
          0.0,
          1.0
        ]
      ],
      "color": [
        0,
        0,
        0
      ],
      "visible": false
    },
    {
      "label": "target",
      "pose": [
        [
          0.5053273358530604,
          -0.4743477368535722,
          0.720859596049065,
          2.042532509504204
        ],
        [
          -0.8629277641674096,
          -0.277776300095661,
          0.4221327319198058,
          -6.707461037192471
        ],
        [
          -3.4213654409587235e-09,
          -0.8353649110983772,
          -0.549695761431289,
          2.4034353916139892
        ],
        [
          0.0,
          0.0,
          0.0,
          1.0
        ]
      ],
      "color": [
        144,
        238,
        144
      ],
      "visible": true
    }
  ],
  "algorithms": [
    {
      "key": "iperceive",
      "paper_name": "I-Perceive (Ours)",
      "color": [
        255,
        102,
        31
      ],
      "pose": [
        [
          0.06616791284779616,
          -0.5451404898991186,
          0.8357294441582539,
          1.5928764561940825
        ],
        [
          -0.9977919440075707,
          -0.03132261892166474,
          0.05856760092512853,
          -6.118026743942469
        ],
        [
          -0.005750314053229455,
          -0.8377593954568432,
          -0.5460093136028349,
          2.3013870745599156
        ],
        [
          0.0,
          0.0,
          0.0,
          1.0
        ]
      ],
      "metrics": {
        "coverage_iou": 0.36803874092009686,
        "trans_error": 0.7483563490722279,
        "rot_error": 0.46361187641047724,
        "soft_f1": 0.7860524808971904
      }
    },
    {
      "key": "nbv_l",
      "paper_name": "NBV+L",
      "color": [
        30,
        85,
        230
      ],
      "pose": [
        [
          1.0,
          0.0,
          0.0,
          3.142800631576598
        ],
        [
          0.0,
          0.0697564737441253,
          0.9975640502598242,
          -6.636573809573373
        ],
        [
          0.0,
          -0.9975640502598242,
          0.0697564737441253,
          2.068667974508086
        ],
        [
          0.0,
          0.0,
          0.0,
          1.0
        ]
      ],
      "metrics": {
        "coverage_iou": 0.17493897477624085,
        "trans_error": 1.1522517746939767,
        "rot_error": 1.2121359988566283,
        "soft_f1": 0.4137096558547477
      }
    },
    {
      "key": "vln",
      "paper_name": "VLN+P",
      "color": [
        20,
        107,
        58
      ],
      "pose": [
        [
          0.9743818076625725,
          0.0,
          0.22490018429564995,
          -0.03394105764415181
        ],
        [
          -0.22490018429564995,
          0.0,
          0.9743818076625725,
          -4.85809366819402
        ],
        [
          0.0,
          -1.0,
          0.0,
          2.7678353908061952
        ],
        [
          0.0,
          0.0,
          0.0,
          1.0
        ]
      ],
      "metrics": {
        "coverage_iou": 0.0,
        "trans_error": 2.8044053828751574,
        "rot_error": 0.9912676938694127,
        "soft_f1": 0.0
      }
    },
    {
      "key": "vlm",
      "paper_name": "VLM",
      "color": [
        0,
        200,
        209
      ],
      "pose": [
        [
          0.9924884515815191,
          0.016688651105959296,
          0.12119472926485818,
          1.9575060214654112
        ],
        [
          -0.12233835652532982,
          0.13538921042893332,
          0.983210602171331,
          -6.414128545575588
        ],
        [
          0.0,
          -0.9906519321253524,
          0.13641388996838416,
          2.429478581723306
        ],
        [
          0.0,
          0.0,
          0.0,
          1.0
        ]
      ],
      "metrics": {
        "coverage_iou": 0.0,
        "trans_error": 0.3065154280998857,
        "rot_error": 1.1502294155860344,
        "soft_f1": 0.0
      }
    }
  ],
  "vln_trajectory": {
    "points": [
      [
        0.9404407500184209,
        -5.08299385248967,
        2.7678353908061952
      ],
      [
        0.9404407500184209,
        -5.08299385248967,
        2.7678353908061952
      ],
      [
        0.9404407500184209,
        -5.08299385248967,
        2.7678353908061952
      ],
      [
        0.9404407500184209,
        -5.08299385248967,
        2.7678353908061952
      ],
      [
        0.20965439427149135,
        -4.9143187142679325,
        2.7678353908061952
      ],
      [
        -0.03394105764415181,
        -4.85809366819402,
        2.7678353908061952
      ],
      [
        -0.03394105764415181,
        -4.85809366819402,
        2.7678353908061952
      ],
      [
        -0.03394105764415181,
        -4.85809366819402,
        2.7678353908061952
      ],
      [
        -0.03394105764415181,
        -4.85809366819402,
        2.7678353908061952
      ],
      [
        -0.03394105764415181,
        -4.85809366819402,
        2.7678353908061952
      ],
      [
        -0.03394105764415181,
        -4.85809366819402,
        2.7678353908061952
      ],
      [
        -0.03394105764415181,
        -4.85809366819402,
        2.7678353908061952
      ],
      [
        -0.03394105764415181,
        -4.85809366819402,
        2.7678353908061952
      ],
      [
        -0.03394105764415181,
        -4.85809366819402,
        2.7678353908061952
      ],
      [
        -0.03394105764415181,
        -4.85809366819402,
        2.7678353908061952
      ],
      [
        -0.03394105764415181,
        -4.85809366819402,
        2.7678353908061952
      ],
      [
        -0.03394105764415181,
        -4.85809366819402,
        2.7678353908061952
      ],
      [
        -0.03394105764415181,
        -4.85809366819402,
        2.7678353908061952
      ],
      [
        -0.03394105764415181,
        -4.85809366819402,
        2.7678353908061952
      ],
      [
        -0.03394105764415181,
        -4.85809366819402,
        2.7678353908061952
      ],
      [
        -0.03394105764415181,
        -4.85809366819402,
        2.7678353908061952
      ]
    ],
    "color": [
      108,
      147,
      125
    ]
  },
  "images": {
    "start": "images/start.png",
    "target": "images/target.png",
    "context": [
      "images/context_0.png",
      "images/context_1.png"
    ],
    "renders": {
      "iperceive": "images/render_iperceive.png",
      "nbv_l": "images/render_nbv_l.png",
      "vln": "images/render_vln.png",
      "vlm": "images/render_vlm.png"
    }
  }
}