{
  "dataset": "hssd",
  "data_name": "20260430_112720_034d97",
  "instruction": "Peek beneath the sofa",
  "target_2d_coord": null,
  "fov_rad": 0.8726646221409238,
  "gt_cameras": [
    {
      "label": "start",
      "pose": [
        [
          0.9583907875351122,
          0.15440511267801219,
          -0.24009614646369887,
          -8.487985823512815
        ],
        [
          0.2854594513548773,
          -0.5183938974049298,
          0.8060897398959371,
          6.954632775684379
        ],
        [
          0.0,
          -0.8410866948847886,
          -0.5409003343387601,
          1.7930564429664877
        ],
        [
          0.0,
          0.0,
          0.0,
          1.0
        ]
      ],
      "color": [
        0,
        0,
        0
      ],
      "visible": false
    },
    {
      "label": "context_0",
      "pose": [
        [
          0.9053879016267911,
          0.09063082688765531,
          0.4147996128583116,
          -9.238468840713193
        ],
        [
          -0.4245853036021624,
          0.19326163210939562,
          0.8845209135963368,
          6.476573402314058
        ],
        [
          1.267926869052971e-08,
          -0.9769524182749594,
          0.21345725889434475,
          1.5481442243429286
        ],
        [
          0.0,
          0.0,
          0.0,
          1.0
        ]
      ],
      "color": [
        0,
        0,
        0
      ],
      "visible": false
    },
    {
      "label": "context_1",
      "pose": [
        [
          0.9914713957876018,
          -0.0957799068161215,
          0.08837784797279227,
          -8.927411973579108
        ],
        [
          -0.1303243470036612,
          -0.7286669305602675,
          0.6723541033740219,
          8.739618964910287
        ],
        [
          7.525369050132014e-09,
          -0.6781376780709446,
          -0.7349348635279298,
          1.7891878571765483
        ],
        [
          0.0,
          0.0,
          0.0,
          1.0
        ]
      ],
      "color": [
        0,
        0,
        0
      ],
      "visible": false
    },
    {
      "label": "target",
      "pose": [
        [
          0.9650776752655368,
          0.12292811124847378,
          -0.23133042134874904,
          -9.325734632979948
        ],
        [
          0.26196390442085654,
          -0.4528684061333998,
          0.8522236134103368,
          7.669053317542258
        ],
        [
          3.374063216321499e-10,
          -0.8830622236856761,
          -0.46925589907452575,
          0.31452032139710284
        ],
        [
          0.0,
          0.0,
          0.0,
          1.0
        ]
      ],
      "color": [
        144,
        238,
        144
      ],
      "visible": true
    }
  ],
  "algorithms": [
    {
      "key": "iperceive",
      "paper_name": "I-Perceive (Ours)",
      "color": [
        255,
        102,
        31
      ],
      "pose": [
        [
          0.8573197964739022,
          0.31941347824520444,
          -0.40370502610572856,
          -8.697044834526517
        ],
        [
          0.5147474708436726,
          -0.522551630586161,
          0.6796873287988208,
          7.0417976724723
        ],
        [
          0.00614456454498262,
          -0.7905155102422665,
          -0.6124111806473859,
          1.0384178889888556
        ],
        [
          0.0,
          0.0,
          0.0,
          1.0
        ]
      ],
      "metrics": {
        "coverage_iou": 0.3162813575996065,
        "trans_error": 1.145743515838368,
        "rot_error": 0.3235518476455322,
        "soft_f1": 0.6630724049840943
      }
    },
    {
      "key": "nbv_l",
      "paper_name": "NBV+L",
      "color": [
        30,
        85,
        230
      ],
      "pose": [
        [
          0.0,
          0.4999999999999993,
          1.0,
          -7.28460678340586
        ],
        [
          -1.0,
          0.0,
          0.0,
          8.2551527888277
        ],
        [
          0.0,
          -0.866025403784439,
          0.4999999999999993,
          1.1271561086277277
        ],
        [
          0.0,
          0.0,
          0.0,
          1.0
        ]
      ],
      "metrics": {
        "coverage_iou": 0.0,
        "trans_error": 2.2737837274943944,
        "rot_error": 2.038515904170726,
        "soft_f1": 0.0
      }
    },
    {
      "key": "vln",
      "paper_name": "VLN+P",
      "color": [
        20,
        107,
        58
      ],
      "pose": [
        [
          0.9583907875351118,
          0.14272972567743936,
          -0.24721513662369315,
          -8.487985823512815
        ],
        [
          0.28545945135487866,
          -0.479195393767556,
          0.8299907687583814,
          6.954632775684379
        ],
        [
          0.0,
          -0.8660254037844389,
          -0.5,
          1.7930564429664877
        ],
        [
          0.0,
          0.0,
          0.0,
          1.0
        ]
      ],
      "metrics": {
        "coverage_iou": 0.09819207165367391,
        "trans_error": 1.843444833035983,
        "rot_error": 0.04280540471048698,
        "soft_f1": 0.2594627950603853
      }
    },
    {
      "key": "vlm",
      "paper_name": "VLM",
      "color": [
        0,
        200,
        209
      ],
      "pose": [
        [
          0.748000543962007,
          0.25487745725923155,
          -0.6128072029713835,
          -8.550188790188894
        ],
        [
          0.6636981137780502,
          -0.28725179824349156,
          0.6906455083277808,
          7.397065998339136
        ],
        [
          -0.0,
          -0.9233222006358068,
          -0.38402618896769397,
          1.2783138769968478
        ],
        [
          0.0,
          0.0,
          0.0,
          1.0
        ]
      ],
      "metrics": {
        "coverage_iou": 0.11370071879764757,
        "trans_error": 1.2666279976397596,
        "rot_error": 0.47007865143023225,
        "soft_f1": 0.27046814062655117
      }
    }
  ],
  "vln_trajectory": {
    "points": [
      [
        -8.487985823512815,
        6.954632775684379,
        1.7930564429664877
      ],
      [
        -8.487985823512815,
        6.954632775684379,
        1.7930564429664877
      ],
      [
        -8.487985823512815,
        6.954632775684379,
        1.7930564429664877
      ],
      [
        -8.487985823512815,
        6.954632775684379,
        1.7930564429664877
      ],
      [
        -8.487985823512815,
        6.954632775684379,
        1.7930564429664877
      ],
      [
        -8.487985823512815,
        6.954632775684379,
        1.7930564429664877
      ],
      [
        -8.487985823512815,
        6.954632775684379,
        1.7930564429664877
      ],
      [
        -8.487985823512815,
        6.954632775684379,
        1.7930564429664877
      ],
      [
        -8.487985823512815,
        6.954632775684379,
        1.7930564429664877
      ],
      [
        -8.487985823512815,
        6.954632775684379,
        1.7930564429664877
      ],
      [
        -8.487985823512815,
        6.954632775684379,
        1.7930564429664877
      ],
      [
        -8.487985823512815,
        6.954632775684379,
        1.7930564429664877
      ],
      [
        -8.487985823512815,
        6.954632775684379,
        1.7930564429664877
      ],
      [
        -8.487985823512815,
        6.954632775684379,
        1.7930564429664877
      ],
      [
        -8.487985823512815,
        6.954632775684379,
        1.7930564429664877
      ],
      [
        -8.487985823512815,
        6.954632775684379,
        1.7930564429664877
      ],
      [
        -8.487985823512815,
        6.954632775684379,
        1.7930564429664877
      ],
      [
        -8.487985823512815,
        6.954632775684379,
        1.7930564429664877
      ],
      [
        -8.487985823512815,
        6.954632775684379,
        1.7930564429664877
      ],
      [
        -8.487985823512815,
        6.954632775684379,
        1.7930564429664877
      ],
      [
        -8.487985823512815,
        6.954632775684379,
        1.7930564429664877
      ]
    ],
    "color": [
      108,
      147,
      125
    ]
  },
  "images": {
    "start": "images/start.png",
    "target": "images/target.png",
    "context": [
      "images/context_0.png",
      "images/context_1.png"
    ],
    "renders": {
      "iperceive": "images/render_iperceive.png",
      "nbv_l": "images/render_nbv_l.png",
      "vln": "images/render_vln.png",
      "vlm": "images/render_vlm.png"
    }
  }
}