{
  "dataset": "hssd",
  "data_name": "20260503_120559_af217a",
  "instruction": "Prepare to open the door",
  "target_2d_coord": null,
  "fov_rad": 0.8726646221409238,
  "gt_cameras": [
    {
      "label": "start",
      "pose": [
        [
          0.9064224671807652,
          0.19637598999884695,
          -0.3739448910493461,
          -1.0650918066905002
        ],
        [
          0.422372242210511,
          -0.4214282842505186,
          0.8024960375252514,
          4.285302034832402
        ],
        [
          2.4573242894179835e-17,
          -0.8853443803321039,
          -0.4649358323622337,
          2.129057926216144
        ],
        [
          0.0,
          0.0,
          0.0,
          1.0
        ]
      ],
      "color": [
        0,
        0,
        0
      ],
      "visible": false
    },
    {
      "label": "context_0",
      "pose": [
        [
          0.8835711953117953,
          -0.04106803685575251,
          0.4664925585804446,
          -2.9867042600800153
        ],
        [
          -0.4682967719966692,
          -0.07748619410337743,
          0.8801670359758136,
          3.860031863577424
        ],
        [
          -1.0698019137223014e-09,
          -0.9961472129488126,
          -0.08769660041333663,
          1.1528470148480494
        ],
        [
          0.0,
          0.0,
          0.0,
          1.0
        ]
      ],
      "color": [
        0,
        0,
        0
      ],
      "visible": false
    },
    {
      "label": "context_1",
      "pose": [
        [
          0.8533414452082002,
          0.07355310501838841,
          -0.5161379257524488,
          -0.6917618128520878
        ],
        [
          0.52135249140038,
          -0.12039055054485154,
          0.8448063225550094,
          4.109725605313592
        ],
        [
          -1.7855829315127636e-09,
          -0.9899980087323283,
          -0.14108135857927145,
          1.2258588494738554
        ],
        [
          0.0,
          0.0,
          0.0,
          1.0
        ]
      ],
      "color": [
        0,
        0,
        0
      ],
      "visible": false
    },
    {
      "label": "context_2",
      "pose": [
        [
          0.870669605263951,
          0.13284144378484836,
          -0.4735900648407915,
          -1.2748713170974777
        ],
        [
          0.49186827447404935,
          -0.23514630591246727,
          0.8383148481958314,
          6.343279650172194
        ],
        [
          -9.198408978949857e-10,
          -0.9628392208244188,
          -0.27007524076900613,
          1.4034174600739524
        ],
        [
          0.0,
          0.0,
          0.0,
          1.0
        ]
      ],
      "color": [
        0,
        0,
        0
      ],
      "visible": false
    },
    {
      "label": "target",
      "pose": [
        [
          0.9997844008786253,
          0.005314046731763666,
          -0.020071769153934382,
          -1.1425191548087474
        ],
        [
          0.02076331957744948,
          -0.2558787285340352,
          0.9664858853472138,
          7.911560873630803
        ],
        [
          -1.8375437560447239e-09,
          -0.9666942702834445,
          -0.2559339179187633,
          1.3732191580470925
        ],
        [
          0.0,
          0.0,
          0.0,
          1.0
        ]
      ],
      "color": [
        144,
        238,
        144
      ],
      "visible": true
    }
  ],
  "algorithms": [
    {
      "key": "iperceive",
      "paper_name": "I-Perceive (Ours)",
      "color": [
        255,
        102,
        31
      ],
      "pose": [
        [
          0.9933599691690074,
          0.10931704479190435,
          -0.03585786811210934,
          -1.294991062019151
        ],
        [
          0.07869697925438146,
          -0.41829476703801916,
          0.9048957105204496,
          8.127159329005124
        ],
        [
          0.08392133871653538,
          -0.9017091285842309,
          -0.42412015281259147,
          1.2895649565468337
        ],
        [
          0.0,
          0.0,
          0.0,
          1.0
        ]
      ],
      "metrics": {
        "coverage_iou": 0.5006353240152478,
        "trans_error": 0.2769989648865338,
        "rot_error": 0.20552996459318792,
        "soft_f1": 0.8123588795878488
      }
    },
    {
      "key": "nbv_l",
      "paper_name": "NBV+L",
      "color": [
        30,
        85,
        230
      ],
      "pose": [
        [
          0.7071067811865468,
          0.0,
          0.7071067811865483,
          -0.1709112971219574
        ],
        [
          -0.7071067811865483,
          0.0,
          0.7071067811865468,
          7.16973318420843
        ],
        [
          0.0,
          -1.0,
          0.0,
          1.0003595718381542
        ],
        [
          0.0,
          0.0,
          0.0,
          1.0
        ]
      ],
      "metrics": {
        "coverage_iou": 0.0,
        "trans_error": 1.2780275369889635,
        "rot_error": 0.8445185872770513,
        "soft_f1": 0.0
      }
    },
    {
      "key": "vln",
      "paper_name": "VLN+P",
      "color": [
        20,
        107,
        58
      ],
      "pose": [
        [
          0.34227519651134114,
          0.0,
          -0.9395997498153792,
          -1.397290484038319
        ],
        [
          0.9395997498153792,
          0.0,
          0.34227519651134114,
          4.406314591074965
        ],
        [
          0.0,
          -1.0,
          0.0,
          2.1290579262161438
        ],
        [
          0.0,
          0.0,
          0.0,
          1.0
        ]
      ],
      "metrics": {
        "coverage_iou": 0.0,
        "trans_error": 3.594850722078738,
        "rot_error": 1.224906183460903,
        "soft_f1": 0.0
      }
    },
    {
      "key": "vlm",
      "paper_name": "VLM",
      "color": [
        0,
        200,
        209
      ],
      "pose": [
        [
          0.9941021970105582,
          -0.00434926438655523,
          0.10836007474193153,
          -1.2165160003743711
        ],
        [
          -0.10844732315175486,
          -0.03986832645010629,
          0.993302418524835,
          5.924047038572229
        ],
        [
          0.0,
          -0.9991954765937261,
          -0.04010485699558599,
          1.3154202195822347
        ],
        [
          0.0,
          0.0,
          0.0,
          1.0
        ]
      ],
      "metrics": {
        "coverage_iou": 0.15207715133531158,
        "trans_error": 1.9897304493864887,
        "rot_error": 0.2539941872044978,
        "soft_f1": 0.3441345365053322
      }
    }
  ],
  "vln_trajectory": {
    "points": [
      [
        -1.0650918066905,
        4.285302034832402,
        2.1290579262161438
      ],
      [
        -1.0650918066905,
        4.285302034832402,
        2.1290579262161438
      ],
      [
        -1.0650918066905,
        4.285302034832402,
        2.1290579262161438
      ],
      [
        -1.0650918066905,
        4.285302034832402,
        2.1290579262161438
      ],
      [
        -1.0650918066905,
        4.285302034832402,
        2.1290579262161438
      ],
      [
        -1.0650918066905,
        4.285302034832402,
        2.1290579262161438
      ],
      [
        -1.0650918066905,
        4.285302034832402,
        2.1290579262161438
      ],
      [
        -1.0650918066905,
        4.285302034832402,
        2.1290579262161438
      ],
      [
        -1.0650918066905,
        4.285302034832402,
        2.1290579262161438
      ],
      [
        -1.2916974234856913,
        4.179708974279774,
        2.1290579262161438
      ],
      [
        -1.2916974234856913,
        4.179708974279774,
        2.1290579262161438
      ],
      [
        -1.2916974234856913,
        4.179708974279774,
        2.1290579262161438
      ],
      [
        -1.2916974234856913,
        4.179708974279774,
        2.1290579262161438
      ],
      [
        -1.2916974234856913,
        4.179708974279774,
        2.1290579262161438
      ],
      [
        -1.397290484038319,
        4.406314591074965,
        2.1290579262161438
      ],
      [
        -1.397290484038319,
        4.406314591074965,
        2.1290579262161438
      ],
      [
        -1.397290484038319,
        4.406314591074965,
        2.1290579262161438
      ]
    ],
    "color": [
      108,
      147,
      125
    ]
  },
  "images": {
    "start": "images/start.png",
    "target": "images/target.png",
    "context": [
      "images/context_0.png",
      "images/context_1.png",
      "images/context_2.png"
    ],
    "renders": {
      "iperceive": "images/render_iperceive.png",
      "nbv_l": "images/render_nbv_l.png",
      "vln": "images/render_vln.png",
      "vlm": "images/render_vlm.png"
    }
  }
}