{
  "dataset": "replica",
  "data_name": "frl_apartment_5_20260504_080347_259793",
  "instruction": "inspect the wooden table near the bicycle",
  "target_2d_coord": null,
  "fov_rad": 1.0471975667402222,
  "gt_cameras": [
    {
      "label": "start",
      "pose": [
        [
          0.22139398715759892,
          -0.18301944371101994,
          0.957856244785286,
          -0.8934304546354377
        ],
        [
          -0.9751844453489099,
          -0.04155050315230481,
          0.217460003764668,
          0.06277017721578532
        ],
        [
          1.2024671740381744e-17,
          -0.982230848075695,
          -0.18767674626469014,
          0.02661049365997293
        ],
        [
          0.0,
          0.0,
          0.0,
          1.0
        ]
      ],
      "color": [
        0,
        0,
        0
      ],
      "visible": false
    },
    {
      "label": "context_0",
      "pose": [
        [
          -0.951709244304218,
          -0.005156250745510849,
          0.30695748072585044,
          1.8641115762443703
        ],
        [
          -0.30700077819736005,
          0.015984465738063596,
          -0.9515750099913738,
          3.126074799845801
        ],
        [
          1.2676340532813413e-10,
          -0.999858967910617,
          -0.01679553742489349,
          0.02661049176089547
        ],
        [
          0.0,
          0.0,
          0.0,
          1.0
        ]
      ],
      "color": [
        0,
        0,
        0
      ],
      "visible": false
    },
    {
      "label": "context_1",
      "pose": [
        [
          -0.6539215783913893,
          -0.012706869234008739,
          0.7564556298555025,
          1.1926163769500104
        ],
        [
          -0.7565623347748056,
          0.010982963531336144,
          -0.6538293366918139,
          4.7353317971818045
        ],
        [
          2.1637974745303268e-10,
          -0.9998589186406134,
          -0.016795536322939633,
          0.026610490784432783
        ],
        [
          0.0,
          0.0,
          0.0,
          1.0
        ]
      ],
      "color": [
        0,
        0,
        0
      ],
      "visible": false
    },
    {
      "label": "context_2",
      "pose": [
        [
          -0.9366135033957338,
          0.005183914653150323,
          -0.3503258900977404,
          6.158712324639611
        ],
        [
          0.3503642541339498,
          0.013857935575385054,
          -0.9365110293152561,
          4.460164800405624
        ],
        [
          -7.4385966830625705e-09,
          -0.999890555298842,
          -0.01479579285968377,
          0.026610569540240103
        ],
        [
          0.0,
          0.0,
          0.0,
          1.0
        ]
      ],
      "color": [
        0,
        0,
        0
      ],
      "visible": false
    },
    {
      "label": "target",
      "pose": [
        [
          0.5738864109897033,
          -0.439712447492617,
          0.6908743467767235,
          2.2322801667983834
        ],
        [
          -0.8189349187729794,
          -0.30813804029904857,
          0.4841451788556833,
          1.6626630179745503
        ],
        [
          1.084938933137991e-08,
          -0.8436254673966607,
          -0.5369321017177042,
          0.02661054907896232
        ],
        [
          0.0,
          0.0,
          0.0,
          1.0
        ]
      ],
      "color": [
        144,
        238,
        144
      ],
      "visible": true
    }
  ],
  "algorithms": [
    {
      "key": "iperceive",
      "paper_name": "I-Perceive (Ours)",
      "color": [
        255,
        102,
        31
      ],
      "pose": [
        [
          0.39276425254832015,
          -0.3179839447739108,
          0.8629150944085695,
          1.9231304757305616
        ],
        [
          -0.9196311844883529,
          -0.13188832558362193,
          0.36997832417692456,
          1.2154590372062382
        ],
        [
          -0.003838742124904003,
          -0.9388778829750588,
          -0.34422898148140024,
          -0.10898800087953131
        ],
        [
          0.0,
          0.0,
          0.0,
          1.0
        ]
      ],
      "metrics": {
        "coverage_iou": 0.2855467833971703,
        "trans_error": 0.5603141565723495,
        "rot_error": 0.2991758228731043,
        "soft_f1": 0.5645861200656903
      }
    },
    {
      "key": "nbv_l",
      "paper_name": "NBV+L",
      "color": [
        30,
        85,
        230
      ],
      "pose": [
        [
          -0.7071067811865478,
          0.08282139141036247,
          -0.7256957118370905,
          3.91846149269426
        ],
        [
          0.7071067811865472,
          0.08282139141036253,
          -0.7256957118370911,
          3.1460488482527875
        ],
        [
          0.0,
          -0.9925461516413221,
          -0.12186934340514757,
          -0.5307571634011696
        ],
        [
          0.0,
          0.0,
          0.0,
          1.0
        ]
      ],
      "metrics": {
        "coverage_iou": 0.0006581834137779728,
        "trans_error": 2.3139359141034297,
        "rot_error": 3.0845348061858613,
        "soft_f1": 0.006797942489406539
      }
    },
    {
      "key": "vln",
      "paper_name": "VLN+P",
      "color": [
        20,
        107,
        58
      ],
      "pose": [
        [
          0.5330103445807903,
          0.0,
          -0.846108723846922,
          3.007307326760202
        ],
        [
          0.846108723846922,
          0.0,
          0.5330103445807903,
          0.9483461258461815
        ],
        [
          0.0,
          -1.0,
          0.0,
          0.026610493659972922
        ],
        [
          0.0,
          0.0,
          0.0,
          1.0
        ]
      ],
      "metrics": {
        "coverage_iou": 0.0,
        "trans_error": 1.053999882592892,
        "rot_error": 2.0207765937402113,
        "soft_f1": 0.0
      }
    },
    {
      "key": "vlm",
      "paper_name": "VLM",
      "color": [
        0,
        200,
        209
      ],
      "pose": [
        [
          0.534216601523034,
          -0.043422073634437695,
          0.8442316898686435,
          0.21304888730037408
        ],
        [
          -0.8453476342057035,
          -0.027440536495814724,
          0.5335113816027189,
          0.5128979138114177
        ],
        [
          0.0,
          -0.9986798989056039,
          -0.05136593736994069,
          -0.19860160185765524
        ],
        [
          0.0,
          0.0,
          0.0,
          1.0
        ]
      ],
      "metrics": {
        "coverage_iou": 0.16266573621772507,
        "trans_error": 2.334518259109797,
        "rot_error": 0.5175581263837106,
        "soft_f1": 0.40283352927411936
      }
    }
  ],
  "vln_trajectory": {
    "points": [
      [
        -0.8934304546354378,
        0.06277017721578534,
        0.026610493659972922
      ],
      [
        -0.16204212062375545,
        0.2288156675839846,
        0.026610493659972922
      ],
      [
        0.5693462133879269,
        0.3948611579521839,
        0.026610493659972922
      ],
      [
        1.3007345473996093,
        0.5609066483203832,
        0.026610493659972922
      ],
      [
        2.0321228814112917,
        0.7269521386885824,
        0.026610493659972922
      ],
      [
        2.519715104085747,
        0.8376491322673819,
        0.026610493659972922
      ],
      [
        2.7635112154229744,
        0.8929976290567817,
        0.026610493659972922
      ],
      [
        3.007307326760202,
        0.9483461258461815,
        0.026610493659972922
      ],
      [
        3.007307326760202,
        0.9483461258461815,
        0.026610493659972922
      ],
      [
        3.007307326760202,
        0.9483461258461815,
        0.026610493659972922
      ],
      [
        3.007307326760202,
        0.9483461258461815,
        0.026610493659972922
      ],
      [
        3.007307326760202,
        0.9483461258461815,
        0.026610493659972922
      ]
    ],
    "color": [
      108,
      147,
      125
    ]
  },
  "images": {
    "start": "images/start.png",
    "target": "images/target.png",
    "context": [
      "images/context_0.png",
      "images/context_1.png",
      "images/context_2.png"
    ],
    "renders": {
      "iperceive": "images/render_iperceive.png",
      "nbv_l": "images/render_nbv_l.png",
      "vln": "images/render_vln.png",
      "vlm": "images/render_vlm.png"
    }
  }
}