{
  "dataset": "hssd",
  "data_name": "20260503_092554_52f152",
  "instruction": "Move closer to the bottle next to the washbasin",
  "target_2d_coord": null,
  "fov_rad": 0.8726646221409238,
  "gt_cameras": [
    {
      "label": "start",
      "pose": [
        [
          0.8789530706064493,
          -0.1277408497206549,
          0.4594820725383516,
          -10.720882091146443
        ],
        [
          -0.47690827175830575,
          -0.23542936609149132,
          0.8468361789096309,
          5.139076059446361
        ],
        [
          0.0,
          -0.9634600608714423,
          -0.26785203211026115,
          1.772058839939183
        ],
        [
          0.0,
          0.0,
          0.0,
          1.0
        ]
      ],
      "color": [
        0,
        0,
        0
      ],
      "visible": false
    },
    {
      "label": "context_0",
      "pose": [
        [
          0.27842803841348607,
          -0.5333567050190503,
          0.7987543412848928,
          -11.394750799915562
        ],
        [
          -0.9604570905151784,
          -0.1546154056170121,
          0.23155184905122905,
          7.374032257615926
        ],
        [
          2.9122878830722954e-09,
          -0.831639797749351,
          -0.5553154929983519,
          1.8127451971905226
        ],
        [
          0.0,
          0.0,
          0.0,
          1.0
        ]
      ],
      "color": [
        0,
        0,
        0
      ],
      "visible": false
    },
    {
      "label": "context_1",
      "pose": [
        [
          0.7537828333470086,
          -0.17291652291065873,
          0.6339647547584194,
          -10.753064320831452
        ],
        [
          -0.6571236223069763,
          -0.19835157435736456,
          0.7272174265566781,
          7.075450029761178
        ],
        [
          -1.876390091914981e-09,
          -0.964757221113535,
          -0.26314154154126,
          1.9721878170227722
        ],
        [
          0.0,
          0.0,
          0.0,
          1.0
        ]
      ],
      "color": [
        0,
        0,
        0
      ],
      "visible": false
    },
    {
      "label": "context_2",
      "pose": [
        [
          -0.5664397995877771,
          -0.11836811911784406,
          0.8155580489125103,
          -11.287642901428796
        ],
        [
          -0.8241031430739942,
          0.08135924971490716,
          -0.560566408981543,
          8.041003419014462
        ],
        [
          1.2387257219970138e-08,
          -0.989631048796684,
          -0.14363264734110445,
          1.7606952872157022
        ],
        [
          0.0,
          0.0,
          0.0,
          1.0
        ]
      ],
      "color": [
        0,
        0,
        0
      ],
      "visible": false
    },
    {
      "label": "target",
      "pose": [
        [
          0.47260815829452757,
          -0.21524019837503275,
          0.8545836199003283,
          -9.513412243553573
        ],
        [
          -0.8812726993023523,
          -0.11542883117061498,
          0.4582954185927579,
          6.876496663119748
        ],
        [
          3.161281791896897e-09,
          -0.969715366115737,
          -0.24423791044476392,
          1.3069221570186462
        ],
        [
          0.0,
          0.0,
          0.0,
          1.0
        ]
      ],
      "color": [
        144,
        238,
        144
      ],
      "visible": true
    }
  ],
  "algorithms": [
    {
      "key": "iperceive",
      "paper_name": "I-Perceive (Ours)",
      "color": [
        255,
        102,
        31
      ],
      "pose": [
        [
          0.332799932259835,
          -0.5345615715817856,
          0.7768449849961552,
          -9.502008849851414
        ],
        [
          -0.9410594122063196,
          -0.24105637779198869,
          0.2372738924274404,
          7.268359472362173
        ],
        [
          0.06042592635235822,
          -0.8100220514064684,
          -0.5832777940121479,
          1.4351478395567216
        ],
        [
          0.0,
          0.0,
          0.0,
          1.0
        ]
      ],
      "metrics": {
        "coverage_iou": 0.39948119325551235,
        "trans_error": 0.4124662121329719,
        "rot_error": 0.41520437876923694,
        "soft_f1": 0.8059458393697547
      }
    },
    {
      "key": "nbv_l",
      "paper_name": "NBV+L",
      "color": [
        30,
        85,
        230
      ],
      "pose": [
        [
          -0.7071067811865475,
          0.18301270189221897,
          -0.7071067811865476,
          -8.271955741879085
        ],
        [
          0.7071067811865475,
          0.18301270189221897,
          -0.7071067811865476,
          7.361366736718137
        ],
        [
          0.0,
          -0.9659258262890683,
          -0.2588190451025203,
          0.9976376022705494
        ],
        [
          0.0,
          0.0,
          0.0,
          1.0
        ]
      ],
      "metrics": {
        "coverage_iou": 0.0,
        "trans_error": 1.3681996310982956,
        "rot_error": 2.9093690239689733,
        "soft_f1": 0.0
      }
    },
    {
      "key": "vln",
      "paper_name": "VLN+P",
      "color": [
        20,
        107,
        58
      ],
      "pose": [
        [
          -0.7255705274968707,
          0.0,
          -0.6881478108865219,
          -10.714266626975045
        ],
        [
          0.6881478108865219,
          0.0,
          -0.7255705274968707,
          4.889163603506693
        ],
        [
          0.0,
          -1.0,
          0.0,
          1.772058839939183
        ],
        [
          0.0,
          0.0,
          0.0,
          1.0
        ]
      ],
      "metrics": {
        "coverage_iou": 0.0,
        "trans_error": 2.368099621704818,
        "rot_error": 2.8244272777794817,
        "soft_f1": 0.0
      }
    },
    {
      "key": "vlm",
      "paper_name": "VLM",
      "color": [
        0,
        200,
        209
      ],
      "pose": [
        [
          0.8168358108292547,
          -0.1892180805883369,
          0.5449548386108518,
          -10.068590776180883
        ],
        [
          -0.5768702264347796,
          -0.26792872503778603,
          0.7716443093503071,
          5.821089353386633
        ],
        [
          0.0,
          -0.9446749262461092,
          -0.3280080543552367,
          1.500527194941364
        ],
        [
          0.0,
          0.0,
          0.0,
          1.0
        ]
      ],
      "metrics": {
        "coverage_iou": 0.038148148148148146,
        "trans_error": 1.2081351609795041,
        "rot_error": 0.4716874752036668,
        "soft_f1": 0.14290880705117437
      }
    }
  ],
  "vln_trajectory": {
    "points": [
      [
        -10.720882091146445,
        5.139076059446363,
        1.772058839939183
      ],
      [
        -10.720882091146445,
        5.139076059446363,
        1.772058839939183
      ],
      [
        -10.720882091146445,
        5.139076059446363,
        1.772058839939183
      ],
      [
        -10.720882091146445,
        5.139076059446363,
        1.772058839939183
      ],
      [
        -10.720882091146445,
        5.139076059446363,
        1.772058839939183
      ],
      [
        -10.720882091146445,
        5.139076059446363,
        1.772058839939183
      ],
      [
        -10.720882091146445,
        5.139076059446363,
        1.772058839939183
      ],
      [
        -10.720882091146445,
        5.139076059446363,
        1.772058839939183
      ],
      [
        -10.720882091146445,
        5.139076059446363,
        1.772058839939183
      ],
      [
        -10.720882091146445,
        5.139076059446363,
        1.772058839939183
      ],
      [
        -10.720882091146445,
        5.139076059446363,
        1.772058839939183
      ],
      [
        -10.720882091146445,
        5.139076059446363,
        1.772058839939183
      ],
      [
        -10.720882091146445,
        5.139076059446363,
        1.772058839939183
      ],
      [
        -10.714266626975045,
        4.889163603506693,
        1.772058839939183
      ],
      [
        -10.714266626975045,
        4.889163603506693,
        1.772058839939183
      ],
      [
        -10.714266626975045,
        4.889163603506693,
        1.772058839939183
      ],
      [
        -10.714266626975045,
        4.889163603506693,
        1.772058839939183
      ],
      [
        -10.714266626975045,
        4.889163603506693,
        1.772058839939183
      ],
      [
        -10.714266626975045,
        4.889163603506693,
        1.772058839939183
      ],
      [
        -10.714266626975045,
        4.889163603506693,
        1.772058839939183
      ],
      [
        -10.714266626975045,
        4.889163603506693,
        1.772058839939183
      ]
    ],
    "color": [
      108,
      147,
      125
    ]
  },
  "images": {
    "start": "images/start.png",
    "target": "images/target.png",
    "context": [
      "images/context_0.png",
      "images/context_1.png",
      "images/context_2.png"
    ],
    "renders": {
      "iperceive": "images/render_iperceive.png",
      "nbv_l": "images/render_nbv_l.png",
      "vln": "images/render_vln.png",
      "vlm": "images/render_vlm.png"
    }
  }
}