{
  "dataset": "hssd",
  "data_name": "20260503_093740_ea05c0",
  "instruction": "Look at the potted plant behind the armchair in a top-down view",
  "target_2d_coord": null,
  "fov_rad": 0.8726646221409238,
  "gt_cameras": [
    {
      "label": "start",
      "pose": [
        [
          -0.9946151263548244,
          -0.01462133093423472,
          0.10260100929273622,
          -1.5700875067679305
        ],
        [
          -0.10363759176175678,
          0.14032164070408207,
          -0.9846669928071815,
          3.668329755661707
        ],
        [
          0.0,
          -0.9899980069837646,
          -0.1410813459255827,
          1.389723833645339
        ],
        [
          0.0,
          0.0,
          0.0,
          1.0
        ]
      ],
      "color": [
        0,
        0,
        0
      ],
      "visible": false
    },
    {
      "label": "context_0",
      "pose": [
        [
          -0.5903515873322034,
          -0.10996779660120266,
          0.7996199920730687,
          -3.804113122523362
        ],
        [
          -0.8071462154481107,
          0.08043109551232254,
          -0.5848468200620842,
          3.0536613496262346
        ],
        [
          4.46177593482755e-09,
          -0.990675478733032,
          -0.13624271497189078,
          1.5818972204957746
        ],
        [
          0.0,
          0.0,
          0.0,
          1.0
        ]
      ],
      "color": [
        0,
        0,
        0
      ],
      "visible": false
    },
    {
      "label": "context_1",
      "pose": [
        [
          -0.9203350785436738,
          -0.04760366399037246,
          0.3882231928937464,
          -1.3822860282005949
        ],
        [
          -0.3911308874386806,
          0.1120119242747937,
          -0.9134933021606192,
          4.980563105564133
        ],
        [
          -1.720112073611002e-09,
          -0.9925659956505597,
          -0.12170776527623497,
          1.370966789293219
        ],
        [
          0.0,
          0.0,
          0.0,
          1.0
        ]
      ],
      "color": [
        0,
        0,
        0
      ],
      "visible": false
    },
    {
      "label": "context_2",
      "pose": [
        [
          -0.0012214624364731974,
          -0.5408999139928427,
          0.8410860569014118,
          -1.9643579558317925
        ],
        [
          -0.9999992511193153,
          0.0006606907805271345,
          -0.001027347145576174,
          1.9027668417625478
        ],
        [
          7.71032407365091e-09,
          -0.8410866940377563,
          -0.5409003550163568,
          1.3417590101074994
        ],
        [
          0.0,
          0.0,
          0.0,
          1.0
        ]
      ],
      "color": [
        0,
        0,
        0
      ],
      "visible": false
    },
    {
      "label": "target",
      "pose": [
        [
          -0.8456083016017436,
          -0.29961555407188734,
          0.4417885485975672,
          -1.3778344868717352
        ],
        [
          -0.5338038862292703,
          0.4746263748666477,
          -0.6998451533990115,
          1.616549323939505
        ],
        [
          3.2026133897633535e-09,
          -0.8276232843020305,
          -0.561283957776015,
          1.6927036344116795
        ],
        [
          0.0,
          0.0,
          0.0,
          1.0
        ]
      ],
      "color": [
        144,
        238,
        144
      ],
      "visible": true
    }
  ],
  "algorithms": [
    {
      "key": "iperceive",
      "paper_name": "I-Perceive (Ours)",
      "color": [
        255,
        102,
        31
      ],
      "pose": [
        [
          -0.9196224067403168,
          -0.11635293380809913,
          0.3751753575842979,
          -1.4223028100658388
        ],
        [
          -0.3920245492083978,
          0.2117428096535518,
          -0.8952550906974194,
          1.9241905340507408
        ],
        [
          0.024724882836368076,
          -0.9703746697334202,
          -0.2403366473064926,
          1.3864212472787165
        ],
        [
          0.0,
          0.0,
          0.0,
          1.0
        ]
      ],
      "metrics": {
        "coverage_iou": 0.3722627737226277,
        "trans_error": 0.4363822511819548,
        "rot_error": 0.38638561880250316,
        "soft_f1": 0.7987625269463048
      }
    },
    {
      "key": "nbv_l",
      "paper_name": "NBV+L",
      "color": [
        30,
        85,
        230
      ],
      "pose": [
        [
          0.7071067811865477,
          -0.09841024344762225,
          -0.7002252665996704,
          0.022238529766220094
        ],
        [
          0.7071067811865474,
          0.0984102434476223,
          0.7002252665996708,
          -0.6722052721742477
        ],
        [
          0.0,
          -0.9902680687415704,
          0.13917310096006544,
          1.0936477702085394
        ],
        [
          0.0,
          0.0,
          0.0,
          1.0
        ]
      ],
      "metrics": {
        "coverage_iou": 0.0,
        "trans_error": 2.74908531040939,
        "rot_error": 2.934208722856157,
        "soft_f1": 0.0
      }
    },
    {
      "key": "vln",
      "paper_name": "VLN+P",
      "color": [
        20,
        107,
        58
      ],
      "pose": [
        [
          0.9946151263548244,
          0.0,
          -0.10363759176175705,
          -1.5700875067679307
        ],
        [
          0.10363759176175705,
          0.0,
          0.9946151263548244,
          3.6683297556617065
        ],
        [
          0.0,
          -0.9999999999999998,
          0.0,
          1.389723833645339
        ],
        [
          0.0,
          0.0,
          0.0,
          1.0
        ]
      ],
      "metrics": {
        "coverage_iou": 0.0,
        "trans_error": 2.0829212478607695,
        "rot_error": 2.7029007541447614,
        "soft_f1": 0.0
      }
    },
    {
      "key": "vlm",
      "paper_name": "VLM",
      "color": [
        0,
        200,
        209
      ],
      "pose": [
        [
          -0.8589473826829268,
          -0.36383621167996877,
          0.36032291746781614,
          -1.2997239157891265
        ],
        [
          -0.512063857133219,
          0.6103070103353848,
          -0.60441373193644,
          2.2884766762519666
        ],
        [
          0.0,
          -0.7036679360364897,
          -0.7105289830782039,
          1.6479816443396769
        ],
        [
          0.0,
          0.0,
          0.0,
          1.0
        ]
      ],
      "metrics": {
        "coverage_iou": 0.14068655036578503,
        "trans_error": 0.6779289627259891,
        "rot_error": 0.19597502346534737,
        "soft_f1": 0.4455222584171098
      }
    }
  ],
  "vln_trajectory": {
    "points": [
      [
        -1.5700875067679307,
        3.6683297556617065,
        1.389723833645339
      ],
      [
        -1.5700875067679307,
        3.6683297556617065,
        1.389723833645339
      ],
      [
        -1.5700875067679307,
        3.6683297556617065,
        1.389723833645339
      ],
      [
        -1.5700875067679307,
        3.6683297556617065,
        1.389723833645339
      ],
      [
        -1.5700875067679307,
        3.6683297556617065,
        1.389723833645339
      ],
      [
        -1.5700875067679307,
        3.6683297556617065,
        1.389723833645339
      ],
      [
        -1.5700875067679307,
        3.6683297556617065,
        1.389723833645339
      ],
      [
        -1.5700875067679307,
        3.6683297556617065,
        1.389723833645339
      ],
      [
        -1.5700875067679307,
        3.6683297556617065,
        1.389723833645339
      ],
      [
        -1.5700875067679307,
        3.6683297556617065,
        1.389723833645339
      ],
      [
        -1.5700875067679307,
        3.6683297556617065,
        1.389723833645339
      ],
      [
        -1.5700875067679307,
        3.6683297556617065,
        1.389723833645339
      ],
      [
        -1.5700875067679307,
        3.6683297556617065,
        1.389723833645339
      ]
    ],
    "color": [
      108,
      147,
      125
    ]
  },
  "images": {
    "start": "images/start.png",
    "target": "images/target.png",
    "context": [
      "images/context_0.png",
      "images/context_1.png",
      "images/context_2.png"
    ],
    "renders": {
      "iperceive": "images/render_iperceive.png",
      "nbv_l": "images/render_nbv_l.png",
      "vln": "images/render_vln.png",
      "vlm": "images/render_vlm.png"
    }
  }
}