{
  "dataset": "replica",
  "data_name": "apartment_1_20260502_095315_993648",
  "instruction": "Look at the potted plant on the coffee table",
  "target_2d_coord": null,
  "fov_rad": 1.0471975667402222,
  "gt_cameras": [
    {
      "label": "start",
      "pose": [
        [
          0.953076311995656,
          0.016580199915695742,
          -0.30227576893213665,
          1.4495501674904263
        ],
        [
          0.3027301496593276,
          -0.05219894947888319,
          0.9516457986880109,
          -0.13723060780963536
        ],
        [
          -3.464239509514355e-18,
          -0.998499056906944,
          -0.05476890866124169,
          -0.30013716220855735
        ],
        [
          0.0,
          0.0,
          0.0,
          1.0
        ]
      ],
      "color": [
        0,
        0,
        0
      ],
      "visible": false
    },
    {
      "label": "context_0",
      "pose": [
        [
          0.148687019395162,
          0.13093457754278726,
          -0.9801777067726163,
          1.4490905007714039
        ],
        [
          0.9888843036649286,
          -0.019687108026080834,
          0.14737791524542476,
          0.07722540788529292
        ],
        [
          1.9770667741836334e-09,
          -0.9911955431038434,
          -0.1324063704715388,
          -0.3001371618537212
        ],
        [
          0.0,
          0.0,
          0.0,
          1.0
        ]
      ],
      "color": [
        0,
        0,
        0
      ],
      "visible": false
    },
    {
      "label": "context_1",
      "pose": [
        [
          0.6133950675682445,
          -0.09987260403157044,
          0.7834359774592702,
          -2.312528370535952
        ],
        [
          -0.7897762015758512,
          -0.07756800464099452,
          0.6084708254120867,
          1.408527516006859
        ],
        [
          1.0623982041324531e-09,
          -0.9919720955950179,
          -0.12645684452936004,
          -0.3001371608517698
        ],
        [
          0.0,
          0.0,
          0.0,
          1.0
        ]
      ],
      "color": [
        0,
        0,
        0
      ],
      "visible": false
    },
    {
      "label": "context_2",
      "pose": [
        [
          -0.7536828472515443,
          -0.07919902973528921,
          0.6524489903495638,
          -2.001547287090016
        ],
        [
          -0.6572382803333021,
          0.09082086581386967,
          -0.748190760523475,
          6.17805356490748
        ],
        [
          -2.6300986527560966e-09,
          -0.9927129745629923,
          -0.12050276783186259,
          -0.3001371495918848
        ],
        [
          0.0,
          0.0,
          0.0,
          1.0
        ]
      ],
      "color": [
        0,
        0,
        0
      ],
      "visible": false
    },
    {
      "label": "context_3",
      "pose": [
        [
          -0.8593232213648236,
          0.053498238967873486,
          -0.5086271247207591,
          1.522988781512957
        ],
        [
          0.5114329060519747,
          0.08988916884819276,
          -0.8546088775039731,
          5.919884460926419
        ],
        [
          1.3989176692041916e-09,
          -0.9945138701815599,
          -0.10460461747727993,
          -0.30013712918090424
        ],
        [
          0.0,
          0.0,
          0.0,
          1.0
        ]
      ],
      "color": [
        0,
        0,
        0
      ],
      "visible": false
    },
    {
      "label": "target",
      "pose": [
        [
          0.9952451880676454,
          0.04067422540009952,
          -0.08850203683019073,
          0.2885285099324686
        ],
        [
          0.09740124665352454,
          -0.415608919053469,
          0.9043131221908047,
          1.8794500271169017
        ],
        [
          -2.2513893215003744e-09,
          -0.9086334789100896,
          -0.41759449192121173,
          -0.578937133317366
        ],
        [
          0.0,
          0.0,
          0.0,
          1.0
        ]
      ],
      "color": [
        144,
        238,
        144
      ],
      "visible": true
    }
  ],
  "algorithms": [
    {
      "key": "iperceive",
      "paper_name": "I-Perceive (Ours)",
      "color": [
        255,
        102,
        31
      ],
      "pose": [
        [
          0.8892294437945735,
          0.165773816098634,
          -0.42636827651143583,
          0.8350344252241665
        ],
        [
          0.4564784831767881,
          -0.26048188370584485,
          0.8507506056565639,
          1.8353446689306387
        ],
        [
          0.029970956383441966,
          -0.9511405044146438,
          -0.3073003496480923,
          -0.37512521335189597
        ],
        [
          0.0,
          0.0,
          0.0,
          1.0
        ]
      ],
      "metrics": {
        "coverage_iou": 0.3026493039964077,
        "trans_error": 0.5849387416548724,
        "rot_error": 0.3974414106937573,
        "soft_f1": 0.5948054544659858
      }
    },
    {
      "key": "nbv_l",
      "paper_name": "NBV+L",
      "color": [
        30,
        85,
        230
      ],
      "pose": [
        [
          -0.7547095802227719,
          -0.14842641271076906,
          0.664738067650462,
          1.2661729645362154
        ],
        [
          -0.6560590289905073,
          0.14326344177813496,
          -0.7632534217308207,
          5.1643638206367255
        ],
        [
          0.01805430392417357,
          -0.9781146044737559,
          -0.20728208466956702,
          -1.3071657030964778
        ],
        [
          0.0,
          0.0,
          0.0,
          1.0
        ]
      ],
      "metrics": {
        "coverage_iou": 0.011917858452511918,
        "trans_error": 3.50382131325394,
        "rot_error": 2.544852683864618,
        "soft_f1": 0.0483940150884364
      }
    },
    {
      "key": "vln",
      "paper_name": "VLN+P",
      "color": [
        20,
        107,
        58
      ],
      "pose": [
        [
          0.887989264894123,
          -0.22993209075333254,
          0.39825406347531006,
          0.692724793342107
        ],
        [
          -0.45986418150666514,
          -0.44399463244706144,
          0.7690212616861797,
          2.2454601721795044
        ],
        [
          0.0,
          -0.8660254037844386,
          -0.49999999999999994,
          -0.30013716220855735
        ],
        [
          0.0,
          0.0,
          0.0,
          1.0
        ]
      ],
      "metrics": {
        "coverage_iou": 0.3134577876845918,
        "trans_error": 0.6124275268144791,
        "rot_error": 0.5826288444571779,
        "soft_f1": 0.5562131509340155
      }
    },
    {
      "key": "vlm",
      "paper_name": "VLM",
      "color": [
        0,
        200,
        209
      ],
      "pose": [
        [
          0.899733080751453,
          0.13717350741545487,
          -0.41432331851446835,
          1.2064791632822156
        ],
        [
          0.43644058404495273,
          -0.28278658524496303,
          0.8541377897060836,
          0.570808244939224
        ],
        [
          -0.0,
          -0.9493235360343888,
          -0.3143005312295297,
          -0.34986109934905374
        ],
        [
          0.0,
          0.0,
          0.0,
          1.0
        ]
      ],
      "metrics": {
        "coverage_iou": 0.2771894436039671,
        "trans_error": 1.6148228171464296,
        "rot_error": 0.3709224615272836,
        "soft_f1": 0.5420171625359905
      }
    }
  ],
  "vln_trajectory": {
    "points": [
      [
        1.4495501674904263,
        -0.13723060780963547,
        -0.30013716220855735
      ],
      [
        1.3738676300755943,
        0.10103847018927856,
        -0.30013716220855735
      ],
      [
        1.2981850926607623,
        0.3393075481881926,
        -0.30013716220855735
      ],
      [
        1.0711374804162666,
        1.0541147821849346,
        -0.30013716220855735
      ],
      [
        0.8440898681717708,
        1.7689220161816768,
        -0.30013716220855735
      ],
      [
        0.7684073307569389,
        2.0071910941805906,
        -0.30013716220855735
      ],
      [
        0.692724793342107,
        2.2454601721795044,
        -0.30013716220855735
      ],
      [
        0.692724793342107,
        2.2454601721795044,
        -0.30013716220855735
      ],
      [
        0.692724793342107,
        2.2454601721795044,
        -0.30013716220855735
      ]
    ],
    "color": [
      108,
      147,
      125
    ]
  },
  "images": {
    "start": "images/start.png",
    "target": "images/target.png",
    "context": [
      "images/context_0.png",
      "images/context_1.png",
      "images/context_2.png",
      "images/context_3.png"
    ],
    "renders": {
      "iperceive": "images/render_iperceive.png",
      "nbv_l": "images/render_nbv_l.png",
      "vln": "images/render_vln.png",
      "vlm": "images/render_vlm.png"
    }
  }
}