{
  "dataset": "replica",
  "data_name": "office_0_20260504_085404_416797",
  "instruction": "Look inside the blue recycling bin",
  "target_2d_coord": null,
  "fov_rad": 1.0471975667402222,
  "gt_cameras": [
    {
      "label": "start",
      "pose": [
        [
          0.9979765429868079,
          -0.010932344269660745,
          0.0626362793983604,
          0.3514872789453468
        ],
        [
          -0.06358317110761191,
          -0.17158979256496287,
          0.9831145016931716,
          -2.1468740724107733
        ],
        [
          6.772252617484628e-19,
          -0.9851078250304799,
          -0.1719377011121102,
          0.33113086223602217
        ],
        [
          0.0,
          0.0,
          0.0,
          1.0
        ]
      ],
      "color": [
        0,
        0,
        0
      ],
      "visible": false
    },
    {
      "label": "context_0",
      "pose": [
        [
          -0.7072336557628618,
          0.09921161980138248,
          -0.699984026756878,
          1.311626820589715
        ],
        [
          0.7069798832010791,
          0.0992472182462337,
          -0.7002352303631192,
          0.30979201839648507
        ],
        [
          -2.903010748456225e-10,
          -0.9901045324478313,
          -0.14033160539810452,
          0.33113084913761265
        ],
        [
          0.0,
          0.0,
          0.0,
          1.0
        ]
      ],
      "color": [
        0,
        0,
        0
      ],
      "visible": false
    },
    {
      "label": "context_1",
      "pose": [
        [
          0.9255260754397104,
          0.07032611782462475,
          -0.37209643239344214,
          0.16533941545675374
        ],
        [
          0.3786839307062011,
          -0.17188121490996117,
          0.9094258180552056,
          -2.541965753560001
        ],
        [
          -6.813780373260414e-10,
          -0.9826042519271834,
          -0.18571190876982743,
          0.331130861802915
        ],
        [
          0.0,
          0.0,
          0.0,
          1.0
        ]
      ],
      "color": [
        0,
        0,
        0
      ],
      "visible": false
    },
    {
      "label": "target",
      "pose": [
        [
          0.937863923009351,
          0.23367146542050568,
          -0.2565324331231603,
          0.8137661861329472
        ],
        [
          0.34700325691585854,
          -0.6315561866559427,
          0.6933437362529506,
          0.5697121488560266
        ],
        [
          -6.914116959522154e-09,
          -0.7392796413398193,
          -0.6733985425935223,
          0.0643308288547606
        ],
        [
          0.0,
          0.0,
          0.0,
          1.0
        ]
      ],
      "color": [
        144,
        238,
        144
      ],
      "visible": true
    }
  ],
  "algorithms": [
    {
      "key": "iperceive",
      "paper_name": "I-Perceive (Ours)",
      "color": [
        255,
        102,
        31
      ],
      "pose": [
        [
          0.9895312652084811,
          0.09965884107671166,
          -0.10438363366091205,
          0.6022089076986437
        ],
        [
          0.14312928499827376,
          -0.5850261421554904,
          0.7982847019671213,
          -0.31100971993711246
        ],
        [
          0.018488968081459452,
          -0.8048680011613247,
          -0.5931657830125454,
          -0.04302185073067544
        ],
        [
          0.0,
          0.0,
          0.0,
          1.0
        ]
      ],
      "metrics": {
        "coverage_iou": 0.42993273542600896,
        "trans_error": 0.9121141168148829,
        "rot_error": 0.2346333357822941,
        "soft_f1": 0.7676322644641839
      }
    },
    {
      "key": "nbv_l",
      "paper_name": "NBV+L",
      "color": [
        30,
        85,
        230
      ],
      "pose": [
        [
          0.7071067811865478,
          0.10809735395875188,
          -0.7223632127406587,
          0.5671977405166057
        ],
        [
          0.7071067811865472,
          -0.10809735395875196,
          0.7223632127406593,
          1.4004811622708881
        ],
        [
          0.0,
          -0.9876883405951375,
          -0.15643446504023073,
          -0.5923791401220979
        ],
        [
          0.0,
          0.0,
          0.0,
          1.0
        ]
      ],
      "metrics": {
        "coverage_iou": 0.07031963470319634,
        "trans_error": 1.0873091222773235,
        "rot_error": 0.7045985173670847,
        "soft_f1": 0.2850430696945967
      }
    },
    {
      "key": "vln",
      "paper_name": "VLN+P",
      "color": [
        20,
        107,
        58
      ],
      "pose": [
        [
          0.06358317110761219,
          0.0,
          -0.9979765429868077,
          0.35148727894534687
        ],
        [
          0.9979765429868077,
          0.0,
          0.06358317110761219,
          -2.1468740724107738
        ],
        [
          0.0,
          -0.9999999999999999,
          0.0,
          0.3311308622360223
        ],
        [
          0.0,
          0.0,
          0.0,
          1.0
        ]
      ],
      "metrics": {
        "coverage_iou": 0.0,
        "trans_error": 2.7685239608406014,
        "rot_error": 1.3462585909119051,
        "soft_f1": 0.0
      }
    },
    {
      "key": "vlm",
      "paper_name": "VLM",
      "color": [
        0,
        200,
        209
      ],
      "pose": [
        [
          0.9618700204093478,
          0.12865041134553293,
          -0.24136100658214454,
          0.5545693774078849
        ],
        [
          0.2735069721921561,
          -0.4524380961654609,
          0.8488190062083038,
          -0.6483011495817743
        ],
        [
          -0.0,
          -0.8824674729409567,
          -0.47037342527103043,
          -0.04116049822741552
        ],
        [
          0.0,
          0.0,
          0.0,
          1.0
        ]
      ],
      "metrics": {
        "coverage_iou": 0.2879692832764505,
        "trans_error": 1.2497471332179797,
        "rot_error": 0.26075290429032494,
        "soft_f1": 0.5739521706524456
      }
    }
  ],
  "vln_trajectory": {
    "points": [
      [
        0.35148727894534687,
        -2.1468740724107738,
        0.3311308622360223
      ],
      [
        0.35148727894534687,
        -2.1468740724107738,
        0.3311308622360223
      ],
      [
        0.35148727894534687,
        -2.1468740724107738,
        0.3311308622360223
      ],
      [
        0.35148727894534687,
        -2.1468740724107738,
        0.3311308622360223
      ],
      [
        0.35148727894534687,
        -2.1468740724107738,
        0.3311308622360223
      ],
      [
        0.35148727894534687,
        -2.1468740724107738,
        0.3311308622360223
      ],
      [
        0.35148727894534687,
        -2.1468740724107738,
        0.3311308622360223
      ],
      [
        0.35148727894534687,
        -2.1468740724107738,
        0.3311308622360223
      ],
      [
        0.35148727894534687,
        -2.1468740724107738,
        0.3311308622360223
      ],
      [
        0.35148727894534687,
        -2.1468740724107738,
        0.3311308622360223
      ],
      [
        0.35148727894534687,
        -2.1468740724107738,
        0.3311308622360223
      ],
      [
        0.35148727894534687,
        -2.1468740724107738,
        0.3311308622360223
      ],
      [
        0.35148727894534687,
        -2.1468740724107738,
        0.3311308622360223
      ],
      [
        0.35148727894534687,
        -2.1468740724107738,
        0.3311308622360223
      ],
      [
        0.35148727894534687,
        -2.1468740724107738,
        0.3311308622360223
      ],
      [
        0.35148727894534687,
        -2.1468740724107738,
        0.3311308622360223
      ],
      [
        0.35148727894534687,
        -2.1468740724107738,
        0.3311308622360223
      ],
      [
        0.35148727894534687,
        -2.1468740724107738,
        0.3311308622360223
      ],
      [
        0.35148727894534687,
        -2.1468740724107738,
        0.3311308622360223
      ],
      [
        0.35148727894534687,
        -2.1468740724107738,
        0.3311308622360223
      ],
      [
        0.35148727894534687,
        -2.1468740724107738,
        0.3311308622360223
      ]
    ],
    "color": [
      108,
      147,
      125
    ]
  },
  "images": {
    "start": "images/start.png",
    "target": "images/target.png",
    "context": [
      "images/context_0.png",
      "images/context_1.png"
    ],
    "renders": {
      "iperceive": "images/render_iperceive.png",
      "nbv_l": "images/render_nbv_l.png",
      "vln": "images/render_vln.png",
      "vlm": "images/render_vlm.png"
    }
  }
}