{
  "dataset": "replica",
  "data_name": "office_2_20260504_094918_219884",
  "instruction": "Look at the checkered cushion on the middle ottoman from above",
  "target_2d_coord": null,
  "fov_rad": 1.0471975667402222,
  "gt_cameras": [
    {
      "label": "start",
      "pose": [
        [
          -0.6980634852677263,
          0.13860071365924062,
          -0.7024935677349826,
          1.8488080875751536
        ],
        [
          0.7160358723806199,
          0.1351218576743786,
          -0.6848610903261698,
          3.159872391950497
        ],
        [
          -1.074511134633289e-17,
          -0.981087114252233,
          -0.19356671782159718,
          0.3210041505992422
        ],
        [
          0.0,
          0.0,
          0.0,
          1.0
        ]
      ],
      "color": [
        0,
        0,
        0
      ],
      "visible": false
    },
    {
      "label": "context_0",
      "pose": [
        [
          -0.9991226143553263,
          -0.009498804258830585,
          0.040789432384335356,
          -0.6085344017426959
        ],
        [
          -0.041880851812287956,
          0.22660639196513188,
          -0.9730855952109608,
          3.8188822236425373
        ],
        [
          -3.5411812093766315e-09,
          -0.9739401292808786,
          -0.22680538562003494,
          0.3210041477617478
        ],
        [
          0.0,
          0.0,
          0.0,
          1.0
        ]
      ],
      "color": [
        0,
        0,
        0
      ],
      "visible": false
    },
    {
      "label": "context_1",
      "pose": [
        [
          0.9269807468365798,
          -0.07408007461747745,
          0.36772114042597503,
          -2.199284745004384
        ],
        [
          -0.37510889141567194,
          -0.18306897086303658,
          0.9087238706909777,
          -0.17782400261697084
        ],
        [
          -2.5290519678478063e-11,
          -0.9803050028805552,
          -0.1974895004008308,
          0.3210041431735033
        ],
        [
          0.0,
          0.0,
          0.0,
          1.0
        ]
      ],
      "color": [
        0,
        0,
        0
      ],
      "visible": false
    },
    {
      "label": "context_2",
      "pose": [
        [
          0.9955368323311713,
          -0.016598112570829576,
          0.09290251279569517,
          -0.5282113330168403
        ],
        [
          -0.09437358350522307,
          -0.1750917915358035,
          0.9800186111034025,
          -1.377047524703769
        ],
        [
          4.03933675396928e-09,
          -0.984412186248112,
          -0.17587673357566505,
          0.32100411407599067
        ],
        [
          0.0,
          0.0,
          0.0,
          1.0
        ]
      ],
      "color": [
        0,
        0,
        0
      ],
      "visible": false
    },
    {
      "label": "context_3",
      "pose": [
        [
          -0.7490913637085767,
          0.1360213367041585,
          -0.6483520094045799,
          1.6077764154397602
        ],
        [
          0.6624666949744594,
          0.15380759469047442,
          -0.7331310328169548,
          1.7147564423267254
        ],
        [
          1.1798422759612404e-09,
          -0.9786937433957563,
          -0.20532554638241016,
          0.3210041462590353
        ],
        [
          0.0,
          0.0,
          0.0,
          1.0
        ]
      ],
      "color": [
        0,
        0,
        0
      ],
      "visible": false
    },
    {
      "label": "target",
      "pose": [
        [
          0.3535004802826034,
          0.6103124232327952,
          -0.7089119437236102,
          -0.6542821221265729
        ],
        [
          0.9354343223974968,
          -0.23063697684873993,
          0.2678977312100847,
          1.3123258288088835
        ],
        [
          -1.4548421856108718e-08,
          -0.757842557336543,
          -0.6524374780905338,
          0.12680416445103215
        ],
        [
          0.0,
          0.0,
          0.0,
          1.0
        ]
      ],
      "color": [
        144,
        238,
        144
      ],
      "visible": true
    }
  ],
  "algorithms": [
    {
      "key": "iperceive",
      "paper_name": "I-Perceive (Ours)",
      "color": [
        255,
        102,
        31
      ],
      "pose": [
        [
          0.04612488594495545,
          0.5944199615923722,
          -0.8028308784147216,
          -0.010849396057448946
        ],
        [
          0.9947816171241752,
          0.045885690715976146,
          0.09112699164364663,
          1.6011744759370474
        ],
        [
          0.09100615130416784,
          -0.8028446049433521,
          -0.5892015414557775,
          -0.12372900709367557
        ],
        [
          0.0,
          0.0,
          0.0,
          1.0
        ]
      ],
      "metrics": {
        "coverage_iou": 0.5914467697907189,
        "trans_error": 0.7484692749497829,
        "rot_error": 0.34008430702024467,
        "soft_f1": 0.8635053942204035
      }
    },
    {
      "key": "nbv_l",
      "paper_name": "NBV+L",
      "color": [
        30,
        85,
        230
      ],
      "pose": [
        [
          0.7071067811865479,
          0.05744452375419666,
          -0.7281440624935037,
          -1.8954958233445853
        ],
        [
          0.7071067811865472,
          -0.0574445237541967,
          0.7281440624935044,
          1.241471964599134
        ],
        [
          0.0,
          -0.9961946980917454,
          -0.08715574274765808,
          -0.617860218243766
        ],
        [
          0.0,
          0.0,
          0.0,
          1.0
        ]
      ],
      "metrics": {
        "coverage_iou": 0.05813953488372093,
        "trans_error": 1.4491916740142565,
        "rot_error": 0.7356398311610759,
        "soft_f1": 0.22688039457459927
      }
    },
    {
      "key": "vln",
      "paper_name": "VLN+P",
      "color": [
        20,
        107,
        58
      ],
      "pose": [
        [
          0.48895382806075216,
          -0.4361548331798973,
          0.7554423310343099,
          2.3723557015259473
        ],
        [
          -0.8723096663597942,
          -0.24447691403037616,
          0.42344643637825985,
          2.6228454876650313
        ],
        [
          2.7755575615628914e-17,
          -0.8660254037844387,
          -0.4999999999999997,
          0.3210041505992421
        ],
        [
          0.0,
          0.0,
          0.0,
          1.0
        ]
      ],
      "metrics": {
        "coverage_iou": 0.0,
        "trans_error": 3.303893575888699,
        "rot_error": 2.273469848737477,
        "soft_f1": 0.0
      }
    },
    {
      "key": "vlm",
      "paper_name": "VLM",
      "color": [
        0,
        200,
        209
      ],
      "pose": [
        [
          -0.15778909004493705,
          0.7366896439278655,
          -0.6575644239101027,
          0.34788288195688244
        ],
        [
          0.9874728366202236,
          0.117716239120826,
          -0.10507275567176184,
          2.543250650413327
        ],
        [
          0.0,
          -0.6659063414450136,
          -0.7460353506525792,
          0.20058334977037617
        ],
        [
          0.0,
          0.0,
          0.0,
          1.0
        ]
      ],
      "metrics": {
        "coverage_iou": 0.38320825515947465,
        "trans_error": 1.5890105202672185,
        "rot_error": 0.5357238522601564,
        "soft_f1": 0.6575322392068064
      }
    }
  ],
  "vln_trajectory": {
    "points": [
      [
        1.8488080875751531,
        3.1598723919504965,
        0.3210041505992421
      ],
      [
        1.8488080875751531,
        3.1598723919504965,
        0.3210041505992421
      ],
      [
        1.8488080875751531,
        3.1598723919504965,
        0.3210041505992421
      ],
      [
        1.8488080875751531,
        3.1598723919504965,
        0.3210041505992421
      ],
      [
        1.8488080875751531,
        3.1598723919504965,
        0.3210041505992421
      ],
      [
        1.8488080875751531,
        3.1598723919504965,
        0.3210041505992421
      ],
      [
        1.8488080875751531,
        3.1598723919504965,
        0.3210041505992421
      ],
      [
        1.8488080875751531,
        3.1598723919504965,
        0.3210041505992421
      ],
      [
        1.8488080875751531,
        3.1598723919504965,
        0.3210041505992421
      ],
      [
        1.8488080875751531,
        3.1598723919504965,
        0.3210041505992421
      ],
      [
        1.8488080875751531,
        3.1598723919504965,
        0.3210041505992421
      ],
      [
        1.8488080875751531,
        3.1598723919504965,
        0.3210041505992421
      ],
      [
        1.8488080875751531,
        3.1598723919504965,
        0.3210041505992421
      ],
      [
        1.8488080875751531,
        3.1598723919504965,
        0.3210041505992421
      ],
      [
        1.8488080875751531,
        3.1598723919504965,
        0.3210041505992421
      ],
      [
        2.3723557015259473,
        2.6228454876650313,
        0.3210041505992421
      ],
      [
        2.3723557015259473,
        2.6228454876650313,
        0.3210041505992421
      ],
      [
        2.3723557015259473,
        2.6228454876650313,
        0.3210041505992421
      ],
      [
        2.3723557015259473,
        2.6228454876650313,
        0.3210041505992421
      ],
      [
        2.3723557015259473,
        2.6228454876650313,
        0.3210041505992421
      ],
      [
        2.3723557015259473,
        2.6228454876650313,
        0.3210041505992421
      ]
    ],
    "color": [
      108,
      147,
      125
    ]
  },
  "images": {
    "start": "images/start.png",
    "target": "images/target.png",
    "context": [
      "images/context_0.png",
      "images/context_1.png",
      "images/context_2.png",
      "images/context_3.png"
    ],
    "renders": {
      "iperceive": "images/render_iperceive.png",
      "nbv_l": "images/render_nbv_l.png",
      "vln": "images/render_vln.png",
      "vlm": "images/render_vlm.png"
    }
  }
}